4042.5744003088957
4082.4989783934234
4126.289492736136
4158.341618803996
4211.480669916502
4231.091510208022
4261.737841272906
4284.230561320527
4334.3471531766345
4373.849992760269
4426.2158566211365
4459.111459690784
4520.052673069807
4591.748218221601
4778.929822867899
4902.920942130412
5028.599015396497
5041.532329423878
5119.343082838618
5168.264748942195
5242.139276348601
5287.96819344563
5352.775343082838
5370.1369113695955
5399.307157681355
5414.911482214393
5474.236031339994
5520.697556188362
5580.232974564409
5603.709751114115
5639.135785189119
5659.871261483019
5716.595089853115
5761.229081197613
5815.141319561754
5809.096401048958
5809.7290088002965
5795.24932026964
5829.410138841966
5853.44923339286
5869.686165677237
5838.969544862204
5798.27177952604
5758.417491191661
5751.739964927522
5740.282735653265
5725.311018871568
5671.539360007722
5630.490145920813
5579.530077062921
5565.823575783902
5548.602586997443
5527.796820953393
5461.654166063357
5391.012967163795
5324.870312273758
5309.89859549206
5291.412391202922
5282.8370416847665
5231.455234325981
5177.402416461541
5107.885853564361
5058.1207104589985
4999.991087085928
4936.800601702141
4843.66668275496
4748.6349405537585
4655.852470357321
4611.710507263865
4576.143893688563
4548.027993629036
4499.10632752546
4461.431021445694
4432.120195633637
4420.311517608636
4403.512267323069
4386.22098878646
4348.194233955951
4321.554418649549
4305.247196615024
4327.810206412794
4348.545682706695
4377.153611017263
4372.373908007144
4379.613752272471
4380.457229274257
4418.273114854321
4450.114371671735
4505.6432742893
4534.602651350612
4593.435172225172
4656.977106359703
4777.383448364625
4898.211528870442
5030.988866901556
5125.247421851119
5224.074810560355
5316.857280756794
5449.915777788504
5568.002558038516
5691.85309780073
5769.523271715173
5856.120243898516
5931.822304808792
6042.45837154303
6145.15169651045
6249.672554981741
6298.313062084721
6354.544862203776
6394.820889039046
6481.34757147224
6550.7235548691215
6631.837926540858
6663.3277346075265
6700.721881686698
6725.112424988336
6798.354344643404
6864.848448284184
6934.7867496822555
6954.959907974968
6984.833051788214
7012.597503096998
7085.066235500427
7153.17700339463
7223.1855945428515
7242.7261450842225
7264.726836880803
7276.324645655357
7335.860064031404
7382.040429879176
7433.914265489005
7439.396866000611
7443.051933008351
7439.256286500314
7484.7337548465985
7533.233682449281
7579.203179046607
7571.049568029345
7559.381469504641
7556.359010248244
7601.203870843187
7647.524816191258
7700.171839052721
7693.705182039031
7688.433450777869
7677.04651125376
7731.8022266196895
7779.5289669707345
7821.42165805943
7801.178210016572
7782.973164728028
7759.426098428175
7785.85504448413
7809.120951783389
7827.6774458226755
7787.893447238445
7745.789886899304
7699.539231301383
7696.587061795132
7674.72694949885
7633.255996911048
7526.204707434401
7399.7534469166785
7259.103656868897
7140.243689367247
6997.766365815597
6826.610824203228
6593.670592210049
6343.4390816802625
6093.418440400921
5879.315861447626
5671.4690702575745
5457.507070804576
5236.2349373361
5041.180880673134
4890.409366603922
4812.317454188586
4781.6008333735535
4777.0319996138805
4752.500876811944
4719.675563492447
4681.156780410895
4678.626349405538
4661.756809369822
4651.213346847499
4599.831539488715
4558.430876651061
4512.742539054331
4502.550525282752
4493.483147513554
4509.930949048377
4500.160673777692
4513.93746480686
4510.985295300609
4547.81712437859
4567.357674919961
4580.501858197789
4542.756262367875
4498.473719774121
4443.366555657448
4413.633991344498
4379.613752272471
4357.542770725743
4305.879804366363
4274.671155300288
4245.782067989124
4270.242901040913
4296.671847096867
4339.618884437795
4371.741300255804
4411.7361680904805
4461.2201521952475
4539.733803111477
4628.509757549432
4717.566870987982
4764.942162588285
4814.496436443201
4860.114484289782
4937.644078703927
4996.757758579081
5052.778689447689
5065.219975224029
5080.191692005727
5085.182264266293
5116.742362083111
5126.512637353798
5129.816255610793
5098.1858680438245
5073.44387599144
5039.63450616986
5036.120018662419
5021.5700403816145
5007.371510851554
4947.344064224464
4893.2209566098745
4823.774683462844
4788.067490387246
4734.647280274145
4688.888652927265
4610.585871261484
4540.928728864005
4473.661437971589
4433.385411136316
4391.492720047622
4367.523915246875
4323.100793152823
4301.100101356244
4273.687098798205
4300.256624354457
4317.688482391364
4343.133371945236
4333.714545425294
4333.0819376739555
4324.436298405651
4345.87467220104
4364.220296989881
4398.8028540630985
4407.729652331997
4439.500619399264
4472.817960969803
4563.140289911033
4654.2358061038985
4767.613173093939
4844.5101597567445
4932.934665443957
5011.448316360184
5120.327139340702
5215.42917129205
5300.690638222565
5337.803626301142
5360.647795099507
5364.724600608138
5388.90427465933
5397.339044677189
5390.450649162604
5335.132615795486
5280.166031179111
5205.448026770919
5159.970558424634
5097.482970542336
5056.222887204981
4979.888218543366
4916.978892160175
4864.331869298711
4851.679714271925
4824.899319465226
4790.808790643048
4737.88060878099
4698.448058947503
4654.16551635375
4627.033672796307
4591.677928471452
4555.478707144812
4481.112151487363
4393.671702302235
4286.409543575141
4199.742281641649
4100.071415930627
4015.091108000708
3926.3151535627526
3888.639847482986
3876.55001045739
3892.2246247405765
3910.4296700291197
3924.136171308139
3913.0303907846264
3902.2760590118573
3881.048554466915
3900.729684508584
3909.5159032771858
3918.5129912962343
3915.3499525395378
3916.7557475425133
3919.91878629921
3935.101372331355
3950.8462763646894
3983.1092716829967
3992.598387953087
4009.5382177389515
4021.0657367633576
4057.897565841338
4087.067812153097
4110.966327203694
4103.375034187622
4084.115642646846
4061.8337918496713
4055.437424586129
4029.5707965313645
3997.729539713951
3926.3854433129018
3862.000032176585
3786.016812265714
3737.7277539134775
3680.7227665427868
3636.58080344933
3567.8374278037877
3519.1266309506573
3464.4412053348774
3435.833277024309
3407.8579564650804
3390.63696767862
3355.9841208552534
3326.040687291858
3299.6820309860523
3304.1102852454273
3308.8899882555465
3318.5196840259346
3302.212461991409
3285.5537912061395
3260.8820889039052
3266.153820165066
3268.3328024196794
3279.438582943192
3270.8632334250365
3264.0451276606013
3257.297311646316
3265.3806329134295
3277.5407596891746
3290.263204466111
3288.8574094631335
3287.0298759592647
3276.837862187686
3283.937126952717
3284.780603954503
3295.9566742281645
3278.2436571906624
3278.103077690365
3261.3038274047976
3275.0103286838166
3271.2849719259298
3287.240745209711
3272.4096079283104
3269.387148671912
3255.5400678925944
3269.105989671316
3276.556703187091
3289.279147964027
3277.751628939621
3269.8088871728046
3257.6487603970595
3266.2241099152147
3272.5501874286088
3279.7197419437875
3276.134964686198
3269.176279421465
3256.7349936451246
3259.1951349003334
3263.342230159113
3270.019756423251
3259.1248451501847
3255.399488392297
3250.2683366314336
3260.6712196534586
3262.850201908071
3280.8443779461686
3273.9559824315843
3275.924095435752
3266.7161381662568
3284.2885757034605
3297.221889730843
3317.2544685232565
3308.1168010039096
3309.3820165065886
3305.6566597487013
3331.945026304358
3348.8848560902225
3368.425406631594
3372.923950641119
3382.483356661358
3390.004359927281
3409.3340412182056
3427.6796660070468
3450.1723860546686
3456.287594317615
3466.6904773396404
3471.2593110993134
3494.3846388982743
3518.072284698425
3547.312820760333
3558.418601283846
3568.8917740560196
3579.7866853290866
3621.6793764177814
3666.1024985118333
3722.685747381631
3761.555979213926
3801.12910854771
3837.0471708737555
3896.863748250398
3954.5716331225763
4013.4041539971363
4038.7084640507105
4066.543205109642
4087.559840404138
4132.053252248339
4171.345222581528
4208.739369660699
4217.806747429895
4229.193686954003
4230.388612706533
4259.347989767846
4271.086378042699
4295.476921344338
4280.153755811895
4278.185642807729
4260.542915520376
4275.16318355133
4282.33273806651
4296.390688096273
4271.929855044485
4252.811043004007
4221.602393937931
4221.883552938527
4213.097334169925
4209.23139791174
4179.287964348344
4141.682948018727
4099.509097929437
4075.61058287884
4048.26787007095
4024.7208037710957
3969.332480653828
3910.2890905288223
3835.289927120035
3784.4704377624403
3727.184291391155
3670.601042521357
3584.496098589057
3500.288977910774
3415.730408481748
3361.0449828659694
3305.3755007481063
3250.6900751323265
3185.74234599482
3126.5583763695163
3070.6780250012066
3026.957800408642
2987.1738018244123
2958.0738452628025
2915.197097672024
2879.9819328474673
2844.3450295220173
2833.379828498802
2809.762472448799
2795.001624917548
2761.9654423476036
2747.204594816352
2722.8843412648616
2723.516949016201
2712.832906993581
2710.9350837395627
2688.4423636919414
2678.8126679215534
2663.1380536383676
2659.904725131522
2649.2909728590507
2646.5496726032466
2637.7634538346447
2633.0540405746738
2623.424344804286
2618.152613543125
2615.9736312885116
2614.8489952861305
2610.842479527648
2605.289589265891
2592.7077239892533
2586.592515726306
2583.851215470502
2586.311356725711
2581.3910742152934
2574.2215197001146
2568.598339688209
