6936.656017725276
7053.473189363227
7163.753414237333
7257.1003989896535
7373.35305607172
7441.483592958153
7519.850074710007
7588.02234613559
7703.67314723201
7810.992416381101
7942.959225730813
8048.789230798622
8213.093718326172
8425.116159986
8797.357497445984
9142.974395482404
9480.088430305514
9665.769788097077
9864.294401173645
10012.195018260216
10196.685843408626
10340.84353129977
10493.403040888392
10558.2673009476
10634.01329295172
10691.20059436186
10819.576036789906
10934.618392236594
11065.282644653862
11131.699868880416
11206.611170101518
11264.84183499043
11388.246474150137
11491.886514189877
11602.01737334492
11602.33367722059
11622.451921645996
11616.235671867209
11703.080854730762
11761.774992659712
11816.888746440463
11779.813099791658
11728.576265042555
11670.870576725067
11677.187868019691
11680.39264131554
11673.890839426773
11597.354087733482
11530.19223146629
11455.707061855466
11447.972992784404
11425.29356558795
11396.11013994804
11289.430068214364
11178.888453331885
11072.283064457743
11043.995833132232
11022.572835219687
11014.217141170748
10930.559159165501
10832.60380266905
10700.775376264943
10601.627290570652
10481.370314284795
10338.80952165484
10136.451920640475
9922.123096553887
9723.269000273502
9604.661636561448
9512.535936217964
9442.116589342311
9336.02080115675
9247.98508565005
9169.405538093057
9134.135459401195
9093.044510775135
9046.58957559084
8956.489098673519
8890.087250329809
8855.62550376466
8897.805943518028
8954.14976792638
9013.661024200816
9018.80315873514
9024.812932372863
9035.855012810303
9108.347907315347
9194.716437810706
9313.618139851505
9411.674537863795
9555.992574247468
9739.852988199234
10024.66705580224
10322.106919775726
10627.823401829239
10861.914628481105
11092.924088899885
11312.09631608266
11587.212594719822
11846.397262174816
12097.314097768554
12273.466801305565
12445.927096405072
12612.039348444263
12837.502508265361
13056.06189668903
13259.544133705778
13367.781562716185
13475.399563303406
13560.463340311626
13724.161578744148
13864.169974821823
14021.151149005746
14092.706114657243
14169.936977633253
14228.793660609428
14370.875604316489
14505.405792991938
14646.701370119217
14698.691623127728
14764.63878465017
14830.465135664528
14973.293907966921
15115.110068556232
15254.389208476116
15307.721556401533
15355.437313979115
15391.682662954292
15511.524490403333
15622.536167989936
15735.522548244773
15758.823600419111
15774.008383005945
15782.520032438028
15882.171129156815
15988.646921304118
16079.56012345753
16073.646998226262
16067.184734321954
16081.266846453333
16195.452545570084
16300.887170793309
16416.390802725356
16416.959710390624
16405.421208592757
16398.655820140935
16518.55475801197
16645.32012585067
16745.841058227554
16722.1841641931
16692.664665685286
16659.8349592564
16717.659261527264
16770.1744911072
16817.991290200625
16752.696505421758
16691.388467409146
16619.00100752933
16626.897621647604
16595.056364830194
16526.982938365756
16329.075557157683
16095.256703287645
15824.61041344901
15592.625682746919
15309.841231679455
14956.112457164918
14486.864674835495
13957.877194543655
13428.922662572199
12937.109673890309
12454.102672969253
11940.462520311468
11401.067763888219
10901.553654455654
10510.920564558295
10305.362583357464
10228.463400139966
10207.279826688866
10145.521494964363
10049.964776191739
9958.54197334974
9920.8315223949
9886.251161876373
9830.474048578597
9711.31095652943
9586.430232616598
9479.47998465579
9432.1859655791
9415.588798325212
9429.763165753657
9427.147069115306
9450.779801048151
9475.37242738147
9549.50834479624
9597.514047593193
9608.630810890167
9514.888446293256
9386.76560765481
9234.15997041765
9121.955563633219
9008.85715908908
8907.760729382853
8762.010539339897
8666.847003857167
8606.727301933008
8662.330887410108
8737.437681998812
8853.000620907542
8957.466565511526
9086.23958433885
9245.379971785154
9459.456192082149
9694.105343625817
9914.630648498965
10065.758004428304
10202.216768123466
10334.183577473177
10513.42463690735
10672.536469142657
10809.122633009958
10869.997949748218
10902.221407082068
10927.275309900737
10984.289083490197
11021.41085778754
11024.0247578712
10954.196284207734
10877.1389490524
10796.463888319093
10769.988814614606
10733.018602591019
10672.615545111572
10534.02831991972
10380.961406197212
10217.447678358834
10098.521814216421
9963.728038977912
9812.888431713243
9607.167905465196
9397.998788350473
9203.71572238445
9058.740916147823
8929.17494107663
8827.298734454691
8711.784119749187
8636.16333136252
8588.89347438744
8629.547308629762
8684.498517363292
8738.311910766288
8737.896761929473
8729.855175201508
8722.474751435884
8762.814478357228
8812.529100704669
8883.657934745888
8934.361006704798
9036.228427107972
9180.157673311134
9427.86314594495
9698.245849220524
9996.403986578343
10241.866776871471
10485.00121919092
10718.962849115947
10984.748163420853
11229.681584033175
11427.125492201201
11533.495849723282
11591.258648462766
11621.867638097881
11665.434103861997
11687.542426838494
11648.753467529808
11532.76659356549
11365.562653844298
11178.493073487298
11023.442670877776
10870.21760521743
10728.361906643659
10511.105075152436
10316.059804708242
10180.668566593466
10129.719480509035
10033.1303810311
9897.126304157215
9759.158507388549
9672.260607212382
9581.094801269368
9483.435979656355
9366.65614944817
9228.596097382435
9039.703376630949
8780.118936221985
8478.944929271842
8174.032386235663
7859.518702640092
7557.633011969691
7295.509354336598
7178.46593756536
7173.87953136815
7209.18695148978
7270.78054161237
7292.19914641553
7282.007132643951
7228.301370420872
7166.171820953395
7210.713557000822
7235.257859130911
7248.766670487638
7237.69823139389
7222.107086189007
7241.333529409399
7257.148723192884
7317.141024944899
7403.533717541871
7468.551736429523
7516.203793921035
7574.922093951605
7667.928612726645
7768.183761985782
7823.183294922539
7816.88357606545
7769.734529598437
7718.108904668822
7656.207796889329
7569.566893612144
7430.309719239184
7218.95722676046
6970.858570836751
6708.451557648375
6468.772295859678
6235.744201678812
6006.902740741185
5758.953450536545
5526.041773754365
5300.743355535179
5108.175798783724
4931.5003152299805
4775.382387040074
4630.1132424747
4513.282891508597
4438.591245756711
4411.628536910566
4398.653488344036
4374.4760108475375
4321.227132000421
4253.6281613494875
4189.892930402048
4159.086250844639
4149.023833799898
4149.797021051534
4145.324835698316
4137.746722010397
4142.425383504678
4162.552414148852
4193.642449261547
4213.385082834595
4215.75955845681
4203.825676814357
4189.0143085251875
4186.262025495922
4184.801316625642
4183.250549012984
4157.783693912192
4142.1639934963105
4124.846356303397
4134.302524253107
4136.633068781478
4148.762443791533
4130.4497673230735
4118.889299978284
4103.891224540282
4119.719597651919
4134.84726981676
4148.248449993568
4137.259086868738
4121.257185936422
4103.836310672977
4108.6094240190205
4117.683391452296
4122.605870517405
4113.61317560774
4093.595972698171
4075.5820276678423
4072.456330340911
4079.90045419261
4081.3853251645037
4063.109990125811
4045.3332730022335
4038.9720506137637
4050.304076270569
4063.9995947761295
4083.320489848289
4088.98979750873
4098.942386818865
4114.81029791496
4158.81387806281
4211.5158147915745
4262.831725509594
4291.422081382625
4324.216642936436
4367.1263388475945
4440.181551353829
4517.807794174428
4592.06452209727
4648.92673341297
4699.594660496804
4761.64952710475
4835.458157870392
4920.018923854112
4991.670537912062
5048.438297376001
5094.849301466446
5154.072809076209
5233.16195732178
5328.745034750714
5416.686298405651
5491.861186189811
5562.535333409754
5659.256226169216
5794.280639650401
5961.906317872484
6134.274357674921
6294.528398350148
6437.212198042861
6600.130659559664
6780.678669035668
6977.237365662758
7138.416155863379
7257.963644983672
7345.188831808967
7439.104724226553
7545.358664349952
7663.878165874318
7748.302745467127
7793.542985906657
7803.627368498322
7825.825750217195
7870.74968678106
7921.309982684977
7951.046940107306
7943.8290613889
7919.214469508667
7898.694255574599
7902.5492090593225
7923.293471571987
7924.114983026851
7884.421043184997
7818.300353841884
7763.234924264364
7731.4156329938705
7715.5652943353125
7667.482712124137
7592.705400739258
7475.756435819779
7374.629254347862
7276.843032562705
7192.286659688372
7075.052142658914
6924.629880785754
6732.655393801181
6549.232094233153
6375.629590693728
6213.866516944995
6013.595642888169
5792.41137160738
5550.930934971121
5336.828356017826
5148.706625963287
4987.000662636549
4812.864396306934
4647.1650965498675
4475.939265187349
4336.2010453368075
4207.54664046286
4106.318417475101
4009.3756726917327
3913.2522428085335
3816.1249874310233
3732.3264259254797
3677.274175676112
3624.8775600495524
3575.859245539521
3511.0696683398514
3458.4314316971563
3407.0935554322127
3381.89468000386
3355.9555656442553
3334.545747059865
3294.51134124073
3261.497124217709
3229.2121633524807
3210.163641062151
3194.7328443497922
3181.0988293756127
3159.5791830566145
3138.1386127065357
3118.3893894694115
3106.8113496870865
3100.7181069710605
3091.2751183495056
3081.5202189616625
3063.9917125182983
3047.4494591317102
3036.020785068453
3032.914856733752
3029.1389792179466
3019.105117384204
3003.0570888033544
2987.990920169896
