6976.338974793669
7095.040790357484
7206.542299640428
7300.954613418442
7417.699298751548
7486.732619616451
7564.8750527897055
7634.519015859033
7750.9364145430145
7859.560437179239
7992.043436881605
8098.180959606318
8263.102679002362
8476.895543744065
8851.561877584178
9200.691066573354
9540.144432143605
9729.021777012245
9929.712193015264
10079.55895755908
10265.466560483934
10411.480337089948
10566.084839096964
10632.416397690524
10708.713724922372
10766.379875255405
10894.465372464083
11010.067849357272
11142.030265597603
11209.800567514525
11285.228059088286
11343.493868852262
11467.454236349085
11572.30897113358
11683.114172579117
11683.566662845702
11703.924331732553
11697.580681781625
11785.16830013112
11845.12765356275
11902.075530511442
11865.896078177035
11814.255077364578
11756.338519796647
11763.672815913736
11766.85342710797
11761.017181290925
11684.082853198352
11617.793029143942
11542.943231454221
11536.164663674244
11514.934962574605
11486.320444599958
11378.73758888781
11268.253084427335
11162.38573792976
11136.475178781153
11115.199350032983
11106.826083546504
11022.434452274081
10924.716323684383
10793.507325703462
10694.354846899785
10574.515216005439
10432.356392884149
10230.200874901464
10015.639216017507
9816.802692174655
9698.74446713564
9606.109166103577
9535.428429219564
9428.961423291024
9341.58906730135
9262.7151814156
9226.957467582084
9185.646863486814
9139.910201686862
9049.912962840068
8983.183827847226
8947.872014616214
8991.258362895574
9047.870166976372
9108.451145385881
9112.62899241035
9118.922121603362
9129.039452515406
9202.408772342615
9288.577416360984
9408.357740278649
9506.067082649584
9651.32744099619
9835.84901791029
10122.086452953808
10420.813497976897
10727.47449854803
10961.963301599177
11192.289633508693
11411.879206082982
11687.702775331016
11948.466765609664
12199.311114898563
12376.467643929887
12549.279387780138
12716.727145072155
12942.30232918255
13161.619528975012
13365.958422321695
13474.33643083241
13581.7106138488
13665.445475268274
13829.7851076709
13970.940105297874
14129.597250711908
14202.164828076484
14279.659277615565
14339.609844828427
14481.28542591744
14616.815046977814
14758.435714199528
14811.405630600742
14876.911284630049
14943.014401535625
15087.229199848764
15229.945947861866
15370.448568745276
15423.258136653954
15471.865695436556
15507.70907490307
15628.730452221798
15740.005716371446
15854.817433575454
15879.150866455093
15895.688726732295
15904.279452133298
16004.956339893333
16111.14218682128
16202.558399999207
16196.122494751202
16191.13411904533
16205.257965715855
16321.012004882803
16427.193458701357
16544.138030511447
16544.673989856336
16533.689019840887
16527.833005031614
16649.612193719124
16777.344045622365
16878.917127696794
16854.324501363477
16826.518315515543
16794.46838600237
16853.7577902529
16905.776598472414
16954.513753981857
16888.25468169313
16827.539713447393
16753.58830662676
16764.059282844235
16731.88634626831
16664.93316269687
16465.029113273642
16231.331069911676
15959.9687032434
15728.289293643515
15444.338472034526
15089.485061517611
14618.530556192383
14087.790225256205
13557.412325844229
13064.971122520394
12581.425965699766
12065.65076188121
11524.738186165681
11023.07804279888
10631.700320860884
10425.145103829816
10347.468340251302
10326.291356464279
10263.720299503677
10167.770397441156
10075.477758941068
10037.198400320964
10003.083709397173
9946.663005574594
9827.427427220586
9701.38033276622
9593.371345443798
9546.022412499802
9528.880499682258
9543.6720989792
9540.032407854307
9564.223064678963
9588.618001089982
9663.423867685859
9712.11050243737
9723.132813882585
9628.366854799138
9498.469199969433
9345.597779614525
9233.030941305888
9119.407560190326
9017.520370794924
8870.491785921136
8773.674244755217
8712.438693047445
8767.97857843847
8844.46041626446
8960.948104698587
9066.65510270364
9195.948704993003
9355.91939011294
9571.335508772143
9807.001665138281
10029.11727560854
10180.613652726162
10317.975200399795
10450.952424907897
10630.845861085641
10791.359095214537
10928.287921613815
10989.481738782437
11021.573402834752
11046.785457591259
11104.895311972103
11142.403679895267
11145.01977653362
11075.197892534228
10997.589222151166
10917.085492683851
10889.986597446792
10853.88841763599
10792.749514334671
10654.34679973696
10499.977329082007
10336.435046032631
10216.990794982868
10081.792853681005
9930.05924865663
9722.831885889767
9512.248187553292
9316.449498849688
9170.547746532973
9040.131704795922
8937.091324187139
8820.131376494197
8744.113011708256
8697.368131304604
8738.500814469813
8793.517919844104
8847.90681057644
8847.520216950621
8839.944299817394
8832.847231607057
8873.76904552182
8923.92956847177
8994.748688301399
9046.692813661375
9149.148910722042
9294.73875227247
9544.153144456775
9817.035526972022
10117.39900524076
10363.617410347992
10608.034640607657
10843.34934822305
11111.537693361168
11357.821995109161
11556.53551188925
11663.580211701823
11721.435265738372
11751.374306192383
11795.351527683926
11817.308288386661
11778.675284461118
11660.73567337548
11493.301095411618
11304.577509371427
11148.479350173753
10993.86606194797
10851.656718068762
10633.587161341444
10436.39146385363
10299.822872423863
10247.727184790127
10151.03484724166
10013.196647199833
9874.87300857104
9787.160186604082
9695.921894356225
9596.613460169414
9478.100548309123
9337.9933072703
9147.668432859531
8885.026388319095
8580.41696983043
8271.049813878568
7952.749269993726
7646.411162962338
7380.432551844526
7261.689001741561
7258.398562812719
7294.38252177953
7357.5488450617
7379.402367693903
7370.288862276172
7315.79453691861
7253.429956099074
7299.75749111122
7326.1139508623355
7340.554101408533
7329.889828378145
7314.661114697465
7335.350463342831
7351.220570993614
7413.167806421639
7500.625828044304
7567.155076560161
7615.165172466498
7675.093774132441
7769.987133388034
7871.832588244281
7927.917219198959
7921.5801589121065
7874.2224397493455
7822.399124897442
7760.803338220157
7673.195950878421
7531.2304245700425
7316.161361552197
7063.731099775568
6796.267617685859
6551.468186909761
6313.594493078012
6079.643845926444
5826.179006889812
5587.163104618144
5356.20855806667
5156.592257308107
4972.887798739482
4809.2752259399595
4658.321397831297
4536.236888041571
4458.8940007762585
4429.949999597793
4416.768474890198
4390.576756740996
4335.227971608186
4264.378100012872
4198.654987069036
4165.15533145905
4153.904578325854
4153.990243958849
4150.229742325887
4143.191981092237
4147.960701328896
4168.735715607257
4200.183789134775
4220.818223912835
4223.856059052079
4212.269233050986
4197.102022901689
4193.991701457603
4192.5793167905495
4190.949473208974
4164.880762122531
4148.4131915954795
4131.080178519719
4140.143163179532
4143.262270842387
4154.5833137257305
4136.189364733661
4123.46252684734
4108.7543966287
4124.609128396643
4139.471017443734
4152.850232073622
4142.001448449091
4126.489379213123
4109.628625396177
4114.632376984896
4123.4757061754935
4127.868815559795
4118.173223148642
4098.156020239072
4080.726358756856
4077.5237820156995
4085.343516719757
4085.2644407508396
4066.598118976943
4047.8878661092035
4041.4585505252794
4052.59288625979
4066.692570828705
4087.263305520697
4094.0726250663643
4105.149850378881
4121.933724781603
4167.960331800927
4223.008188940909
4277.054417141272
4308.162024691506
4343.098227070162
4389.004023581415
4464.717067265152
4545.592014475441
4622.262756004954
4682.3407233899625
4734.956994485737
4799.4390540285085
4875.209208134241
4962.759485053976
5036.267187826794
5094.967915419824
5143.6940881557975
5205.248140293934
5286.5536122238855
5383.865378195537
5474.152562261693
5551.5613461677685
5624.322220345256
5724.021641267274
5861.877413746643
6033.0922623357
6207.184597571474
6371.078329371591
6515.936718209534
6682.158797983335
6864.413530455138
7063.8101757444865
7226.939506511738
7347.81591122078
7435.743995547564
7530.887762038064
7638.753973305501
7758.712218153228
7843.2422323712535
7888.860280217836
7897.890316557266
7920.5236161051835
7965.394835356431
8016.849129020058
8046.904586872755
8039.669135716812
8013.571869419368
7993.168072883981
7997.088923009472
8019.175280439046
8019.050076821593
7978.6356670407185
7911.392538249916
7855.6681422647525
7822.427680108438
7806.603700106186
7757.827006612293
7682.166680241166
7563.467061232041
7461.55131662564
7362.932600612159
7277.095636352305
7157.98745817044
7005.71569724649
6811.362341530316
6625.722718277909
6449.260300529305
6284.347367352028
6080.127087958718
5855.043932099362
5609.453741634085
5391.617019704136
5199.523918766191
5034.707633995368
4857.135956127224
4688.466914426368
4514.053882205543
4371.242682340687
4239.776687460785
4135.666584716925
4036.549250788326
3938.945343042616
3840.2739097165245
3754.7290872307217
3698.1897694547683
3644.9167285060407
3595.237251033673
3529.2307825345506
3475.6699929211536
3423.4886396544243
3397.2178455363023
3370.439647284294
3347.8744409318338
3307.9059317534643
3273.666037212221
3241.168010541853
3220.6631724906306
3205.394920825493
3191.0030944825226
3169.7448381718873
3148.0384847040546
3128.4737720610683
3116.3158418400185
3109.7327674276457
3099.6154365156035
3090.0011166280588
3072.643941450682
3056.073132853095
3044.635672571066
3041.061878086937
3037.119062414526
3026.509703251441
3010.6220231631196
2995.997362022786
