6968.174381002948
7086.2963061280325
7197.815387848511
7292.21891540776
7408.566024341587
7476.055167257912
7554.0196795011
7623.676821898575
7741.038739100183
7849.48923391573
7980.823435514104
8087.130092950106
8252.675633878724
8467.015440738776
8841.031594390013
9189.099847462878
9527.94696393809
9715.64915204643
9915.87609500941
10064.877185996747
10250.499236811622
10396.071505924512
10550.315772962016
10616.38594154721
10692.283495825088
10749.892535736122
10878.63919590714
10994.112076073492
11125.755991883458
11193.414269511084
11268.75170234246
11327.412891951028
11450.584696313366
11555.153878987885
11665.486821174609
11665.827287151891
11685.89281426469
11679.300953633545
11766.288912552089
11826.450349015393
11883.073135869645
11847.427446325435
11795.555807270304
11738.034629546959
11745.004297585152
11748.758209554035
11742.559532212787
11666.042549511722
11599.164048799814
11524.573444563763
11517.305045087436
11495.185739337481
11466.90070456666
11359.76374945702
11249.200169027625
11142.95940823238
11116.161440988139
11095.713713358908
11087.083449973446
11003.074019217462
10904.874845150183
10773.553822879969
10674.361806091832
10554.421133681644
10411.928434247147
10209.915692319451
9995.457271506026
9796.038660669756
9677.009558456813
9584.459923057742
9514.574338972285
9408.917861725145
9321.791519860994
9243.10873423347
9207.660734611549
9166.33255807874
9120.811158638613
9030.21206380617
8963.476339149249
8928.098629277474
8970.742542070884
9027.018273283784
9086.336232745312
9091.221370380654
9097.854965550949
9109.367108692508
9182.663942214878
9268.799637912867
9387.92099542288
9486.016931419634
9631.193820687939
9815.618749195586
10100.858948408866
10399.061016860529
10705.170682203934
10939.507922981322
11170.132986328972
11389.78186587995
11665.35722444777
11925.321668818477
12177.235740242451
12354.36591061747
12527.195226905256
12693.19765120984
12919.218735922745
13138.250383605226
13341.989617520956
13450.317105273747
13557.629784758756
13642.976917322267
13806.905793997457
13948.091543390126
14105.49225952025
14177.587577626013
14255.28630675146
14315.15560144071
14457.318817671381
14591.662299198002
14733.322504404174
14785.879468523264
14851.712409201698
14917.264190879549
15061.107771449713
15204.503254862682
15344.893851456785
15398.0021508036
15445.60588409189
15482.259792239813
15602.486016759985
15715.13412759223
15829.113350567915
15853.960777245518
15869.617819091169
15877.433160685841
15977.354433631772
16084.078436459291
16176.307374873302
16170.192166610359
16163.780423463975
16177.653862899597
16292.641304478975
16399.813404463694
16516.0550787723
16517.173125110607
16505.693930289428
16500.033408847754
16620.7977892675
16748.002468044626
16849.786419369502
16826.8412090553
16797.16575516434
16765.003801361865
16823.443138946535
16876.995142341173
16925.424780193716
16859.703863804567
16799.830176005922
16726.632187444688
16736.079569175625
16703.236683418592
16635.38730553276
16435.4920423283
16202.450768819283
15931.404706026677
15700.658832170951
15416.02048894332
15062.359807624243
14590.871539508827
14061.159196168575
13529.918050762586
13038.078703424397
12553.918511289963
12039.140543301643
11498.53109213363
10997.336618361567
10605.93473432196
10399.616745197645
10322.48472718278
10300.958491199703
10238.848710724455
10143.327136826907
10052.033930711748
10014.237814123919
9979.525660323865
9922.944608008755
9803.014918372026
9677.484014270316
9569.784741159487
9522.800436294388
9505.269733296334
9520.122836124656
9516.746731562818
9541.26247848191
9565.723311533699
9640.570912668727
9688.87974001319
9699.396843879207
9604.687995217753
9475.091268380873
9321.954064908214
9209.582719967182
9096.370094579052
8995.256092435286
8848.24727655373
8752.363271131975
8691.27488858858
8746.821363643678
8822.936376836076
8939.002326769309
9044.35787602362
9172.963956694339
9332.809438196826
9547.412831619928
9783.041646556303
10004.764073736666
10156.864503394629
10293.701074496837
10426.006153269142
10605.319699008158
10765.035583783805
10901.988572284698
10963.292217187927
10995.074167028652
11020.707960286049
11077.917227243108
11116.363524019818
11118.645744344962
11049.54213372991
10971.847797713854
10891.216668074396
10863.614761812833
10827.213457454514
10766.390858028864
10628.51970966665
10474.727932895732
10311.352588002957
10191.860012749969
10056.192008743988
9904.664879860678
9697.942724673007
9488.481465784222
9293.32856416011
9147.424615288704
9017.028342543881
8914.119755216627
8797.86490157987
8721.479712160337
8674.50419351401
8715.25247960809
8770.495830115673
8824.592579073951
8825.302066239517
8817.734935325057
8810.54561181765
8850.722793691775
8900.918461516801
8972.326258003925
9024.219862605982
9126.621045799347
9271.376196566758
9519.584680225073
9791.72243069968
10091.402780459159
10337.86719969191
10581.943963974292
10817.036819565777
11083.825959364998
11329.83569177647
11527.70133844539
11635.341304579533
11692.66698893528
11724.01621750165
11766.939092740964
11789.743723554871
11750.671408690898
11634.238634124073
11466.39549698747
11277.887173307108
11122.04381445372
10967.623823040849
10825.33320663803
10607.931402537124
10411.816409957848
10275.676146693053
10223.468434770019
10126.396093259811
9988.755583140273
9850.10905097173
9762.910222802737
9671.88279980533
9572.965352353718
9455.51557296443
9316.12440875525
9125.898379305627
8863.860387305534
8559.975831865278
8252.289040252908
7933.799592664544
7628.3906282679345
7362.939190276239
7244.670095986777
7241.094104947956
7277.297719383981
7340.479418548998
7362.6294760646415
7353.131573575782
7299.645466821919
7237.496148362214
7284.298139187864
7309.775977062119
7324.293007022542
7313.048843553424
7298.114468201493
7317.738487821166
7334.555310544267
7395.52727568898
7483.514666992453
7549.466221624276
7598.43621193108
7658.529555198933
7753.594245720513
7854.576454582745
7911.043286053857
7904.194428523733
7858.282042348405
7805.909588823463
7744.920051241216
7656.7635252264445
7515.997317779979
7301.200627543963
7050.191536653154
6783.615462659072
6540.355816722171
6303.411265525203
6070.901558251685
5818.950145397944
5581.405934770017
5351.789090026064
5153.695001669161
4971.317262134596
4808.853487439067
4658.784870871343
4538.1962148269695
4461.6309079226785
4432.5397375798375
4418.312652838779
4392.138507127115
4336.78313233023
4266.4802028532595
4200.533041330825
4168.17779071545
4156.577785386204
4156.562409503359
4152.083634486063
4145.27651149509
4150.335176951112
4170.84440811172
4202.729596022975
4223.482644754412
4227.0564392385395
4214.643708673198
4199.939971563942
4195.968600680535
4194.815409467156
4192.4475235090185
4167.19812732275
4150.912870835146
4133.017539758199
4141.685144573425
4144.729569376746
4157.080796410708
4138.719795739019
4125.916078438472
4110.911413336392
4126.994586792321
4142.550587122131
4155.956160408325
4144.896507533346
4128.52997852213
4111.3287587279
4116.464303598149
4125.896309446244
4130.20155664286
4120.578450536547
4100.455813001754
4082.9163237849293
4079.8060023408434
4087.208391653392
4087.570823177597
4068.9703980444665
4050.934487467217
4044.59523062567
4055.129906929223
4068.4959422309585
4088.3791553043084
4095.2082438422044
4106.959811445212
4124.411438474347
4171.209036190616
4225.628678688644
4279.457447974484
4310.018113406374
4344.837898386344
4389.887038567658
4465.075105679972
4545.093396560323
4621.641131027077
4680.748221238156
4733.368885443314
4797.4511720321125
4872.830339402642
4960.343274892611
5033.2886596642375
5092.064070116801
5138.699122785849
5199.633746500797
5280.198979499494
5377.728204385669
5466.809479925832
5543.506580111652
5615.676581076949
5714.407321379732
5851.074757770645
6021.1715600213965
6195.670257875218
6358.525019305951
6502.502589712341
6667.373788350466
6849.189209883841
7047.292084459514
7209.450538052835
7329.643814252619
7417.11940831282
7512.761792718439
7619.740595890248
7739.744968386505
7823.5391367826605
7869.491060942448
7878.837401157547
7901.549776674386
7946.355099284872
7997.75887219058
8027.476060620686
8019.955057354763
7994.360802081824
7973.686829319303
7977.434151624111
7999.193222404555
7999.267905264089
7959.1961580151865
7892.205633013979
7836.940316959473
7803.629565053013
7787.4914777297845
7738.604956501283
7663.7617484756365
7545.2049055215
7442.878405187668
7343.949974962593
7258.038327843203
7139.4199813576915
6987.655624567628
6793.985397360716
6608.888323117267
6432.546715876731
6268.077486747268
6063.934086768185
5839.351745378638
5594.552314602536
5377.9061253157315
5186.862977520635
5022.132358382806
4844.907736156024
4676.080542517334
4503.475274808147
4361.8106764925915
4231.768049053205
4127.96766052094
4029.3840893825327
3932.157989043872
3833.664476647844
3748.56775131924
3692.3623098564944
3639.3660347989767
3590.246678773107
3524.9343215567023
3471.5931874125217
3419.7391207949236
3393.73191323986
3367.590715848575
3344.553250237302
3304.2574544098006
3270.021952977943
3238.0445097696156
3218.54789032209
3202.7129275463776
3188.540756672622
3166.6257305090344
3145.3015775576364
3125.3239126325266
3113.2955791383124
3107.2638399536695
3097.708827042817
3087.8528861391355
3069.816975561885
3053.237380745529
3042.230445183161
3039.4540000522825
3035.5397395908694
3024.8161595837937
3008.216795775215
2992.8936302427765
