7014.163646592506
7132.896213922005
7245.282934745883
7340.707860236983
7458.610129892854
7527.630271429608
7606.87537505832
7676.429279385266
7794.353514588062
7903.6540760694725
8037.305642868062
8144.313001250865
8310.513115477741
8526.564038442975
8904.230865992564
9256.171644987693
9598.717759564488
9789.604951976447
9992.360129390094
10143.505057756971
10330.754755598726
10478.27756527825
10633.426812848915
10700.219647927826
10777.077096606174
10835.615279151983
10964.814429589585
11081.045121124733
11213.76315217916
11281.775075112217
11357.659450061945
11416.755557499559
11541.22552568496
11646.998420330778
11758.370332886881
11759.503755108031
11779.558299447366
11773.733036403784
11861.595224089806
11922.474933937447
11979.192172643467
11942.997344426209
11891.60016118458
11834.441414985442
11842.59282944801
11846.511483018809
11841.211196546647
11764.450396274755
11698.744855768457
11624.76709029152
11619.15049994369
11598.17340263365
11569.888367862828
11462.876616370644
11352.394308464856
11246.794941639719
11220.866810053572
11200.680472432708
11193.302245221777
11110.022070623583
11012.169952197662
10881.213558006342
10782.329058875108
10662.812321520507
10519.946207788344
10316.95819557733
10101.816646254645
9902.821970473962
9784.414493238895
9692.40081718471
9621.513604159627
9514.743473683577
9426.422206066896
9347.102419578649
9311.762051136639
9271.14336176939
9225.34080332867
9134.664829082007
9066.683657914635
9032.380063287317
9075.746642574444
9133.47649299355
9193.12832876828
9197.965142200397
9203.878267431666
9215.570528057984
9289.133144698106
9376.28584521856
9495.666396182249
9594.452050352336
9740.272530145441
9926.338285008127
10213.597117983496
10514.151696510451
10821.757215599211
11056.95770237061
11287.822190179702
11508.3057605137
11785.256162318808
12046.494608410962
12298.210989912643
12475.48393634265
12648.429670029122
12815.684130508229
13041.973194893575
13262.182195891051
13466.82201723056
13575.922692234983
13683.32323390768
13767.589661562655
13931.837038668213
14073.523602530695
14232.679365859842
14304.877922036138
14382.521737294272
14441.800158771339
14584.844193433564
14720.749425346306
14864.032884469978
14916.6645314486
14982.87527953409
15048.604982142002
15194.003723434209
15337.247644573421
15478.587152794536
15531.752562563344
15580.243703947262
15617.429178330678
15738.531828173014
15851.830119194141
15966.189346131572
15990.35364429992
16006.454390193385
16015.003381055236
16117.593467952125
16224.987419960746
16318.518915307208
16311.588785253472
16305.506525310906
16319.298692222923
16436.52442303361
16544.302772113366
16662.35660404299
16662.73441145004
16652.338118092095
16646.00105780524
16769.208007042656
16897.625184009845
17002.1833839109
16977.331564123913
16949.206877845616
16914.740738171084
16974.805526227934
17027.41301110494
17078.294003993917
17012.00857304889
16952.095347265793
16877.41248773268
16888.298612786977
16855.62705829593
16788.36855362228
16587.11362306337
16352.949910106663
16080.399207349934
15849.049280953875
15564.483424031087
15210.102272772981
14738.791925587628
14207.730897666392
13675.747316774456
13181.676269869038
12696.299186435159
12179.662933177278
11636.340736964463
11132.301724866064
10738.907565720674
10532.003096493556
10454.1967361882
10432.031302789706
10368.704631015009
10272.163855740298
10179.728441185222
10141.662148370257
10107.062018859502
10050.02408316843
9929.083978373312
9802.946825176567
9694.546851118941
9647.290173472016
9629.908836193028
9644.44343859099
9641.484679420662
9665.877419276994
9691.414564127934
9766.681707209165
9815.601176758051
9826.230304913368
9730.934976149105
9599.78308859018
9445.536624997987
9331.596940006757
9216.987305834418
9114.245656663768
8965.079824074519
8867.888868610937
8805.77908813569
8861.81100177776
8938.650878018569
9056.212681697156
9163.630795807394
9293.792037200159
9455.49141086282
9672.056327626016
9910.053028520522
10133.660099626753
10287.241007147228
10424.63111003186
10557.806024462252
10738.024550734432
10900.090749030678
11037.729062595521
11099.559880624865
11130.689453722027
11156.567064550252
11214.375990938273
11252.802518722756
11256.220357823744
11186.51269466834
11108.607489401838
11027.231727721735
11000.260232656821
10964.190608057017
10902.933090802324
10763.458457514842
10608.484934319546
10443.44020786074
10323.596183857006
10187.027592427241
10034.698721081293
9825.876659607928
9613.507162306742
9415.575618997054
9268.568999670188
9137.287515384423
9033.18619885934
8915.376184500541
8838.723015408565
8792.307618208732
8834.198112742735
8890.012567470281
8944.95279343035
8944.937417547504
8937.146238054445
8930.003042195576
8970.610748789359
9021.709200592853
9093.426711291568
9145.364246987467
9249.417239309332
9396.443627628427
9648.037002067345
9922.489921187474
10224.757812374308
10473.3375137756
10719.314297866693
10956.111679899288
11225.393909274098
11473.58482049488
11672.77059653378
11781.434157154463
11838.23486493878
11869.775193763367
11912.660727572918
11935.867327895488
11896.322753772702
11778.088804358316
11608.319288756693
11418.385401081134
11261.793017077724
11106.714059257205
10962.778223389963
10742.380318688965
10543.053963149767
10405.090559490483
10351.887808291907
10253.890717256307
10113.93284193655
9973.867335436882
9885.669074882959
9793.932164719985
9694.518295907941
9575.416707390155
9435.353397445177
9242.807806240648
8977.437640772558
8668.189098774072
8354.685830336892
8031.120144854965
7720.287886923437
7450.94854712663
7330.713536387696
7327.249569638175
7364.3142335135235
7429.022538189584
7452.0534141367825
7443.511012939009
7389.633919449941
7326.573030792992
7373.331090524799
7399.31633253294
7414.208973345722
7402.86816147015
7387.492278625096
7408.34417231768
7425.119260501633
7486.917130210597
7574.5157313335585
7642.119095093873
7691.339492635579
7752.689265187346
7847.93626974838
7950.517570426503
8007.313885101438
8000.880176408129
7953.197367150926
7900.082478140034
7836.953496287627
7747.628403176634
7604.450378678186
7385.989835215664
7130.499772752869
6859.381223655421
6611.438523114853
6369.14755779719
6130.711545964249
5872.506541901957
5628.757064268707
5392.475872588768
5188.211662101611
5000.3710910476675
4832.802523247581
4678.690049491611
4554.338695259583
4475.541688788067
4445.701493295205
4430.95382509211
4404.1822165041785
4347.120118711491
4275.6705876852175
4208.390117464648
4174.81577899513
4162.739121297686
4162.578772805158
4158.653529570285
4152.1319586892905
4157.561841888287
4178.459863229406
4210.514185851957
4231.669204092058
4235.269357232492
4223.06090625352
4208.245144854966
4204.102442705571
4202.742775351128
4199.997081985942
4174.517047556996
4157.357562301916
4139.044885833457
4147.828908047367
4150.809632764615
4162.686403985073
4144.571417438906
4132.308052592629
4117.549401616069
4133.445867923164
4148.44394336117
4162.288827585794
4150.440611576333
4135.027387301512
4117.722929436749
4123.521833824027
4132.448632092927
4136.909834672686
4127.236207808453
4106.876342366908
4089.1325735637147
4085.901441611561
4093.857362706532
4094.189042465047
4075.052657987031
4055.290255421752
4048.691805126531
4059.2176952113155
4073.9807392972593
4094.3581771763415
4101.784728590504
4113.358375263444
4131.141682051098
4178.477435666941
4233.988765846969
4288.841129619349
4320.664813999224
4357.399994670753
4404.426034075003
4481.826031762312
4564.829440469295
4643.824136863105
4705.466051188925
4759.898873015106
4826.454480187267
4904.94177244719
4994.848952551602
5070.432399508502
5131.000198589864
5180.514934460319
5243.501140257734
5326.38373845665
5425.799803823385
5518.028742237402
5597.196966451891
5672.233471290444
5774.47430599128
5914.790219725856
6088.985793032162
6266.691460736524
6433.7614106214905
6580.840516253197
6749.654530563736
6934.564897658352
7136.959840102485
7302.369194640188
7425.059953524946
7514.119263518188
7610.334948698456
7718.838160826616
7840.551452873368
7925.703092069278
7972.204154902104
7981.15511527262
8003.797201039306
8049.0396380335305
8100.913473643355
8130.894248636515
8123.067924268384
8097.1002546977825
8076.369171513267
8080.041810958542
8101.005728940426
8100.287455556092
8060.228887635341
7992.120316295831
7936.481585943659
7902.494295192014
7886.002562563347
7836.274760887752
7759.384363889025
7640.124623433403
7536.493369612433
7436.35244119729
7349.461130685198
7228.419984374246
7074.142769016359
6876.615391770033
6688.26302347282
6509.228440179711
6341.429234136946
6134.410544065832
5905.5449210265915
5656.743367601394
5435.190075132326
5239.953704429911
5071.734956440949
4891.650420004987
4719.952329383656
4543.228521626687
4398.038453030229
4265.22377356935
4159.4596651423
4058.8398878042703
3959.201970413629
3859.151100740865
3772.1016382909415
3714.628784770824
3660.1410490773374
3609.255663078977
3542.7813284304243
3488.1024924787234
3435.7629872741613
3408.6223574979485
3381.848552355323
3358.80010397059
3318.3088147754866
3283.8119233352627
3250.8723891717727
3230.81564827775
3214.5545538917613
3200.1144033455653
3177.7359041419318
3155.847236634649
3135.551071279177
3123.3492099642845
3117.2076430450347
3107.288002055286
3097.164081479162
3078.669090971252
3061.7424405135366
3050.535618474182
3047.2759313110305
3043.702136826901
3032.8335842101424
3016.4209275503963
3000.26087468025
