55376.14322149961
56438.449787936195
57491.807590556964
58394.360930788156
59466.18077559645
60334.571100700625
61371.643646833814
62244.38315022844
63292.032107204315
64091.14090076336
64825.53479998228
65233.19997496259
65467.35490170052
65525.77666684766
65535.0
65535.0
65535.0
65535.0
65535.0
65535.0
65535.0
65535.0
65535.0
65535.0
65535.0
65535.0
65535.0
65535.0
65535.0
65535.0
65535.0
65535.0
65535.0
65535.0
65535.0
65535.0
65535.0
65535.0
65535.0
65535.0
65535.0
65535.0
65535.0
65535.0
65535.0
65535.0
65535.0
65535.0
65535.0
65535.0
65535.0
65535.0
65535.0
65535.0
65535.0
65535.0
65535.0
65535.0
65535.0
65535.0
65535.0
65535.0
65535.0
65535.0
65535.0
65535.0
65535.0
65535.0
65535.0
65535.0
65535.0
65535.0
65535.0
65535.0
65535.0
65535.0
65535.0
65535.0
65535.0
65535.0
65535.0
65535.0
65535.0
65535.0
65535.0
65535.0
65535.0
65535.0
65535.0
65535.0
65535.0
65535.0
65535.0
65535.0
65535.0
65535.0
65535.0
65535.0
65535.0
65535.0
65535.0
65535.0
65535.0
65535.0
65535.0
65535.0
65535.0
65535.0
65535.0
65535.0
65535.0
65535.0
65535.0
65535.0
65535.0
65535.0
65535.0
65535.0
65535.0
65535.0
65535.0
65535.0
65535.0
65535.0
65535.0
65535.0
65535.0
65535.0
65535.0
65535.0
65535.0
65535.0
65534.969248234316
65534.969248234316
65534.969248234316
65535.0
65535.0
65535.0
65535.0
65535.0
65535.0
65535.0
65535.0
65535.0
65535.0
65535.0
65535.0
65535.0
65535.0
65535.0
65535.0
65535.0
65535.0
65535.0
65535.0
65535.0
65535.0
65535.0
65535.0
65535.0
65535.0
65535.0
65535.0
65535.0
65535.0
65535.0
65535.0
65535.0
65535.0
65535.0
65535.0
65535.0
65535.0
65535.0
65535.0
65535.0
65535.0
65535.0
65535.0
65535.0
65535.0
65535.0
65535.0
65535.0
65535.0
65535.0
65535.0
65535.0
65535.0
65535.0
65535.0
65535.0
65535.0
65535.0
65535.0
65535.0
65535.0
65535.0
65535.0
65535.0
65535.0
65535.0
65535.0
65535.0
65535.0
65535.0
65535.0
65535.0
65535.0
65535.0
65535.0
65535.0
65535.0
65535.0
65535.0
65535.0
65535.0
65535.0
65535.0
65535.0
65535.0
65535.0
65535.0
65535.0
65535.0
65535.0
65535.0
65535.0
65535.0
65535.0
65535.0
65535.0
65535.0
65535.0
65535.0
65535.0
65535.0
65535.0
65535.0
65535.0
65535.0
65535.0
65535.0
65535.0
65535.0
65535.0
65535.0
65535.0
65535.0
65535.0
65535.0
65535.0
65535.0
65535.0
65535.0
65535.0
65535.0
65535.0
65535.0
65535.0
65535.0
65535.0
65535.0
65535.0
65535.0
65535.0
65535.0
65535.0
65535.0
65535.0
65535.0
65535.0
65535.0
65535.0
65535.0
65535.0
65535.0
65535.0
65535.0
65535.0
65535.0
65535.0
65535.0
65535.0
65535.0
65535.0
65535.0
65535.0
65535.0
65535.0
65535.0
65535.0
65535.0
65535.0
65535.0
65522.6312005285
65320.19891665459
64060.187052041605
61876.17029407388
59510.96193610537
58458.55963477566
58578.256489615014
58824.606688003776
59276.238101702125
59348.76394452756
59432.95568932299
59059.77861956416
58561.64833958765
58904.5964236731
59005.38972883182
59004.51989317373
58970.890640836915
58943.956487201765
59324.65236367183
59377.47950401803
59872.27980708124
60666.27721787168
61584.4941896126
62352.21641317551
63083.3901632157
63695.9236012235
64296.725240620515
64600.67788925624
64683.53852190823
64567.25511306047
64306.69540236818
63672.600583502244
62646.961104541726
61018.98239789968
58883.397474339174
56262.2004359927
53479.64009685151
50510.73504040172
47636.81999161398
44768.63136090867
41984.067763888226
39274.8042582694
36665.789312245615
34126.56549845553
31832.136722332158
29794.21940660344
28127.420988887014
26832.308180293458
26035.73860395854
25610.788740105712
25313.20829663193
24882.27062468829
24315.10702384687
23617.53397093248
22980.425479028916
22501.29100403012
22266.200344993325
22141.222972674033
22156.699897034927
22192.70362499396
22357.607771952473
22571.495088545937
22848.748614898563
23001.87263904308
23044.49897939895
22952.292006531858
22857.18338491643
22761.475103870038
22691.67079230818
22568.694481313447
22403.788137800246
22219.042512307544
22124.799333240826
22104.951265042557
22147.305232616596
22151.245851734315
22056.855503503222
21972.380403152503
21932.576635576046
22000.61272061072
22087.640217513723
22121.618722046598
22097.40609967502
21986.956740089616
21928.32849880143
21911.880697266606
21955.166004030132
21919.34239355584
21823.74394024407
21655.15617106682
21544.9901670367
21457.534341968723
21466.122870815034
21392.43944366684
21270.073774876524
21089.85085549496
21017.799468483045
21062.172069819175
21194.347551864634
21363.154976511094
21498.513266305486
21683.318198774887
21977.546699788447
22426.155654230428
22954.6576959353
23481.964811887647
24004.527369704945
24541.648692021816
25174.948358089187
25933.352796648
26804.187887124543
27646.836787791402
28453.13270830317
29177.32141442235
29996.75932165726
30827.498502783277
31754.321575808037
32548.259679621766
33359.84051072284
34037.523760899814
34845.87785315814
35679.15405495359
36707.49749274017
37673.23912180044
38725.358067574845
39757.96282146419
41123.78052904338
42613.54981790063
44470.626982379275
46293.826683840896
48321.301578563136
50197.04945792509
52233.14582981403
54126.650657307306
56077.911693876005
57691.09001500233
59260.317473293435
60466.164495752695
61705.03012834437
62609.56256435317
63518.2289162926
64038.22589822946
64487.34884646942
64653.274391359766
64868.15455067409
64964.07370097091
65095.03668482631
65103.47365139887
65145.8847293949
65105.689975083245
65120.03567377767
65077.45326451565
65084.48223953053
64992.16543892884
64908.80618836172
64688.15567987112
64538.04532876422
64204.45237111263
63958.11095894264
63353.83437002266
62773.32889598114
61759.113697974484
60871.96699235404
59624.00323022747
58496.28106850394
56941.30485705552
55413.24522680471
53436.31744865823
51575.51712397637
49378.30566197291
47252.31309275304
44731.23501727482
42249.58070541131
39529.64853365269
37092.283354047024
34617.52622391686
32506.725026947897
30273.7272958999
28343.179770078186
26327.458639513654
24708.96245947762
23081.20780141417
21845.887408095634
20569.75942170633
19513.192452680316
18423.130221153693
17572.03337114082
16836.688363740206
16273.039250406227
15679.512600149616
15138.964652512994
14569.780221354798
14135.07106500475
13727.654100704664
13436.147130954681
13106.75178931979
12801.169297102499
12449.731529131876
12195.656047890823
11941.653052954614
11783.580191088695
11557.03412980437
11387.60508018003
11158.62743285149
11023.596429706226
10843.445996629502
10775.319852852454
10622.626353427613
10531.706561610115
10354.47534971926
10256.653983059028
10159.484993142365
10133.824841228661
10044.405296265908
9980.371333880335
9853.190817204819
9740.551492591341
