55372.894517109926
56433.45262601157
57485.13226084754
58389.72180727834
59460.48291272506
60329.9693186206
61365.96774950933
62237.795682706696
63282.58911858277
64083.881287505814
64818.25981084188
65231.93036635052
65466.38622108129
65527.261537819555
65535.0
65535.0
65535.0
65535.0
65535.0
65535.0
65535.0
65535.0
65535.0
65535.0
65535.0
65535.0
65535.0
65535.0
65535.0
65535.0
65535.0
65535.0
65535.0
65535.0
65535.0
65535.0
65535.0
65535.0
65535.0
65535.0
65535.0
65535.0
65535.0
65535.0
65535.0
65535.0
65535.0
65535.0
65535.0
65535.0
65535.0
65535.0
65535.0
65535.0
65535.0
65535.0
65535.0
65535.0
65535.0
65535.0
65535.0
65535.0
65535.0
65535.0
65535.0
65535.0
65535.0
65535.0
65535.0
65535.0
65535.0
65535.0
65535.0
65535.0
65535.0
65535.0
65535.0
65535.0
65535.0
65535.0
65535.0
65535.0
65535.0
65535.0
65535.0
65535.0
65535.0
65535.0
65535.0
65535.0
65535.0
65535.0
65535.0
65535.0
65535.0
65535.0
65535.0
65535.0
65535.0
65535.0
65535.0
65535.0
65535.0
65535.0
65535.0
65535.0
65535.0
65535.0
65535.0
65535.0
65535.0
65535.0
65535.0
65535.0
65535.0
65535.0
65535.0
65535.0
65535.0
65535.0
65535.0
65535.0
65535.0
65535.0
65535.0
65535.0
65535.0
65535.0
65535.0
65535.0
65535.0
65535.0
65534.876992937236
65534.876992937236
65534.876992937236
65535.0
65535.0
65535.0
65535.0
65535.0
65535.0
65535.0
65535.0
65535.0
65535.0
65535.0
65535.0
65535.0
65535.0
65535.0
65535.0
65535.0
65535.0
65535.0
65535.0
65535.0
65535.0
65535.0
65535.0
65535.0
65535.0
65535.0
65535.0
65535.0
65535.0
65535.0
65535.0
65535.0
65535.0
65535.0
65535.0
65535.0
65535.0
65535.0
65535.0
65535.0
65535.0
65535.0
65535.0
65535.0
65535.0
65535.0
65535.0
65535.0
65535.0
65535.0
65535.0
65535.0
65535.0
65535.0
65535.0
65535.0
65535.0
65535.0
65535.0
65535.0
65535.0
65535.0
65535.0
65535.0
65535.0
65535.0
65535.0
65535.0
65535.0
65535.0
65535.0
65535.0
65535.0
65535.0
65535.0
65535.0
65535.0
65535.0
65535.0
65535.0
65535.0
65535.0
65535.0
65535.0
65535.0
65535.0
65535.0
65535.0
65535.0
65535.0
65535.0
65535.0
65535.0
65535.0
65535.0
65535.0
65535.0
65535.0
65535.0
65535.0
65535.0
65535.0
65535.0
65535.0
65535.0
65535.0
65535.0
65535.0
65535.0
65535.0
65535.0
65535.0
65535.0
65535.0
65535.0
65535.0
65535.0
65535.0
65535.0
65535.0
65535.0
65535.0
65535.0
65535.0
65535.0
65535.0
65535.0
65535.0
65535.0
65535.0
65535.0
65535.0
65535.0
65535.0
65535.0
65535.0
65535.0
65535.0
65535.0
65535.0
65535.0
65535.0
65535.0
65535.0
65535.0
65535.0
65535.0
65535.0
65535.0
65535.0
65535.0
65535.0
65535.0
65535.0
65535.0
65535.0
65535.0
65535.0
65535.0
65524.928796736494
65323.386117512906
64064.20894368292
61878.56234213363
59513.05305617228
58461.10104855449
58580.34541312725
58827.25792951721
59279.68229945943
59352.32455968354
59437.93747536481
59064.60664677754
58567.352792123194
58908.813808682055
59009.71474502067
59009.89486250541
58977.70874660134
58952.2045500708
59334.416049278436
59387.660535016155
59881.109956943685
60672.62306437729
61592.36444507457
62360.993845725345
63091.29117044338
63697.22396160124
64295.181062671916
64599.15567685457
64685.18154481796
64564.540171460954
64302.51096567963
63670.56218074792
62651.35201737131
61023.904876964785
58885.69726710187
56262.49916743088
53481.44127169909
50513.05240560195
47639.30429497081
44769.71206581721
41983.999670692756
39274.89431701176
36665.30826676802
34126.4600638303
31831.407466174365
29793.57361952396
28125.679121016146
26829.21323473222
26032.28122687309
25606.876676198983
25309.680629796323
24878.25092960165
24309.639799218105
23611.245234848844
22973.728183772542
22496.392687066622
22260.667223723794
22137.31090876731
22151.816955954277
22189.162778830225
22353.041134747502
22567.965225155658
22844.471922912944
22996.267031468695
23038.304695167073
22947.138889224065
22852.979179235645
22756.06718621796
22685.09430755988
22560.980181234612
22395.366547110545
22211.92347855029
22118.141575968915
22098.89536375629
22140.500306180315
22145.16359179175
22051.963776203804
21967.41618954824
21928.251619387196
21995.48156884984
22082.364093143162
22115.815424549928
22090.820828707947
21980.43516920861
21921.66195531074
21905.523867987515
21947.680145639268
21912.175035595345
21817.103755409687
21648.452286146374
21537.655870919607
21450.36918056293
21459.2476546286
21386.04966606738
21263.547810886146
21083.10084292598
21010.093954622967
21054.119500317738
21186.35648589459
21355.091424236212
21491.25365304793
21676.864721089336
21971.249177486043
22419.76368007626
22947.685831342405
23476.596432220027
24000.386864110234
24538.505422257353
25170.67825576765
25928.948704490245
26800.693168609334
27645.507872202652
28451.017426134622
29175.133645948965
29994.37166670689
30826.773639734874
31754.77406607462
32549.678653952902
33360.631270412014
34038.27717915923
34847.000292605815
35681.04089543415
36709.70063709637
37674.745958319254
38727.3020184774
39760.934759962685
41126.02101482939
42617.18731247084
44473.90424197997
46298.942459718935
48325.97145383867
50200.37064861964
52235.094173825964
54126.52325713516
56078.320253048725
57690.65290061858
59260.07804883198
60466.53571349566
61707.19593127081
62612.62895470342
63514.59361827708
64029.79771787566
64477.987130371446
64649.75990385231
64867.06505954677
64963.10502035167
65089.699056924386
65096.380976297914
65136.40659589829
65099.924019016355
65114.282897038946
65074.18039802435
65079.70253652041
64990.03697743212
64907.14339645975
64684.35783680837
64530.293687255624
64194.55689222449
63951.72118134319
63349.17767407533
62770.25591596684
61756.9522881574
60874.20747814002
59627.721997321285
58500.10527022299
56943.10163879371
55412.373194591935
53432.81833703365
51569.18445679892
49370.74072761315
47243.691615586344
44723.968814353175
42241.609408433476
39520.33953486735
37080.91398696043
34604.46550971733
32494.39576546085
30260.22727076193
28330.31015613688
26314.69446019756
24697.336095492064
23069.300278428014
21833.639419132196
20556.749228264714
19501.190477842396
18411.74108507489
17562.43223058143
16827.93728984668
16265.041594772107
15671.684079226796
15131.882960185498
14562.775408441526
14128.509956139294
13720.220959626431
13428.540462055767
13099.219803280406
12794.476394955514
12443.15724093827
12188.71273850894
11933.793780266102
11775.859301345787
11549.57243351513
11380.121418343871
11151.130591687179
11015.888719291475
10836.441183716239
10768.033880938592
10614.91424990347
10523.700119757226
10346.752263421658
10248.737599948518
10151.821213821455
10126.396093259811
10037.183024438118
9974.00571838248
9846.344156229385
9732.808637301514
