55347.399106798126
56407.52229787072
57459.21511203485
58362.658056916356
59434.813974592566
60302.767185312965
61338.73266788132
62209.50405827179
63259.18043522853
64067.63117589329
64812.61246872836
65230.85405455136
65466.720097394485
65526.69702326367
65535.0
65535.0
65535.0
65535.0
65535.0
65535.0
65535.0
65535.0
65535.0
65535.0
65535.0
65535.0
65535.0
65535.0
65535.0
65535.0
65535.0
65535.0
65535.0
65535.0
65535.0
65535.0
65535.0
65535.0
65535.0
65535.0
65535.0
65535.0
65535.0
65535.0
65535.0
65535.0
65535.0
65535.0
65535.0
65535.0
65535.0
65535.0
65535.0
65535.0
65535.0
65535.0
65535.0
65535.0
65535.0
65535.0
65535.0
65535.0
65535.0
65535.0
65535.0
65535.0
65535.0
65535.0
65535.0
65535.0
65535.0
65535.0
65535.0
65535.0
65535.0
65535.0
65535.0
65535.0
65535.0
65535.0
65535.0
65535.0
65535.0
65535.0
65535.0
65535.0
65535.0
65535.0
65535.0
65535.0
65535.0
65535.0
65535.0
65535.0
65535.0
65535.0
65535.0
65535.0
65535.0
65535.0
65535.0
65535.0
65535.0
65535.0
65535.0
65535.0
65535.0
65535.0
65535.0
65535.0
65535.0
65535.0
65535.0
65535.0
65535.0
65535.0
65535.0
65535.0
65535.0
65535.0
65535.0
65535.0
65535.0
65535.0
65535.0
65535.0
65535.0
65535.0
65535.0
65535.0
65535.0
65535.0
65534.90115503885
65534.90115503885
65534.90115503885
65535.0
65535.0
65535.0
65535.0
65535.0
65535.0
65535.0
65535.0
65535.0
65535.0
65535.0
65535.0
65535.0
65535.0
65535.0
65535.0
65535.0
65535.0
65535.0
65535.0
65535.0
65535.0
65535.0
65535.0
65535.0
65535.0
65535.0
65535.0
65535.0
65535.0
65535.0
65535.0
65535.0
65535.0
65535.0
65535.0
65535.0
65535.0
65535.0
65535.0
65535.0
65535.0
65535.0
65535.0
65535.0
65535.0
65535.0
65535.0
65535.0
65535.0
65535.0
65535.0
65535.0
65535.0
65535.0
65535.0
65535.0
65535.0
65535.0
65535.0
65535.0
65535.0
65535.0
65535.0
65535.0
65535.0
65535.0
65535.0
65535.0
65535.0
65535.0
65535.0
65535.0
65535.0
65535.0
65535.0
65535.0
65535.0
65535.0
65535.0
65535.0
65535.0
65535.0
65535.0
65535.0
65535.0
65535.0
65535.0
65535.0
65535.0
65535.0
65535.0
65535.0
65535.0
65535.0
65535.0
65535.0
65535.0
65535.0
65535.0
65535.0
65535.0
65535.0
65535.0
65535.0
65535.0
65535.0
65535.0
65535.0
65535.0
65535.0
65535.0
65535.0
65535.0
65535.0
65535.0
65535.0
65535.0
65535.0
65535.0
65535.0
65535.0
65535.0
65535.0
65535.0
65535.0
65535.0
65535.0
65535.0
65535.0
65535.0
65535.0
65535.0
65535.0
65535.0
65535.0
65535.0
65535.0
65535.0
65535.0
65535.0
65535.0
65535.0
65535.0
65535.0
65535.0
65535.0
65535.0
65535.0
65535.0
65535.0
65535.0
65535.0
65535.0
65535.0
65535.0
65535.0
65535.0
65535.0
65535.0
65524.06994385186
65307.146988673834
64008.89530342518
61787.0143356742
59399.236378243826
58347.796167869295
58464.30801840502
58710.0893091285
59159.5263646894
59231.757869186076
59315.073188659364
58941.44802174335
58443.88005976804
58784.62499949724
58883.320594924946
58881.81815151552
58846.99177687147
58821.54908387231
59200.61950987019
59252.20340026063
59744.49743442008
60535.51192393856
61452.43073185644
62216.52644362262
62954.518299427255
63579.51498875828
64198.34594906846
64512.75639459353
64601.811311477395
64477.325967409146
64203.10807964106
63546.47001996957
62508.52544162362
60870.29102112394
58735.15199816596
56115.2970547364
53335.677902327974
50368.356561811226
47497.387092865654
44634.45921064805
41855.70110767894
39155.84764236128
36557.58043844619
34032.71989578809
31749.598983219912
29724.01092897823
28064.680797215125
26776.56621187075
25983.76372683287
25561.585915001528
25266.041677727368
24837.39720888234
24272.67837341328
23579.972885696698
22948.131731944915
22475.419982865973
22242.85755827984
22120.661024200817
22134.418046237755
22169.499221226088
22330.67142176263
22543.710868244932
22818.69315704587
22969.29992951317
23010.867530507432
22920.334332315757
22826.703992008155
22731.333980384356
22660.947581829078
22538.69393732805
22375.06379209099
22192.47518330599
22098.45824937256
22078.72879512767
22120.4150100753
22127.584564590477
22034.47920085429
21951.322033318862
21911.00866505383
21978.47144931385
22064.031647682492
22096.648288306227
22070.581773774476
21959.892989727636
21901.005554985768
21885.882275930315
21928.97648243562
21894.512539315776
21799.671897372787
21631.817777462715
21521.519980151064
21434.354100302455
21442.67025636694
21369.698512939005
21247.32186137523
21068.27849186335
20994.999230778518
21040.02420885822
21171.68789366041
21339.704558617694
21473.305604658362
21656.2522518582
21947.992056405554
22393.587337809906
22916.51891681548
23440.935366792957
23959.78794373521
24494.4710903438
25121.93011748475
25875.416470087843
26741.731051007937
27581.104888628794
28380.628831024664
29100.327779353087
29914.737772897668
30744.870704928642
31667.87177278906
32459.461759636877
33265.59513510144
33940.55905056952
34745.4008518751
35576.57934393956
36601.32702169507
37563.37624231785
38611.6468242716
39642.66566567322
41004.04852932896
42492.991913621954
44346.58094924947
46169.888281891006
48194.78222484997
50068.397249605834
52102.637532779896
53994.87494821581
55944.60059305469
57557.52631039143
59124.61871752177
60333.39374738567
61571.87058979681
62484.323802025516
63403.74448573772
63940.083834584184
64405.514004858655
64583.15597247693
64813.34831455024
64917.3200343485
65057.765544809925
65066.611070555206
65111.818362674356
65069.973995788896
65085.901213861674
65040.55993190631
65047.0815027873
64947.863127342855
64859.25850417087
64624.59617329905
64466.16527301832
64118.64396206379
63866.21370028714
63245.99671396622
62659.114641653374
61639.3970741429
60756.1228944447
59509.44411681305
58381.47594096401
56827.19164424361
55298.218247240875
53322.74019519121
51460.487947857844
49264.92390187347
47140.31076900027
44624.304538306234
42147.880223164735
39432.54763693148
36998.971514169774
34528.60529686923
32422.9725930909
30196.138394509064
28270.662713471527
26260.988697974477
24645.50399442139
23022.79482248581
21790.626485150515
20519.18155336487
19465.977509572534
18379.89104203871
17533.716671090948
16801.484181689113
16240.521454743634
15649.459338851617
15110.927828422384
14543.983883050181
14110.59046296073
13704.392586514792
13413.294175937546
13084.419417764695
12780.247113659769
12429.72970210515
12175.742083051786
11921.310759950604
11763.982530125324
11538.829084515824
11370.851957542996
11141.938010300533
11007.247473132556
10826.5742600391
10758.23505045691
10605.778778938815
10515.755181435716
10340.439365236416
10242.400539661658
10146.03988187171
10119.626311698603
10030.573591369439
9966.22552166289
9839.018646331066
9725.889490021236
