55501.92013972683
56560.431059655406
57612.28422231206
58518.76939544219
59594.13887263301
60465.402291274535
61502.933917338356
62378.57506948131
63426.04171241773
64218.48396248611
64925.77457335858
65294.510209529886
65491.356654821655
65529.95890698151
65535.0
65535.0
65535.0
65535.0
65535.0
65535.0
65535.0
65535.0
65535.0
65535.0
65535.0
65535.0
65535.0
65535.0
65535.0
65535.0
65535.0
65535.0
65535.0
65535.0
65535.0
65535.0
65535.0
65535.0
65535.0
65535.0
65535.0
65535.0
65535.0
65535.0
65535.0
65535.0
65535.0
65535.0
65535.0
65535.0
65535.0
65535.0
65535.0
65535.0
65535.0
65535.0
65535.0
65535.0
65535.0
65535.0
65535.0
65535.0
65535.0
65535.0
65535.0
65535.0
65535.0
65535.0
65535.0
65535.0
65535.0
65535.0
65535.0
65535.0
65535.0
65535.0
65535.0
65535.0
65535.0
65535.0
65535.0
65535.0
65535.0
65535.0
65535.0
65535.0
65535.0
65535.0
65535.0
65535.0
65535.0
65535.0
65535.0
65535.0
65535.0
65535.0
65535.0
65535.0
65535.0
65535.0
65535.0
65535.0
65535.0
65535.0
65535.0
65535.0
65535.0
65535.0
65535.0
65535.0
65535.0
65535.0
65535.0
65535.0
65535.0
65535.0
65535.0
65535.0
65535.0
65535.0
65535.0
65535.0
65535.0
65535.0
65535.0
65535.0
65535.0
65535.0
65535.0
65535.0
65535.0
65535.0
65535.0
65535.0
65535.0
65535.0
65535.0
65535.0
65535.0
65535.0
65535.0
65535.0
65535.0
65535.0
65535.0
65535.0
65535.0
65535.0
65535.0
65535.0
65535.0
65535.0
65535.0
65535.0
65535.0
65535.0
65535.0
65535.0
65535.0
65535.0
65535.0
65535.0
65535.0
65535.0
65535.0
65535.0
65535.0
65535.0
65535.0
65535.0
65535.0
65535.0
65535.0
65535.0
65535.0
65535.0
65535.0
65535.0
65535.0
65535.0
65535.0
65535.0
65535.0
65535.0
65535.0
65535.0
65535.0
65535.0
65535.0
65535.0
65535.0
65535.0
65535.0
65535.0
65535.0
65535.0
65535.0
65535.0
65535.0
65535.0
65535.0
65535.0
65535.0
65535.0
65535.0
65535.0
65535.0
65535.0
65535.0
65535.0
65535.0
65535.0
65535.0
65535.0
65535.0
65535.0
65535.0
65535.0
65535.0
65535.0
65535.0
65535.0
65535.0
65535.0
65535.0
65535.0
65535.0
65535.0
65535.0
65535.0
65535.0
65535.0
65535.0
65535.0
65535.0
65535.0
65535.0
65535.0
65535.0
65535.0
65535.0
65535.0
65535.0
65535.0
65535.0
65535.0
65535.0
65535.0
65535.0
65535.0
65535.0
65535.0
65535.0
65535.0
65535.0
65535.0
65535.0
65535.0
65535.0
65535.0
65535.0
65535.0
65535.0
65535.0
65535.0
65535.0
65535.0
65535.0
65535.0
65535.0
65535.0
65535.0
65535.0
65535.0
65535.0
65535.0
65535.0
65535.0
65535.0
65535.0
65535.0
65535.0
65535.0
65535.0
65535.0
65535.0
65535.0
65535.0
65535.0
65535.0
65535.0
65535.0
65535.0
65535.0
65535.0
65526.99355814711
65353.38885805298
64121.44676585097
61958.60918822497
59589.90830829594
58534.13868862317
58652.78559031968
58897.128137719796
59348.862789488696
59419.78734394357
59504.83354851425
59130.45057022944
58632.201676299526
58974.1920625392
59075.06005055745
59073.54442781986
59040.21830003056
59012.09581030696
59393.760367396266
59443.63753479093
59936.810190827266
60728.79116441029
61650.52262365865
62418.978496488744
63152.82984669868
63763.72245835144
64363.935421090944
64665.759608229964
64748.299543896894
64631.065026867436
64367.22366346509
63725.99443495906
62694.22217529805
61056.87735944867
58916.34140161206
56289.37181753462
53505.97019794632
50533.20140179305
47655.134864637126
44781.61519569397
41994.24879488632
39284.71511304037
36675.4717253286
34137.36376132214
31844.017886661994
29807.969838976296
28141.536049338767
26846.196995611917
26050.02499567627
25623.897778508457
25326.80057706694
24895.715735958936
24328.701500836585
23631.767645337608
22996.352697101695
22520.726119946263
22286.160437480892
22161.708041733025
22175.772581426863
22211.914692331513
22375.81501379571
22590.52603839873
22867.041522374788
23019.238600439206
23060.171397127433
22969.05391538765
22875.12923675129
22779.01239653217
22708.54472545328
22584.99072057451
22420.973981711635
22237.983403417962
22143.98843503145
22124.045914981416
22164.00783449571
22169.084072389272
22076.444378247823
21993.462935087762
21953.413153385776
22020.38390939476
22106.534980975597
22140.632099461847
22114.60512291455
22004.42374300159
21945.736194736706
21931.107140486987
21974.142040015602
21937.578190610064
21842.80783841723
21674.98666682755
21565.209452977946
21477.20229268225
21484.96491696431
21411.516521168178
21288.843334720954
21108.449084073396
21035.703585778752
21079.93780416928
21211.62565107309
21379.585205608382
21514.359211854666
21698.77535414354
21991.995636553405
22439.170240781405
22965.748100575962
23493.514296458965
24016.79293110591
24554.83680639349
25187.297388568466
25945.985182682565
26818.368844217057
27662.44550543382
28467.54869674775
29190.902712083916
30010.637154202268
30843.52236926252
31771.81493737633
32566.95016349727
33378.74625695819
34056.209851665946
34865.55898319981
35700.31566285776
36729.32246016137
37695.099234096735
38748.665709413275
39786.14022505511
41154.45321876459
42648.19387850523
44507.050252284535
46334.895666920056
48366.53083622925
50246.715756069345
52286.0454564651
54179.798494638606
56133.52406557189
57749.25697980519
59323.024716644955
60534.36532238928
61779.7349534244
62689.94987642181
63600.48329984958
64119.88281891018
64569.177098416105
64735.6759440811
64948.8208251886
65043.0969525757
65169.72174091412
65176.963781734135
65217.11240839726
65180.13121360022
65194.529629607256
65154.455685803674
65159.806493033764
65071.825691394355
64990.70473005853
64772.3078866821
64621.5341760582
64288.51891229065
64044.80018642308
63439.10023006258
62856.63762579032
61838.086428821356
60952.143435172205
59700.26321602954
58569.667960768675
57010.715985327464
55480.457603829826
53501.3332709912
51636.22550255803
49435.51492892995
47305.50925428752
44782.62341429767
42299.69290415802
39576.43954170487
37135.0458807938
34655.57055118491
32543.33061089259
30307.657476229553
28376.692605016335
26359.038506322697
24739.496766253196
23109.292949708
21873.414631497664
20596.625482146017
19539.64995394726
18447.230819235967
17595.261937010317
16858.04326845729
16293.684667957752
15699.228875066365
15158.700696421967
14589.441582404237
14154.76537437457
13746.693836776229
13455.312070643691
13125.161114194701
12820.015736361156
12468.013453834645
12213.61068594446
11958.259006427266
11800.658403820162
11573.635690167639
11404.973238130862
11175.257548425761
11040.885511688144
10860.467098938978
10792.217948099167
10638.48767485963
10548.270780543624
10371.243848239137
10273.824451087568
10175.768053075277
10150.371487724633
10060.65760443313
9997.322146439661
9868.97086611323
9754.916960278006
