55396.57776980067
56456.94038533472
57508.74302723344
58413.68621896969
59485.87947807566
60355.80299835495
61390.393437686
62264.82648474827
63314.22389925911
64115.773065081135
64844.396615123784
65243.785172024065
65469.64371168974
65526.03805685602
65535.0
65535.0
65535.0
65535.0
65535.0
65535.0
65535.0
65535.0
65535.0
65535.0
65535.0
65535.0
65535.0
65535.0
65535.0
65535.0
65535.0
65535.0
65535.0
65535.0
65535.0
65535.0
65535.0
65535.0
65535.0
65535.0
65535.0
65535.0
65535.0
65535.0
65535.0
65535.0
65535.0
65535.0
65535.0
65535.0
65535.0
65535.0
65535.0
65535.0
65535.0
65535.0
65535.0
65535.0
65535.0
65535.0
65535.0
65535.0
65535.0
65535.0
65535.0
65535.0
65535.0
65535.0
65535.0
65535.0
65535.0
65535.0
65535.0
65535.0
65535.0
65535.0
65535.0
65535.0
65535.0
65535.0
65535.0
65535.0
65535.0
65535.0
65535.0
65535.0
65535.0
65535.0
65535.0
65535.0
65535.0
65535.0
65535.0
65535.0
65535.0
65535.0
65535.0
65535.0
65535.0
65535.0
65535.0
65535.0
65535.0
65535.0
65535.0
65535.0
65535.0
65535.0
65535.0
65535.0
65535.0
65535.0
65535.0
65535.0
65535.0
65535.0
65535.0
65535.0
65535.0
65535.0
65535.0
65535.0
65535.0
65535.0
65535.0
65535.0
65535.0
65535.0
65535.0
65535.0
65535.0
65535.0
65534.98242756246
65534.98242756246
65534.98242756246
65535.0
65535.0
65535.0
65535.0
65535.0
65535.0
65535.0
65535.0
65535.0
65535.0
65535.0
65535.0
65535.0
65535.0
65535.0
65535.0
65535.0
65535.0
65535.0
65535.0
65535.0
65535.0
65535.0
65535.0
65535.0
65535.0
65535.0
65535.0
65535.0
65535.0
65535.0
65535.0
65535.0
65535.0
65535.0
65535.0
65535.0
65535.0
65535.0
65535.0
65535.0
65535.0
65535.0
65535.0
65535.0
65535.0
65535.0
65535.0
65535.0
65535.0
65535.0
65535.0
65535.0
65535.0
65535.0
65535.0
65535.0
65535.0
65535.0
65535.0
65535.0
65535.0
65535.0
65535.0
65535.0
65535.0
65535.0
65535.0
65535.0
65535.0
65535.0
65535.0
65535.0
65535.0
65535.0
65535.0
65535.0
65535.0
65535.0
65535.0
65535.0
65535.0
65535.0
65535.0
65535.0
65535.0
65535.0
65535.0
65535.0
65535.0
65535.0
65535.0
65535.0
65535.0
65535.0
65535.0
65535.0
65535.0
65535.0
65535.0
65535.0
65535.0
65535.0
65535.0
65535.0
65535.0
65535.0
65535.0
65535.0
65535.0
65535.0
65535.0
65535.0
65535.0
65535.0
65535.0
65535.0
65535.0
65535.0
65535.0
65535.0
65535.0
65535.0
65535.0
65535.0
65535.0
65535.0
65535.0
65535.0
65535.0
65535.0
65535.0
65535.0
65535.0
65535.0
65535.0
65535.0
65535.0
65535.0
65535.0
65535.0
65535.0
65535.0
65535.0
65535.0
65535.0
65535.0
65535.0
65535.0
65535.0
65535.0
65535.0
65535.0
65535.0
65535.0
65535.0
65535.0
65535.0
65535.0
65535.0
65522.63779019258
65324.978619664726
64071.270867018204
61892.87509250769
59528.86166029171
58475.8465202029
58595.10406410382
58840.79529608493
59293.57550788727
59365.39186354714
59450.38095769583
59076.52295598245
58581.19108668375
58924.79594062214
59026.57549883761
59026.16913621956
58993.79850972135
58968.80171732467
59350.58488836735
59403.39445627602
59896.68133315634
60688.76334825522
61607.06818218384
62374.32034304263
63109.632402122836
63720.008823422926
64317.58811708656
64615.20809854482
64695.619572715055
64582.14995042794
64325.07177892272
63693.094438780005
62666.46211709864
61032.983237507455
58896.633912914076
56273.200781890984
53491.1961710869
50521.68925865148
47647.69293734012
44776.54554746448
41988.48942848351
39276.59884345288
36667.92436340638
34129.212346859575
31834.41235299323
29796.013991786927
28128.70377682723
26832.59153584874
26035.593631348853
25608.41646103818
25310.420868727582
24877.662252944156
24309.87483057017
23611.66916990443
22975.004382048686
22497.130729443186
22262.163077469148
22137.442702048837
22151.955338899876
22188.30831905497
22352.898358692502
22567.330420849627
22844.7377060307
22995.810148092733
23037.465611274685
22946.238301800287
22853.205424368945
22756.695400859924
22685.988305319595
22562.1597311043
22398.215478546263
22214.519806196407
22120.62587932574
22099.864044375525
22140.012671038643
22145.457930120494
22052.34597672023
21968.488108238005
21927.840863659763
21995.738565748834
22082.56617617485
22116.43704952781
22090.970194427016
21980.64384190437
21922.395604577923
21906.718793740045
21950.24132841032
21913.712623879856
21818.62377125666
21649.930567454194
21540.590467988328
21452.148389863574
21458.742447049408
21384.679015939473
21263.38526583892
21084.348485991115
21011.00113171083
21054.879508241233
21186.91001767701
21355.682297448402
21491.0405872428
21676.236506447392
21970.57703175025
22418.544592222115
22946.87310610631
23476.752387603163
24002.530701489773
24541.057818809626
25173.942336040185
25933.36597597616
26806.434962574614
27651.816377278516
28456.561530177612
29180.8051501641
30001.077748182026
30834.990950838208
31762.325821106235
32556.06184188828
33365.845891251185
34043.671917483145
34852.105085710384
35686.831013602656
36715.791683257725
37680.797466496144
38734.76151821196
39769.05542265956
41136.806098367844
42627.454009101944
44484.144579954795
46309.03123541998
48338.753205592286
50215.882717855595
52250.518380874244
54140.69542800891
56091.43368456088
57704.65813333575
59274.992655191694
60483.631498664676
61723.89633659524
62631.59840102482
63540.791926090365
64062.311120428894
64507.17934223015
64669.056636822876
64878.66067176665
64973.2860513498
65102.09860816158
65110.10944312385
65151.46397831297
65112.38507378491
65127.35679056661
65085.59369620475
65091.768211444396
65001.53374469085
64920.116248471604
64704.924178391
64558.222880166344
64229.97194352604
63984.81008122574
63378.09970970684
62794.33015539278
61776.94093585597
60891.88315374776
59643.27140798702
58516.36636460896
56960.34898623647
55431.80611395339
53454.12272099281
51590.68433412568
49392.36580855735
47264.42269877085
44744.08046911451
42262.37783304777
39539.704361033364
37099.38261881205
34621.65794329279
32511.208195074567
30276.96282096143
28345.62233889585
26329.705714963715
24710.394613136898
23081.330808476934
21844.130164341914
20566.943438590995
19510.328145361746
18419.483940364724
17569.426060721245
16834.23261559439
16271.152409925671
15677.551076809528
15136.708790844152
14567.61881153772
14132.472540803938
13724.794186495486
13433.425599691103
13104.249913525427
12799.003494176037
12446.862828703925
12192.438095266823
11937.602606102291
11779.810903236967
11553.165996991493
11383.910475187833
11154.306809772032
11019.73488655743
10839.595436254165
10771.080502296603
10617.624798393585
10526.819227420083
10350.242588827487
10251.751272986145
10154.364824154962
10128.739817116335
10040.357045968276
9977.127022600027
9848.933894211432
9733.645524639218
