55351.972333667174
56413.36732990653
57465.56974475924
58369.56182831378
59442.11092927988
60311.9971081294
61346.809399484366
62219.06785740142
63265.8184235082
64075.02917209645
64817.609630652994
65236.240006656524
65469.52290118168
65528.12698036826
65535.0
65535.0
65535.0
65535.0
65535.0
65535.0
65535.0
65535.0
65535.0
65535.0
65535.0
65535.0
65535.0
65535.0
65535.0
65535.0
65535.0
65535.0
65535.0
65535.0
65535.0
65535.0
65535.0
65535.0
65535.0
65535.0
65535.0
65535.0
65535.0
65535.0
65535.0
65535.0
65535.0
65535.0
65535.0
65535.0
65535.0
65535.0
65535.0
65535.0
65535.0
65535.0
65535.0
65535.0
65535.0
65535.0
65535.0
65535.0
65535.0
65535.0
65535.0
65535.0
65535.0
65535.0
65535.0
65535.0
65535.0
65535.0
65535.0
65535.0
65535.0
65535.0
65535.0
65535.0
65535.0
65535.0
65535.0
65535.0
65535.0
65535.0
65535.0
65535.0
65535.0
65535.0
65535.0
65535.0
65535.0
65535.0
65535.0
65535.0
65535.0
65535.0
65535.0
65535.0
65535.0
65535.0
65535.0
65535.0
65535.0
65535.0
65535.0
65535.0
65535.0
65535.0
65535.0
65535.0
65535.0
65535.0
65535.0
65535.0
65535.0
65535.0
65535.0
65535.0
65535.0
65535.0
65535.0
65535.0
65535.0
65535.0
65535.0
65535.0
65535.0
65535.0
65535.0
65535.0
65535.0
65535.0
65534.84404461685
65534.84404461685
65534.84404461685
65535.0
65535.0
65535.0
65535.0
65535.0
65535.0
65535.0
65535.0
65535.0
65535.0
65535.0
65535.0
65535.0
65535.0
65535.0
65535.0
65535.0
65535.0
65535.0
65535.0
65535.0
65535.0
65535.0
65535.0
65535.0
65535.0
65535.0
65535.0
65535.0
65535.0
65535.0
65535.0
65535.0
65535.0
65535.0
65535.0
65535.0
65535.0
65535.0
65535.0
65535.0
65535.0
65535.0
65535.0
65535.0
65535.0
65535.0
65535.0
65535.0
65535.0
65535.0
65535.0
65535.0
65535.0
65535.0
65535.0
65535.0
65535.0
65535.0
65535.0
65535.0
65535.0
65535.0
65535.0
65535.0
65535.0
65535.0
65535.0
65535.0
65535.0
65535.0
65535.0
65535.0
65535.0
65535.0
65535.0
65535.0
65535.0
65535.0
65535.0
65535.0
65535.0
65535.0
65535.0
65535.0
65535.0
65535.0
65535.0
65535.0
65535.0
65535.0
65535.0
65535.0
65535.0
65535.0
65535.0
65535.0
65535.0
65535.0
65535.0
65535.0
65535.0
65535.0
65535.0
65535.0
65535.0
65535.0
65535.0
65535.0
65535.0
65535.0
65535.0
65535.0
65535.0
65535.0
65535.0
65535.0
65535.0
65535.0
65535.0
65535.0
65535.0
65535.0
65535.0
65535.0
65535.0
65535.0
65535.0
65535.0
65535.0
65535.0
65535.0
65535.0
65535.0
65535.0
65535.0
65535.0
65535.0
65535.0
65535.0
65535.0
65535.0
65535.0
65535.0
65535.0
65535.0
65535.0
65535.0
65535.0
65535.0
65535.0
65535.0
65535.0
65535.0
65535.0
65535.0
65535.0
65535.0
65535.0
65535.0
65524.895848416105
65312.34843018485
64022.8280498375
61806.70644848931
59423.238131364946
58371.040109621616
58491.10598564926
58734.87523227473
59185.96409696413
59254.59544832038
59340.078767274805
58964.546990886
58468.43314811687
58808.09298982817
58910.3360210837
58909.235547182936
58876.807810262726
58849.20810055585
59231.04398891115
59281.9030162532
59774.72861664817
60564.4405492342
61481.71739556689
62245.558306988765
62977.586516804215
63598.48663163439
64215.079302713275
64531.503988891025
64620.66434040011
64489.67499788839
64212.805868606876
63557.558228055546
62528.92484504962
60896.37950120261
58762.67922156797
56140.735354626195
53360.94487095178
50394.07602070162
47523.8182354763
44659.89531398315
41879.386556924386
39176.35687352188
36576.06444618064
34048.03866821115
31765.1615732138
29737.04967763084
28078.60695396336
26787.86748576186
25995.499918553018
25571.687870030728
25277.380293048252
24846.789676745986
24281.69962353395
23587.056774578887
22955.885570008202
22481.93716063758
22249.98977136525
22126.53680800232
22141.34817629149
22175.38598780105
22337.599355261675
22550.405966946604
22826.910468149203
22976.994460599773
23018.529113273642
22927.747704401758
22834.958644541242
22739.31845669032
22668.508123079457
22546.68280674341
22383.177865123802
22200.35202843204
22106.695329468126
22086.04332225252
22127.443985090173
22132.285191631676
22040.093594647424
21956.266477930883
21916.70213481587
21983.565259644936
22070.342349313036
22102.956793382076
22078.368560158142
21966.471671030613
21909.5852976133
21892.575178077288
21937.365124804932
21899.421839052724
21804.69102484435
21635.49920312676
21527.435301937036
21440.77023655824
21449.301654982555
21375.46446900591
21253.7401941857
21074.378324243447
21001.97329192609
21045.94831686294
21177.94807453304
21344.886231136483
21478.684967099452
21660.37079190599
21952.565283274616
22396.014530744727
22921.8609378268
23447.030806063685
23969.46157059945
24502.945398346124
25131.518078715995
25884.187312973594
26752.869779851822
27592.28095890245
28394.9174192971
29113.669652553217
29930.192731711646
30759.115362107248
31684.192174151744
32475.63938494457
33282.21207134755
33956.43574788439
34762.27698157488
35594.62843384494
36621.57705940199
37582.81794789807
38632.446000651595
39663.6625319755
41027.55825419905
42517.727316010256
44371.31195852841
46194.70056369356
48219.42976505059
50094.03104286323
52128.62716789741
54019.48295043197
55969.79727192834
57582.55385455381
59151.46281241454
60359.77656579309
61598.147973579005
62508.97353878082
63420.36801164789
63949.6739923701
64413.27223603133
64595.12499899446
64828.383731418005
64931.75359523061
65071.33366314333
65079.71791240326
65123.697330449504
65081.255500687774
65096.76976647843
65052.7310414555
65060.0389789163
64961.85518073186
64872.07759735427
64635.40981204851
64473.39413451017
64127.68937428605
63878.165154367125
63263.98649689493
62679.17357910209
61661.13198282172
60779.41955350962
59531.51509835976
58405.18115920167
56848.785973422135
55321.67525479834
53344.068741252
51480.489774884576
49283.97242416381
47159.48449490805
44644.35029642679
42165.54052288961
39447.45345707241
37013.08657462153
34541.488090138686
32436.66152193236
30207.22220948565
28280.7163442975
26268.593170318705
24654.639465386037
23030.14229793104
21798.595585573625
20524.336867227346
19472.52543910984
18385.143004307647
17538.158104678478
16805.170000462538
16244.00299393069
15653.21105426581
15114.117225835385
14546.643910782375
14113.241704474154
13706.373878847111
13415.218357847867
13085.298039641551
12781.319032349536
12430.10531295751
12177.086374523386
11922.138861069549
11765.399307901762
11538.73463266406
11370.952999058834
11141.841361894076
11007.52204246907
10827.173919470053
10759.539803944046
10606.235662314786
10516.539351460815
10339.756236727158
10242.631177904339
10144.85154578326
10119.619722034528
10030.580181033512
9967.719178853547
9839.561195340024
9725.540237825187
