55407.944940332556
56470.086765167245
57522.324324895024
58424.85789613399
59497.44873163924
60368.0553804278
61405.7100135544
62280.66584063341
63330.00394816755
64132.589887804264
64866.142506576085
65263.03577734606
65482.480377310676
65528.39056693132
65535.0
65535.0
65535.0
65535.0
65535.0
65535.0
65535.0
65535.0
65535.0
65535.0
65535.0
65535.0
65535.0
65535.0
65535.0
65535.0
65535.0
65535.0
65535.0
65535.0
65535.0
65535.0
65535.0
65535.0
65535.0
65535.0
65535.0
65535.0
65535.0
65535.0
65535.0
65535.0
65535.0
65535.0
65535.0
65535.0
65535.0
65535.0
65535.0
65535.0
65535.0
65535.0
65535.0
65535.0
65535.0
65535.0
65535.0
65535.0
65535.0
65535.0
65535.0
65535.0
65535.0
65535.0
65535.0
65535.0
65535.0
65535.0
65535.0
65535.0
65535.0
65535.0
65535.0
65535.0
65535.0
65535.0
65535.0
65535.0
65535.0
65535.0
65535.0
65535.0
65535.0
65535.0
65535.0
65535.0
65535.0
65535.0
65535.0
65535.0
65535.0
65535.0
65535.0
65535.0
65535.0
65535.0
65535.0
65535.0
65535.0
65535.0
65535.0
65535.0
65535.0
65535.0
65535.0
65535.0
65535.0
65535.0
65535.0
65535.0
65535.0
65535.0
65535.0
65535.0
65535.0
65535.0
65535.0
65535.0
65535.0
65535.0
65535.0
65535.0
65535.0
65535.0
65535.0
65535.0
65535.0
65535.0
65534.9450861327
65534.9450861327
65534.9450861327
65535.0
65535.0
65535.0
65535.0
65535.0
65535.0
65535.0
65535.0
65535.0
65535.0
65535.0
65535.0
65535.0
65535.0
65535.0
65535.0
65535.0
65535.0
65535.0
65535.0
65535.0
65535.0
65535.0
65535.0
65535.0
65535.0
65535.0
65535.0
65535.0
65535.0
65535.0
65535.0
65535.0
65535.0
65535.0
65535.0
65535.0
65535.0
65535.0
65535.0
65535.0
65535.0
65535.0
65535.0
65535.0
65535.0
65535.0
65535.0
65535.0
65535.0
65535.0
65535.0
65535.0
65535.0
65535.0
65535.0
65535.0
65535.0
65535.0
65535.0
65535.0
65535.0
65535.0
65535.0
65535.0
65535.0
65535.0
65535.0
65535.0
65535.0
65535.0
65535.0
65535.0
65535.0
65535.0
65535.0
65535.0
65535.0
65535.0
65535.0
65535.0
65535.0
65535.0
65535.0
65535.0
65535.0
65535.0
65535.0
65535.0
65535.0
65535.0
65535.0
65535.0
65535.0
65535.0
65535.0
65535.0
65535.0
65535.0
65535.0
65535.0
65535.0
65535.0
65535.0
65535.0
65535.0
65535.0
65535.0
65535.0
65535.0
65535.0
65535.0
65535.0
65535.0
65535.0
65535.0
65535.0
65535.0
65535.0
65535.0
65535.0
65535.0
65535.0
65535.0
65535.0
65535.0
65535.0
65535.0
65535.0
65535.0
65535.0
65535.0
65535.0
65535.0
65535.0
65535.0
65535.0
65535.0
65535.0
65535.0
65535.0
65535.0
65535.0
65535.0
65535.0
65535.0
65535.0
65535.0
65535.0
65535.0
65535.0
65535.0
65535.0
65535.0
65535.0
65535.0
65535.0
65535.0
65535.0
65535.0
65527.34500689785
65341.51647994191
64080.60183135044
61889.703267532204
59506.074601915316
58451.46476311999
58569.19789806459
58812.40043357948
59263.08952531494
59334.58298743507
59419.85324058434
59046.770622677264
58550.19550342278
58891.67628897389
58993.1109881027
58992.31803185885
58960.52949235404
58932.78481003749
59313.97051820392
59364.337517294916
59858.035149902666
60648.463159318344
61569.3818933306
62338.5582360997
63073.95596081294
63693.360221897776
64305.318162576215
64619.071838248296
64706.89448794985
64579.88749909502
64304.94694483323
63653.17425380488
62618.05444479303
60979.7189827775
58838.44498256432
56214.75265808758
53435.95501713402
50468.11089660055
47596.71749259939
44728.34654785462
41945.579732572354
39240.03719060202
36636.64322803546
34103.76965386039
31814.82787135802
29782.109800585622
28120.758838505728
26827.67125333832
26034.157084580176
25608.212181451807
25312.514185349195
24880.987836748074
24315.65396596522
23619.5152632648
22984.96795413228
22509.512708242833
22277.035949289697
22154.02449341988
22167.98579504319
22202.164186053054
22365.08704067925
22579.031467694713
22855.634813858458
23005.92747900478
23047.74768378863
22957.719693176154
22865.350175261836
22768.19436467333
22697.546576109697
22573.59279827695
22410.2657775874
22226.407560190328
22133.71295218157
22112.423944105245
22153.126102550796
22158.36927860096
22066.944279204272
21982.673458439924
21942.171186471358
22008.44343808823
22095.387465912925
22128.707004038162
22103.172055741914
21993.35091079846
21936.014243669266
21920.84264041058
21963.501929086837
21926.56466538363
21831.5966232685
21663.402037381147
21554.79558718246
21467.021261684124
21474.755330755183
21400.142760972212
21278.440451698927
21098.470136106964
21025.96406227377
21069.578852241106
21201.163461074382
21369.173536367587
21504.971137100405
21689.25987921715
21982.385709775248
22428.200646648813
22954.83561686536
23481.477176745986
24004.29014179819
24539.904627596243
25171.12415637016
25926.833422321695
26797.87938204868
27638.8039872822
28442.459649054013
29163.75329608894
29983.048427268863
30814.68599926397
31740.037380644993
32531.62517093812
33338.999599803734
34015.14306514151
34822.381307616204
35656.211041194074
36683.99655408884
37647.91723930934
38699.579301707774
39733.47782631081
41099.14616817093
42590.24437261694
44445.88718688162
46270.87927697204
48298.00052638884
50174.33488585358
52210.08639865584
54102.32820720115
56052.554666509815
57664.95760382983
59233.48216461944
60442.593267351236
61687.892608636204
62601.50560174236
63518.650654793506
64044.50804464903
64506.638989775885
64683.6571358616
64909.01046794808
65007.31946974998
65139.11934094308
65146.7523684983
65189.01627732997
65149.75505876248
65165.409904053435
65123.275591948615
65129.968494095585
65036.845557921864
64951.33148720174
64719.55103608603
64561.060828828624
64215.689944917714
63966.54572896054
63353.08534487266
62767.04015989751
61745.55216930513
60858.72396411505
59609.95406641649
58484.002327774826
56926.902047939075
55397.33338461475
53418.512176323675
51555.16384819893
49356.95954347459
47230.995529465705
44711.04867965394
42231.11427011438
39509.64890318065
37073.004193514
34598.32833590746
32489.43594496598
30256.117516932936
28325.594153212834
26311.144827815046
24693.60854217948
23068.087780237944
21832.85744566179
20556.68552817864
19500.090003941626
18410.85587353395
17562.847379418246
16827.70225849462
16265.674202523454
15672.26616622022
15133.837893861513
14564.526062531173
14130.765817808133
13722.542717936036
13431.6376041717
13102.233476318035
12796.982663859262
12445.015526207828
12190.325009652975
11935.728944949886
11778.044873264478
11552.11384729395
11383.87752686745
11155.200807531734
11019.820552190422
10839.36919112087
10770.388587568576
10618.160757738468
10527.555073241952
10351.437514580015
10253.563430607173
10155.658594868639
10130.090698252008
10040.693118836174
9977.900209851667
9849.671936587996
9734.996405774891
