55442.61975270283
56502.45958822016
57554.83992400294
58459.01651815164
59533.33823875431
60403.81748737071
61441.564375794354
62315.31649090206
63363.24441032383
64162.366383211025
64882.14221095367
65267.58264555881
65478.4475028959
65527.101189327026
65535.0
65535.0
65535.0
65535.0
65535.0
65535.0
65535.0
65535.0
65535.0
65535.0
65535.0
65535.0
65535.0
65535.0
65535.0
65535.0
65535.0
65535.0
65535.0
65535.0
65535.0
65535.0
65535.0
65535.0
65535.0
65535.0
65535.0
65535.0
65535.0
65535.0
65535.0
65535.0
65535.0
65535.0
65535.0
65535.0
65535.0
65535.0
65535.0
65535.0
65535.0
65535.0
65535.0
65535.0
65535.0
65535.0
65535.0
65535.0
65535.0
65535.0
65535.0
65535.0
65535.0
65535.0
65535.0
65535.0
65535.0
65535.0
65535.0
65535.0
65535.0
65535.0
65535.0
65535.0
65535.0
65535.0
65535.0
65535.0
65535.0
65535.0
65535.0
65535.0
65535.0
65535.0
65535.0
65535.0
65535.0
65535.0
65535.0
65535.0
65535.0
65535.0
65535.0
65535.0
65535.0
65535.0
65535.0
65535.0
65535.0
65535.0
65535.0
65535.0
65535.0
65535.0
65535.0
65535.0
65535.0
65535.0
65535.0
65535.0
65535.0
65535.0
65535.0
65535.0
65535.0
65535.0
65535.0
65535.0
65535.0
65535.0
65535.0
65535.0
65535.0
65535.0
65535.0
65535.0
65535.0
65535.0
65534.92531714047
65534.92531714047
65534.92531714047
65535.0
65535.0
65535.0
65535.0
65535.0
65535.0
65535.0
65535.0
65535.0
65535.0
65535.0
65535.0
65535.0
65535.0
65535.0
65535.0
65535.0
65535.0
65535.0
65535.0
65535.0
65535.0
65535.0
65535.0
65535.0
65535.0
65535.0
65535.0
65535.0
65535.0
65535.0
65535.0
65535.0
65535.0
65535.0
65535.0
65535.0
65535.0
65535.0
65535.0
65535.0
65535.0
65535.0
65535.0
65535.0
65535.0
65535.0
65535.0
65535.0
65535.0
65535.0
65535.0
65535.0
65535.0
65535.0
65535.0
65535.0
65535.0
65535.0
65535.0
65535.0
65535.0
65535.0
65535.0
65535.0
65535.0
65535.0
65535.0
65535.0
65535.0
65535.0
65535.0
65535.0
65535.0
65535.0
65535.0
65535.0
65535.0
65535.0
65535.0
65535.0
65535.0
65535.0
65535.0
65535.0
65535.0
65535.0
65535.0
65535.0
65535.0
65535.0
65535.0
65535.0
65535.0
65535.0
65535.0
65535.0
65535.0
65535.0
65535.0
65535.0
65535.0
65535.0
65535.0
65535.0
65535.0
65535.0
65535.0
65535.0
65535.0
65535.0
65535.0
65535.0
65535.0
65535.0
65535.0
65535.0
65535.0
65535.0
65535.0
65535.0
65535.0
65535.0
65535.0
65535.0
65535.0
65535.0
65535.0
65535.0
65535.0
65535.0
65535.0
65535.0
65535.0
65535.0
65535.0
65535.0
65535.0
65535.0
65535.0
65535.0
65535.0
65535.0
65535.0
65535.0
65535.0
65535.0
65535.0
65535.0
65535.0
65535.0
65535.0
65535.0
65535.0
65535.0
65535.0
65535.0
65535.0
65535.0
65535.0
65523.51641206944
65338.412748161914
64102.79801651465
61941.423344313596
59580.9946893552
58526.646240568225
58644.17509592645
58890.235349095834
59341.844797247286
59414.68694394839
59500.288876856175
59127.37539366038
58630.26651161572
58972.91147115369
59075.20941627652
59076.50977665428
59044.163312257675
59018.34940151552
59399.52852001784
59451.977852957025
59943.89847281881
60736.40881608266
61656.51702141351
62427.56263222565
63158.14550905366
63764.55495257975
64359.41051842511
64659.615844756016
64740.152522543714
64622.480891130515
64363.38408586321
63734.69718464933
62710.17794858181
61077.15814892127
58933.975342680635
56307.82946661275
53521.19891162702
50549.79637249224
47670.36577487251
44798.12669731487
42006.439673427776
39294.524926295526
36682.204165460054
34143.9226736329
31847.429136098915
29808.556319079104
28137.580054338207
26839.682014395003
26040.843397063087
25614.588779723123
25316.61954606882
24884.9262593111
24315.77477647329
23617.93374388645
22979.773102285344
22502.554022978104
22265.310740342993
22142.01812547259
22155.296298586636
22192.595993814044
22355.275030869405
22571.198553662496
22848.366414382122
23001.316910705948
23042.29583504271
22952.344723844453
22857.855530652218
22762.771071138402
22689.9333175467
22566.46278174622
22401.196203263506
22219.231416011065
22124.43909827131
22102.901879514775
22141.958818495903
22147.84997818025
22056.563361729164
21974.319960945664
21933.879192508484
22001.370531979497
22087.63362784963
22122.486361149986
22096.793260915903
21986.236270150588
21927.287331877345
21911.867517938445
21954.08749567627
21917.782839724405
21821.376054285924
21653.732803626306
21543.048412688844
21456.508550927498
21463.46064652815
21390.715148233507
21267.354440167644
21087.911297701783
21014.0301806313
21058.92336542947
21190.365198207757
21359.557019925345
21494.82305442267
21681.532399810163
21976.061828816553
22425.54281547131
22952.193161570704
23481.707814988662
24005.99027512992
24545.734283749214
25179.02736015251
25938.697014214005
26812.7346814317
27658.944197254543
28464.605313460273
29190.349180301495
30010.729409499338
30846.06378304133
31773.034025230474
32568.779893555835
33378.102666433384
34057.63761221585
34866.356332553056
35704.133274912725
36732.55139555883
37699.650495418864
38752.04840363918
39788.87493564683
41156.33786269045
42650.3025710097
44507.707022137474
46335.319601975636
48366.467136143154
50246.021644786604
52283.233866459144
54176.16978628716
56129.609805110464
57744.76063235035
59315.59377212139
60526.016218004406
61769.709877809415
62678.53438168669
63583.383121571154
64100.07209214164
64545.8914221246
64711.53141490499
64918.06905949851
65008.76260618272
65131.78284827129
65139.41807238121
65179.03293625413
65141.22364033815
65155.88124979887
65116.28835147287
65121.69407257025
65036.31179513169
64956.673508213076
64744.082158887984
64595.14696454138
64266.90920722926
64023.34643674485
63422.380055745925
62840.097568958445
61824.71160730086
60937.44628772704
59689.17500794361
58561.20463553987
57005.21581237835
55473.72955680776
53494.24938210901
51628.11142952523
49429.259141166716
47299.91682604132
44777.984290787856
42292.04450071997
39568.290323797
37125.859889071224
34648.416372552565
32534.994685835863
30299.437968571525
28365.584627938126
26347.1749144304
24725.790264974185
23096.632008462446
21859.356681467896
20581.22324064466
19523.316373256428
18431.905457148827
17580.85693133919
16844.934230054543
16280.93586452451
15687.218114009685
15145.435702636067
14576.141443743267
14141.153324947314
13734.250354445196
13441.693431552356
13111.377733501453
12804.760664024163
12453.630413710443
12198.096420153806
11943.654114279168
11785.084831052824
11560.232313436143
11390.449618506367
11161.241332935153
11024.931934959057
10845.1812748363
10776.74541684766
10624.464869704942
10533.509933012376
10356.860808114938
10258.382671601752
10160.704080996511
10134.02692426034
10045.325652681919
9981.691463250318
9854.816267677013
9741.70468380472
