55386.50217342775
56446.38813659362
57498.14904395322
58402.80448702478
59475.355784545594
60345.40011533294
61382.059709183995
62254.29400499945
63299.92213165853
64102.69917155346
64836.22543166898
65244.11904833727
65470.944072067505
65527.49437261692
65535.0
65535.0
65535.0
65535.0
65535.0
65535.0
65535.0
65535.0
65535.0
65535.0
65535.0
65535.0
65535.0
65535.0
65535.0
65535.0
65535.0
65535.0
65535.0
65535.0
65535.0
65535.0
65535.0
65535.0
65535.0
65535.0
65535.0
65535.0
65535.0
65535.0
65535.0
65535.0
65535.0
65535.0
65535.0
65535.0
65535.0
65535.0
65535.0
65535.0
65535.0
65535.0
65535.0
65535.0
65535.0
65535.0
65535.0
65535.0
65535.0
65535.0
65535.0
65535.0
65535.0
65535.0
65535.0
65535.0
65535.0
65535.0
65535.0
65535.0
65535.0
65535.0
65535.0
65535.0
65535.0
65535.0
65535.0
65535.0
65535.0
65535.0
65535.0
65535.0
65535.0
65535.0
65535.0
65535.0
65535.0
65535.0
65535.0
65535.0
65535.0
65535.0
65535.0
65535.0
65535.0
65535.0
65535.0
65535.0
65535.0
65535.0
65535.0
65535.0
65535.0
65535.0
65535.0
65535.0
65535.0
65535.0
65535.0
65535.0
65535.0
65535.0
65535.0
65535.0
65535.0
65535.0
65535.0
65535.0
65535.0
65535.0
65535.0
65535.0
65535.0
65535.0
65535.0
65535.0
65535.0
65535.0
65534.99341033592
65534.99341033592
65534.99341033592
65535.0
65535.0
65535.0
65535.0
65535.0
65535.0
65535.0
65535.0
65535.0
65535.0
65535.0
65535.0
65535.0
65535.0
65535.0
65535.0
65535.0
65535.0
65535.0
65535.0
65535.0
65535.0
65535.0
65535.0
65535.0
65535.0
65535.0
65535.0
65535.0
65535.0
65535.0
65535.0
65535.0
65535.0
65535.0
65535.0
65535.0
65535.0
65535.0
65535.0
65535.0
65535.0
65535.0
65535.0
65535.0
65535.0
65535.0
65535.0
65535.0
65535.0
65535.0
65535.0
65535.0
65535.0
65535.0
65535.0
65535.0
65535.0
65535.0
65535.0
65535.0
65535.0
65535.0
65535.0
65535.0
65535.0
65535.0
65535.0
65535.0
65535.0
65535.0
65535.0
65535.0
65535.0
65535.0
65535.0
65535.0
65535.0
65535.0
65535.0
65535.0
65535.0
65535.0
65535.0
65535.0
65535.0
65535.0
65535.0
65535.0
65535.0
65535.0
65535.0
65535.0
65535.0
65535.0
65535.0
65535.0
65535.0
65535.0
65535.0
65535.0
65535.0
65535.0
65535.0
65535.0
65535.0
65535.0
65535.0
65535.0
65535.0
65535.0
65535.0
65535.0
65535.0
65535.0
65535.0
65535.0
65535.0
65535.0
65535.0
65535.0
65535.0
65535.0
65535.0
65535.0
65535.0
65535.0
65535.0
65535.0
65535.0
65535.0
65535.0
65535.0
65535.0
65535.0
65535.0
65535.0
65535.0
65535.0
65535.0
65535.0
65535.0
65535.0
65535.0
65535.0
65535.0
65535.0
65535.0
65535.0
65535.0
65535.0
65535.0
65535.0
65535.0
65535.0
65535.0
65535.0
65535.0
65535.0
65535.0
65525.471345745456
65324.74139175797
64063.08430768055
61873.85732198303
59504.78302775632
58450.33353745353
58567.750368522444
58811.12643185803
59261.71448207765
59332.79938502502
59418.03449329922
59045.476851963576
58550.46348309522
58891.70484418489
58992.56184942969
58991.30322359109
58958.528431029525
58932.881458443975
59313.00623069407
59364.33312418554
59855.82541588237
60646.55215673617
61563.85316517046
62329.387620259986
63054.44176892787
63666.91809651366
64270.678495080996
64583.325107188226
64668.83698135365
64542.9260732902
64269.758138664976
63628.05884745481
62604.27326065445
60978.21873592273
58841.511372914545
56219.35444016763
53438.50082402223
50470.404099699146
47596.91518252168
44727.75128153306
41942.212414229296
39235.3717084359
36631.05079978924
34098.781278154514
31809.953716496133
29778.23727466336
28115.109299837513
26822.803688140517
26027.41146512059
25602.25732168139
25305.230409990025
24875.261418665632
24309.652978546263
23614.805850004832
22979.595181355282
22503.836810918325
22269.260145679495
22146.49909704459
22161.565265678044
22197.314193292794
22359.307905284197
22572.997531955374
22848.500404218357
22999.59261527262
23040.463908429465
22950.673145723737
22858.75611807601
22762.474536254977
22691.87067878518
22567.48857278746
22404.684332114644
22221.21270834339
22127.986534099142
22105.638786661206
22147.243729085225
22152.126670165875
22061.336475075223
21976.72518833358
21937.013676054194
22004.184318540152
22091.767543780268
22125.807551844526
22099.393981671416
21988.4723628272
21930.81499871294
21916.13981681468
21958.788122717477
21920.574660738133
21825.237597434723
21658.031461158836
21549.677614749744
21462.05485152517
21468.54786719516
21394.682126007527
21273.570689946424
21094.446047910937
21021.812573905594
21064.566314433618
21196.974631276447
21364.349902263628
21499.497322807565
21682.37148370256
21976.140904785458
22422.274342089393
22949.131164329843
23475.968217578076
23999.319338529847
24535.162266015894
25165.45484870972
25920.792896918287
26791.20405233924
27634.087984358153
28437.18791779284
29158.046646998733
29974.875047259364
30806.91898187254
31733.269795638476
32526.478643294413
33334.353886629826
34010.6664866789
34817.096397026886
35650.462657564734
36678.04608742781
37642.252324758265
38693.00062040477
39726.556482475826
41091.75695818653
42583.05944221889
44438.3573973969
46262.85965579097
48290.567385310576
50166.879779228395
52202.94320279694
54094.73252107566
56046.46801345787
57658.08897730747
59227.85239494345
60435.88279276671
61676.76486256576
62582.274765412585
63486.497487209796
64007.63448103188
64465.49532383719
64642.585956227755
64865.27706402736
64961.44881811379
65093.63528293272
65101.47917973838
65144.75130717375
65104.317128400646
65119.52387653442
65076.26932153658
65082.18683987723
64989.37142136041
64905.94188104316
64678.73904990586
64521.316368228814
64177.88723866578
63929.83471039062
63326.12922569059
62748.41117955339
61737.75000703862
60853.77292983897
59607.47854927845
58479.44886989801
56922.15529324936
55392.6217748001
53414.52103644802
51550.812473353755
49352.47417879322
47224.882517757454
44705.928510666534
42225.03640328121
39504.473820325955
37065.66550428753
34589.84524168637
32481.49320319916
30249.86172916969
28321.014336679702
26306.29483505478
24688.99358077127
23063.259753024595
21828.6005226684
20553.78168287562
19499.288261478996
18411.066742784402
17562.660672269412
16827.33104075164
16264.578121732062
15671.855410492784
15132.981237531576
14564.627104047011
14130.124423838024
13722.125372544522
13431.334479624178
13102.079717489583
12797.549374969836
12446.493807515648
12191.880170375021
11937.125953734094
11778.185452764776
11552.717899834292
11383.73475081246
11155.139304000355
11019.748065885578
10839.854629707834
10772.101900228454
10619.31614550654
10528.866416393166
10352.502843605707
10254.808877117623
10157.391676520745
10131.171403160546
10041.813361729171
9978.119865320883
9850.873452004605
9738.581183032487
