55337.09287218256
56397.42473595091
57448.62552186401
58352.50997423864
59424.542884852075
60293.79865250496
61329.988183651905
62203.116477227035
63253.983386826905
64060.49237314379
64807.211140740364
65226.84534223818
65467.83375062342
65526.65528872452
65535.0
65535.0
65535.0
65535.0
65535.0
65535.0
65535.0
65535.0
65535.0
65535.0
65535.0
65535.0
65535.0
65535.0
65535.0
65535.0
65535.0
65535.0
65535.0
65535.0
65535.0
65535.0
65535.0
65535.0
65535.0
65535.0
65535.0
65535.0
65535.0
65535.0
65535.0
65535.0
65535.0
65535.0
65535.0
65535.0
65535.0
65535.0
65535.0
65535.0
65535.0
65535.0
65535.0
65535.0
65535.0
65535.0
65535.0
65535.0
65535.0
65535.0
65535.0
65535.0
65535.0
65535.0
65535.0
65535.0
65535.0
65535.0
65535.0
65535.0
65535.0
65535.0
65535.0
65535.0
65535.0
65535.0
65535.0
65535.0
65535.0
65535.0
65535.0
65535.0
65535.0
65535.0
65535.0
65535.0
65535.0
65535.0
65535.0
65535.0
65535.0
65535.0
65535.0
65535.0
65535.0
65535.0
65535.0
65535.0
65535.0
65535.0
65535.0
65535.0
65535.0
65535.0
65535.0
65535.0
65535.0
65535.0
65535.0
65535.0
65535.0
65535.0
65535.0
65535.0
65535.0
65535.0
65535.0
65535.0
65535.0
65535.0
65535.0
65535.0
65535.0
65535.0
65535.0
65535.0
65535.0
65535.0
65535.0
65535.0
65535.0
65535.0
65535.0
65535.0
65535.0
65535.0
65535.0
65535.0
65535.0
65535.0
65535.0
65535.0
65535.0
65535.0
65535.0
65535.0
65535.0
65535.0
65535.0
65535.0
65535.0
65535.0
65535.0
65535.0
65535.0
65535.0
65535.0
65535.0
65535.0
65535.0
65535.0
65535.0
65535.0
65535.0
65535.0
65535.0
65535.0
65535.0
65535.0
65535.0
65535.0
65535.0
65535.0
65535.0
65535.0
65535.0
65535.0
65535.0
65535.0
65535.0
65535.0
65535.0
65535.0
65535.0
65535.0
65535.0
65535.0
65535.0
65535.0
65535.0
65535.0
65535.0
65535.0
65535.0
65535.0
65535.0
65535.0
65535.0
65535.0
65535.0
65535.0
65535.0
65535.0
65535.0
65535.0
65535.0
65535.0
65535.0
65535.0
65535.0
65535.0
65535.0
65535.0
65535.0
65535.0
65535.0
65535.0
65535.0
65535.0
65535.0
65535.0
65535.0
65535.0
65535.0
65535.0
65535.0
65535.0
65535.0
65535.0
65535.0
65535.0
65535.0
65535.0
65535.0
65535.0
65535.0
65535.0
65535.0
65535.0
65535.0
65535.0
65535.0
65535.0
65535.0
65535.0
65535.0
65535.0
65535.0
65535.0
65535.0
65535.0
65535.0
65535.0
65535.0
65535.0
65535.0
65535.0
65535.0
65535.0
65535.0
65535.0
65535.0
65535.0
65535.0
65535.0
65535.0
65535.0
65535.0
65535.0
65535.0
65535.0
65535.0
65535.0
65535.0
65535.0
65535.0
65535.0
65535.0
65535.0
65535.0
65535.0
65535.0
65535.0
65535.0
65535.0
65535.0
65535.0
65535.0
65535.0
65535.0
65535.0
65523.96450922664
65310.81084190035
64015.68485397862
61796.61547623356
59407.405365143895
58354.515428672545
58469.71373950239
58712.78448173576
59160.57851438695
59231.3427203493
59316.86997039756
58944.97349202424
58451.506497659146
58790.85223204949
58892.31109327992
58891.529119809515
58860.28971897775
58833.43244475682
59212.25905318387
59262.61067639204
59753.22434621202
60540.81440696542
61461.02804692151
62229.4861163063
62968.58723223049
63590.80088676658
64208.44790409768
64525.01756288511
64616.027413444965
64489.870491256
64214.77837472046
63556.43139549851
62516.21557960088
60875.28378993922
58738.8861411426
56119.92739202745
53345.31418776244
50382.13994250446
47516.692612054954
44654.898152058486
41877.552433756464
39179.10037033239
36582.31144772513
34057.9033953336
31776.076253479096
29750.659530503402
28091.946630608785
26801.78705284603
26008.08837349374
25584.069848830386
25288.958332830578
24859.230962522317
24295.12496581238
23600.352520130476
22967.683265259748
22492.318078112683
22258.74084525878
22134.73435011343
22149.14814200332
22184.34573439034
22346.94789203147
22560.347573483275
22836.529181146132
22987.61040942694
23028.696964943618
22937.88919741542
22845.067189234524
22748.787803968182
22678.51123314752
22555.339428785173
22392.53738466705
22210.056407061955
22116.439246082504
22094.965727412044
22135.09019197356
22140.28504382049
22048.75241324389
21965.050500144804
21924.796438856447
21991.47724964606
22078.625557057127
22112.992851770516
22087.963111053465
21977.09860263125
21918.83718597665
21902.740833192565
21946.56649241035
21909.073500370036
21814.529393310495
21645.401271678977
21536.04359977556
21448.80523362211
21456.914913545526
21383.89484591437
21262.008026046944
21081.99817247052
21008.899028870448
21052.90480557299
21185.359250064354
21352.97394551297
21487.712806884174
21672.012531774373
21965.40634200492
22410.863240463663
22934.92384858101
23460.94817659314
23982.280663782836
24518.070873956272
25146.542512810305
25900.474766015894
26767.94912781344
27608.07638369371
28409.680463383047
29127.971420153797
29942.800955644565
30771.350171742513
31695.645010316624
32485.84018493493
33291.29921810899
33964.42901040912
34769.58052592628
35600.90838370979
36626.00970677076
37586.918915508315
38635.3212907436
39666.44117366105
41028.57525902151
42515.778971998334
44366.76728687036
46186.23284535531
48208.36132595685
50080.38165200622
52114.02227574931
54003.98845363355
55952.363217336744
57561.97213708834
59129.68177608715
60336.50846193911
61579.55413810994
62490.783869375126
63412.91290502277
63945.66747661164
64413.775247055826
64592.90647875538
64823.88518740847
64927.58453442491
65066.81535014157
65075.17324074521
65119.70838712854
65077.34563333574
65093.8659211754
65050.0754068327
65056.24552896295
64959.03700106181
64868.89259305064
64633.309905762806
64471.87192210851
64120.89323406855
63866.9561357731
63246.79625987418
62658.68411693373
61636.1198145422
60750.85994940231
59504.91262448317
58379.04435491979
56825.75949058432
55299.292362485314
53324.49963549963
51463.05791684766
49267.84531961404
47143.493576749206
44627.731163625984
42150.502909467155
39434.579450021716
37001.139513650916
34531.08301056197
32427.51287163956
30199.34316780492
28273.601703649623
26262.53067936837
24648.22991879434
23024.207207152864
21791.70938661374
20519.23646723217
19466.884686660393
18381.103540228778
17534.36904783452
16802.42650365205
16241.441811159644
15650.291833079944
15111.5670258378
14544.28261448831
14111.209891383915
13703.937899693517
13413.074520468328
13083.758254802355
12779.963758104479
12428.506221141623
12174.46588477565
11920.223465377994
11763.468536327366
11537.939479865503
11369.364890016406
11140.279611507955
11005.775781488812
10825.952635061216
10758.00441221423
10605.025360679407
10514.536093581579
10338.431714247796
10240.935437682
10143.164591779685
10117.416577678297
10028.449522982128
9966.256273428578
9838.577138837943
9724.545198549637
