55534.07111075586
56596.84334678717
57650.35930134578
58557.13441969529
59630.97509482038
60502.69539683786
61540.67951316828
62416.80171078882
63461.23930480477
64249.84856693533
64943.61499056822
65302.808793156815
65490.18808772543
65530.22469009927
65535.0
65535.0
65535.0
65535.0
65535.0
65535.0
65535.0
65535.0
65535.0
65535.0
65535.0
65535.0
65535.0
65535.0
65535.0
65535.0
65535.0
65535.0
65535.0
65535.0
65535.0
65535.0
65535.0
65535.0
65535.0
65535.0
65535.0
65535.0
65535.0
65535.0
65535.0
65535.0
65535.0
65535.0
65535.0
65535.0
65535.0
65535.0
65535.0
65535.0
65535.0
65535.0
65535.0
65535.0
65535.0
65535.0
65535.0
65535.0
65535.0
65535.0
65535.0
65535.0
65535.0
65535.0
65535.0
65535.0
65535.0
65535.0
65535.0
65535.0
65535.0
65535.0
65535.0
65535.0
65535.0
65535.0
65535.0
65535.0
65535.0
65535.0
65535.0
65535.0
65535.0
65535.0
65535.0
65535.0
65535.0
65535.0
65535.0
65535.0
65535.0
65535.0
65535.0
65535.0
65535.0
65535.0
65535.0
65535.0
65535.0
65535.0
65535.0
65535.0
65535.0
65535.0
65535.0
65535.0
65535.0
65535.0
65535.0
65535.0
65535.0
65535.0
65535.0
65535.0
65535.0
65535.0
65535.0
65535.0
65535.0
65535.0
65535.0
65535.0
65535.0
65535.0
65535.0
65535.0
65535.0
65535.0
65534.88577915601
65534.88577915601
65534.88577915601
65535.0
65535.0
65535.0
65535.0
65535.0
65535.0
65535.0
65535.0
65535.0
65535.0
65535.0
65535.0
65535.0
65535.0
65535.0
65535.0
65535.0
65535.0
65535.0
65535.0
65535.0
65535.0
65535.0
65535.0
65535.0
65535.0
65535.0
65535.0
65535.0
65535.0
65535.0
65535.0
65535.0
65535.0
65535.0
65535.0
65535.0
65535.0
65535.0
65535.0
65535.0
65535.0
65535.0
65535.0
65535.0
65535.0
65535.0
65535.0
65535.0
65535.0
65535.0
65535.0
65535.0
65535.0
65535.0
65535.0
65535.0
65535.0
65535.0
65535.0
65535.0
65535.0
65535.0
65535.0
65535.0
65535.0
65535.0
65535.0
65535.0
65535.0
65535.0
65535.0
65535.0
65535.0
65535.0
65535.0
65535.0
65535.0
65535.0
65535.0
65535.0
65535.0
65535.0
65535.0
65535.0
65535.0
65535.0
65535.0
65535.0
65535.0
65535.0
65535.0
65535.0
65535.0
65535.0
65535.0
65535.0
65535.0
65535.0
65535.0
65535.0
65535.0
65535.0
65535.0
65535.0
65535.0
65535.0
65535.0
65535.0
65535.0
65535.0
65535.0
65535.0
65535.0
65535.0
65535.0
65535.0
65535.0
65535.0
65535.0
65535.0
65535.0
65535.0
65535.0
65535.0
65535.0
65535.0
65535.0
65535.0
65535.0
65535.0
65535.0
65535.0
65535.0
65535.0
65535.0
65535.0
65535.0
65535.0
65535.0
65535.0
65535.0
65535.0
65535.0
65535.0
65535.0
65535.0
65535.0
65535.0
65535.0
65535.0
65535.0
65535.0
65535.0
65535.0
65535.0
65535.0
65535.0
65535.0
65535.0
65529.08687476873
65368.05525373246
64178.29579783853
62056.621655143426
59716.90211782262
58660.442779976525
58776.03647065095
59019.67392399489
59470.02035319835
59541.03276984087
59625.8724982705
59252.50213169877
58756.24770942936
59098.40503382564
59199.380653023814
59198.81394191324
59165.96666304682
59138.69863309845
59519.36595435753
59571.738407882476
60065.44702326367
60858.26268762971
61775.88878615843
62543.7647685498
63269.55256648486
63866.67497677251
64449.67354038965
64739.92627741041
64815.48116915632
64704.16197391283
64453.3483763896
63837.46738903097
62820.64707715943
61191.53714485094
59049.37134343277
56416.53695832731
53626.21619145874
50647.42444233957
47762.151009238725
44879.34211050245
42080.10113502905
39359.19149643242
36740.21078177036
34190.937730263686
31886.075319352592
29838.433856001724
28164.371431918367
26861.891378887336
26060.320247518383
25631.278202274076
25333.04098894734
24900.223066187235
24329.13202555625
23629.265769543254
22990.13425076821
22512.289153373713
22275.68946126341
22151.93556990765
22165.501491686373
22202.18395504529
22367.173767636803
22583.88146045498
22861.36123194089
23013.145357723184
23055.301635374937
22965.62948662258
22872.304467417183
22775.647274743795
22703.69033958364
22580.107779493872
22414.825825128308
22231.9275021317
22136.676104461283
22115.843979760928
22155.876189025366
22161.492779373202
22068.431346730857
21984.870013132062
21944.88173496146
22012.212725939946
22099.23143662419
22133.43618629036
22108.538238854835
21998.38761070756
21940.301918428322
21925.08858063049
21966.9768786098
21929.169779248507
21833.773408968413
21665.389919377543
21555.61929519202
21467.346351778568
21473.96457106601
21400.540337371498
21278.20322379217
21099.186212936598
21025.140354264197
21069.161506849585
21200.42102558842
21369.472267805715
21504.8898645768
21690.799664056336
21985.76620744646
22435.42731158598
22963.773397907717
23494.81026372733
24020.718174340775
24562.349023440638
25197.153329472145
25957.853167684254
26831.908407339488
27679.97401187719
28489.643840396104
29216.424481052014
30039.574565716655
30877.01323865373
31810.041578683828
32607.13393503548
33418.91025950416
34099.925683149115
34912.25773595492
35751.5151561771
36784.42083805927
37754.44355221456
38811.315842342774
39851.67443429542
41224.051054185366
42723.476397469305
44587.169584680734
46421.73206356485
48458.78613329956
50344.53492617487
52386.90685481925
54284.40721529757
56241.236518010846
57860.398254118605
59436.481159603914
60649.792074907105
61891.010217574054
62797.44486994626
63695.60510079315
64205.374924083364
64636.26207526907
64791.80670268432
64989.15835555527
65077.31268501534
65192.85585493184
65200.41419962753
65236.209254890826
65203.087406687875
65215.44302683123
65179.41294021588
65184.8098750945
65103.308909796935
65027.41135551908
64824.750629957205
64684.01737083113
64366.779959417276
64128.994127773214
63537.11269698101
62960.86853904227
61948.46330210193
61061.18699975465
59808.874059337635
58677.32330278569
57115.62783053398
55582.31623801424
53599.85973170761
51731.89644217466
49527.528604984145
47392.69709968306
44863.75316185225
42374.088015026464
39643.452032253015
37195.96293207122
34709.99239023763
32593.01667802902
30352.50672993388
28415.569426512706
26392.957703878885
24768.295794821985
23135.260619278604
21894.747570667834
20614.162774808145
19553.868252469547
18459.981819223896
17606.793849144102
16868.15181315057
16302.16556562415
15706.965140692124
15165.520998741093
14596.114715558988
14160.625782293224
13751.431805247199
13458.31915401725
13127.105065097256
12820.964647988158
12468.692189234518
12213.294382068794
11958.48964466995
11799.922557998294
11573.09314115868
11403.055645884617
11173.135676593147
11037.524783009156
10857.253539424362
10788.176287465612
10634.643704148366
10543.748074432488
10366.677211034157
10268.932723788152
10170.415049290508
10144.818597462878
10055.08055206976
9991.677000880833
9863.42236896086
9749.23008018003
