6989.650096228099
7107.3612656257565
7218.812254150781
7314.081224258735
7431.0367788422855
7499.345236658781
7578.372881372971
7647.869675277925
7765.572058456814
7873.504166365012
8006.672491131329
8113.251521349164
8279.721811803178
8494.344974218511
8869.773512536798
9219.014725815276
9558.60427777644
9748.129606279264
9949.784309792138
10100.733744791416
10286.770944443102
10432.50356204852
10587.44853003282
10654.269920322731
10731.12736900108
10788.556291427356
10917.067920246314
11033.327166992456
11165.630049210069
11233.43110289268
11308.302866129321
11366.97503851135
11491.060609625625
11596.304134590639
11707.566219412134
11708.14391329617
11728.668520339625
11722.03053205995
11809.271094768084
11869.298541395168
11925.916935140041
11890.115290212685
11838.388623767236
11781.221091349327
11788.465328724036
11792.184095817845
11786.227039492733
11709.866012174816
11643.013870119214
11568.258524281258
11561.082380102003
11539.769209924067
11511.174460941647
11403.885943558247
11293.555197926218
11188.247972875144
11161.86295791303
11141.026440103291
11131.921720904327
11048.226397469314
10949.590109018296
10818.534869865829
10719.118804499092
10599.54934983188
10457.271912757213
10254.701245937707
10039.972648897152
9840.092761575526
9721.11637667519
9628.825934729795
9558.279187682003
9452.416234293807
9364.268494497805
9285.992071488325
9250.871358515527
9210.065961999446
9163.903168589217
9072.693431552361
9005.369030237951
8969.923227170717
9013.77085193543
9070.839539392191
9130.963634425729
9134.902056988756
9140.848130540404
9151.962697282683
9225.896531665778
9312.330958801902
9431.465495640072
9529.365938269226
9674.813003764662
9860.006726414564
10145.813636738421
10445.120572200238
10752.111055975194
10987.561949981502
11218.62852082227
11439.250474101871
11715.372774788035
11976.439889614201
12228.329798936566
12405.727948984024
12579.009755538396
12745.690915242856
12972.434666449473
13191.303769084741
13396.319201276603
13504.855361725151
13612.936835352411
13697.062683507087
13861.389136581556
14002.739627576137
14160.948675832973
14233.77325009653
14312.203431934468
14372.017812756412
14514.635715808361
14649.49099457825
14792.574567224934
14844.872337890352
14911.65858330518
14977.350944483323
15121.809560367292
15264.752553513687
15405.274943389328
15458.486480806669
15507.030339503197
15543.98737219863
15665.311874064873
15776.620086534902
15891.932618208724
15916.417613362122
15933.621029711047
15941.74388896262
16042.759046145244
16149.838890832894
16242.373150349124
16236.41609402401
16231.001586707864
16244.833291604335
16361.595549374979
16468.04278631128
16585.75395570893
16585.679272849397
16576.328539524908
16570.481310934407
16692.49992408336
16819.579399243044
16923.07227011841
16899.742662733075
16871.462021071635
16837.564789062366
16896.926679617744
16949.549540377597
16999.593645928864
16933.005090436316
16873.186316504973
16798.553977729767
16809.011774619095
16776.53791005035
16709.88126136235
16509.081017624725
16274.91730466802
16002.048101480932
15770.131463974292
15484.313570876977
15129.842360876495
14658.85271067619
14127.644513590576
13595.61041194072
13101.515202933697
12617.216627853666
12101.463389582035
11559.384443324974
11057.115854308446
10664.644248133758
10458.607418010039
10380.989961408208
10359.252856174688
10296.519254166866
10200.15420326753
10107.343177860092
10068.314794089965
10033.925533829657
9977.720092366913
9858.339541403222
9732.138688120405
9624.19340088405
9577.099268284348
9559.673999911516
9574.476581981917
9571.440943397365
9596.03137317599
9620.32087496179
9693.865919164373
9742.570126353427
9752.89832651592
9658.635378456973
9528.030433016396
9375.42918888862
9261.836559538746
9148.612951377158
9045.972343722351
8898.72410337935
8801.407944298313
8740.321758309605
8795.584877809417
8871.508790743597
8987.392426637385
9093.58047012002
9223.38147654327
9384.285697407371
9599.519502027122
9835.40970697186
10057.67687971588
10210.427489562722
10348.428234651772
10481.730549254311
10661.373578197148
10821.88900888074
10959.226394452757
11021.34276459208
11053.522290832081
11078.668448947823
11136.519109874998
11173.867129305634
11177.344275383308
11106.887587077887
11029.041688788071
10947.626389123508
10921.397329544538
10885.580308734334
10824.66765056631
10684.749313231016
10530.720308553346
10367.123111636663
10248.502568596457
10112.324963901896
9959.383253796837
9752.043866740676
9540.827560652864
9345.123323801019
9197.743290176486
9067.397538189585
8964.337388588576
8848.289011092878
8771.947752767188
8724.322053931983
8765.560171722413
8820.122590275429
8875.504323728617
8874.62789840645
8867.715340790252
8859.407970944538
8900.050822413401
8950.615511426711
9022.502156836723
9075.127214151267
9177.748052813844
9323.720094880706
9573.433218503147
9846.917457004038
10147.678511672055
10394.441662342933
10638.709526883535
10874.210941647763
11142.992356552762
11390.218980263691
11589.903374217707
11697.374205640554
11754.923938574895
11786.63120555609
11830.968662017149
11854.441045457468
11814.34293955226
11696.759170326748
11528.485508470483
11339.724581000532
11183.77578752192
11029.990600415078
10888.27328478691
10669.63701694902
10472.388602148594
10335.582782812075
10283.20154306836
10185.744804487025
10047.77700771836
9909.433600097336
9822.406103194331
9731.139255735476
9631.567234985601
9512.114197717072
9371.594004396127
9180.388311553806
8916.88961068343
8610.705262480495
8300.343067253087
7980.1644691064585
7673.114678354813
7406.411204188589
7287.188805162737
7282.925292505272
7319.344169301129
7383.198014201941
7405.082288599834
7395.845776119342
7341.990648177198
7280.377289062377
7327.130955684799
7353.280939294851
7367.218078816549
7356.259467457411
7340.246583751633
7361.550967710801
7377.981196808084
7440.648902175137
7528.491320868926
7595.2160627523845
7644.208018606109
7704.226679014434
7798.830093050662
7900.743641102369
7957.289548542394
7951.5697201240355
7904.214197515965
7851.400236497902
7789.332190561807
7701.213005976803
7559.313376309186
7342.744066436604
7089.676803799251
6821.510424208053
6576.726369314801
6337.251387112473
6101.714827473171
5846.765117464645
5606.7739449096625
5374.672796808886
5174.610595447815
4990.01433567418
4826.375404218351
4674.41994717007
4552.682493021702
4474.72676699728
4445.356634208537
4430.749545505736
4404.0745853242615
4348.369958331323
4277.614538587771
4211.520207900961
4178.242404314884
4166.54355402449
4166.787371595318
4163.064211392124
4156.336164370066
4162.005472030506
4183.153900606531
4215.052267845939
4235.087043193042
4237.626260417167
4225.54301305565
4210.606441149028
4207.190798602734
4205.303958122176
4203.4215107510045
4177.904134892292
4162.189982624648
4144.129909945786
4152.230803650438
4154.548168850656
4166.905985548696
4149.2390961597275
4137.010876188525
4121.716265867081
4137.426025025341
4153.021563339611
4166.374419313194
4155.143435172228
4138.875751122161
4121.632796788779
4126.570651736733
4135.930171279987
4140.3628186487485
4131.277868442013
4110.151405412908
4092.2780398828777
4088.616383211063
4096.363631610278
4097.4026019796665
4078.4836764161714
4060.1512309554805
4053.4407563709597
4064.8760200982956
4078.868073487296
4098.935797154786
4105.589161317311
4117.314370264011
4135.295366973955
4181.74371249417
4236.240234406422
4289.688999730521
4321.044817960971
4356.795942130414
4402.602893680519
4478.28957870795
4559.199670793314
4636.428337214634
4696.734746287625
4750.262587580643
4815.155402850846
4891.911810013354
4979.604862988078
5053.773728723231
5112.573301277408
5161.0908013176295
5222.976533214281
5304.42258464453
5401.787067928794
5492.278531581319
5570.491254504722
5643.737567269173
5742.88125985408
5880.436104340624
6052.514198923697
6228.805285406313
6393.239369660699
6538.778690453207
6704.886549383016
6888.549273412488
7088.156787952284
7251.125770227006
7371.901133420211
7459.914883379989
7556.014151161573
7664.339442359669
7785.079660677799
7870.2949999597795
7915.765878641985
7925.254994912073
7947.79384260823
7992.906682875618
8044.002938124425
8073.553188397928
8065.88501596763
8040.365443554223
8020.359223418115
8024.671060278807
8046.2631929026475
8045.870009612753
8005.512710253872
7938.500219705745
7883.566583409754
7850.227276292295
7834.587806884182
7784.523932340689
7708.92291294625
7589.118426926973
7487.097247695349
7387.863496368067
7301.754159326385
7181.411517407534
7028.0788205672725
6833.180719287448
6646.398887595121
6469.095189399424
6302.609523062569
6098.053170801361
5871.3467610245025
5624.504534384701
5405.1126517327075
5212.266132535356
5046.500936137524
4868.1758400099725
4698.173489610982
4523.029004677672
4379.664273030393
4247.785325868369
4143.657650686971
4044.1317575856315
3946.0358215888778
3846.406690417007
3760.3588569067033
3703.692138958606
3650.2851081736576
3600.1443542159373
3533.823778395837
3479.8566261643914
3427.754348866581
3401.1057473414094
3374.2352937923315
3351.156093641907
3310.9591427755518
3276.594044616857
3244.2190250092494
3224.3775464750565
3208.6370355511067
3194.3616266068207
3171.897461770195
3150.221860068052
3130.081650095724
3118.4311240085603
3112.0457395184803
3101.9349982705135
3092.226226531206
3074.4539025170147
3058.1928081310216
3046.636733895615
3043.1683740367084
3039.1904134892234
3028.440474825842
3012.304584057308
2997.2559878613883
