6936.471507131138
7053.123937167172
7164.19931483984
7257.8560138037565
7373.935143065141
7440.965206050808
7519.285560154123
7587.958646049519
7704.321130866195
7811.640400015288
7942.869166988436
8048.301595656965
8212.812559325575
8425.496163947746
8797.85172225172
9144.01556240649
9480.576065447176
9666.472685598563
9865.423430285406
10013.881972263784
10198.873611882007
10343.200434484452
10497.409556646879
10563.222728333096
10639.225717236191
10695.415782816091
10823.389255735477
10938.036231337586
11069.730667905467
11136.802465430279
11212.201401793036
11270.287094072271
11393.195311871552
11497.4481906704
11608.071078076478
11609.318721141617
11629.089909925666
11622.27180416123
11708.493165492218
11768.355870517402
11824.734839800838
11788.700360076104
11737.619480710136
11680.346513667
11687.371095572502
11690.079447507922
11684.00377722943
11608.372006069307
11542.45339975787
11468.020947459658
11460.491157974966
11438.391621217243
11409.539875335848
11302.257947616521
11192.544433852983
11087.103218965678
11060.417276010741
11038.647222456842
11030.320083618897
10946.438053035055
10849.042817985102
10716.834387619254
10618.709896411505
10498.727489462168
10358.126023617615
10155.572929235645
9942.537875862732
9743.611293277507
9625.504744035268
9532.908980987666
9462.689520588996
9356.624484169119
9269.555252726963
9190.916398193285
9156.256961705845
9114.84970920412
9068.695702012648
8978.076838187973
8911.591520765958
8877.421915974863
8920.663291644543
8976.686419067844
9035.415701871878
9039.156434512608
9045.19256680664
9056.388406072529
9129.432635805302
9214.997227283331
9333.696846292452
9430.606642755443
9575.278324444555
9758.701624012583
10043.9879508744
10341.691401410944
10646.748917056808
10880.280022262172
11109.773859943372
11328.577065937869
11602.90697799524
11861.77314501987
12112.288011104945
12288.554935485945
12460.382622834115
12626.14122956787
12851.193633661538
13069.445504428304
13273.839311642296
13381.709916019112
13489.06213348859
13572.25883900848
13735.950487776923
13876.448715550947
14033.820876470063
14105.53399405939
14183.215150747288
14242.212413223766
14383.769380359414
14517.341871189092
14659.037221270342
14710.924236208319
14777.093249754666
14842.693355635733
14986.253580650604
15128.243269060593
15268.258254802351
15321.107360695503
15369.273411984983
15404.61597698168
15524.747749650089
15636.141627753123
15750.166978377347
15774.630007983827
15790.974571448116
15799.352231043973
15899.425066263642
16004.934374346398
16096.814060564364
16090.808680036027
16085.218448344502
16098.971077272057
16214.195746758209
16321.156977492481
16437.444779449634
16437.936807700673
16427.18906559198
16421.81848936967
16542.965070305854
16669.280144432654
16770.8993541556
16748.288020154603
16720.853052049653
16689.218271373305
16748.755886304036
16802.21563440159
16851.765515147115
16786.22691279743
16726.7991256013
16654.539065893634
16664.12922367956
16632.975488480795
16565.70600103369
16367.6338782237
16134.691449675813
15864.034177063717
15633.239979004778
15348.83007746513
14996.094145671444
14526.433411059894
13997.33390647876
13468.010353319021
12976.11169900414
12493.548402130893
11979.095524237011
11439.65683671992
10940.195444599965
10549.63484100745
10344.672126128191
10267.465425253793
10246.523472818828
10184.123747124218
10088.362748765225
9996.623642047562
9958.755039154887
9924.761158739166
9868.720458878326
9749.38383900848
9624.70959123671
9517.341997884396
9470.68937277781
9452.583172450411
9467.010143668456
9463.249642035496
9487.427119531998
9511.971421662085
9586.726767500042
9635.068543164887
9645.280325928694
9550.8065086193
9422.037882901359
9270.41849872098
9158.598489007674
9045.504477572922
8944.093940545712
8798.273460752607
8703.178018465338
8642.92213015027
8697.662469633351
8772.437584463536
8887.559015879146
8992.202881413197
9120.971507131138
9279.6769767484
9493.078854754896
9726.232152553215
9946.768440199814
10098.33950017697
10235.345205990474
10367.265887691652
10545.142886662003
10704.415067389837
10841.067127897904
10902.357593472982
10934.835851151118
10959.74917446949
11017.29012118506
11054.190043458497
11056.990650690988
10987.561949981495
10910.12021775504
10829.746085014565
10803.758646451734
10768.43585044726
10708.021810194348
10569.452157440031
10415.511014950047
10252.689201839696
10133.697441056518
9998.932221029007
9848.035503342342
9643.000302158243
9434.103557825343
9239.523956975883
9093.942901644225
8964.557044057785
8862.806041053294
8747.306802230636
8672.246135290472
8625.760448340496
8667.007352349698
8720.921787268531
8774.807666976363
8774.001531404345
8766.700183607636
8759.524039428381
8800.333829053843
8849.938623666678
8919.859352627216
8970.898497454029
9073.058059631257
9217.297020046013
9464.732316452692
9735.34126486156
10034.057327111184
10279.372948239943
10522.298717863638
10755.862771389386
11022.399307399008
11268.187187786572
11467.043480621656
11574.353963551972
11632.714225167723
11664.551088875754
11708.306458343397
11730.992475203928
11692.412188590994
11576.13536940731
11408.648074130833
11221.235831241856
11066.41167376563
10913.553432738872
10772.521442174655
10556.127856677447
10361.45160742153
10225.81874829062
10174.375437400451
10078.379407689397
9942.520303425195
9805.600263244685
9719.064794592721
9628.06373025162
9529.811838871728
9412.368649146516
9273.344309570924
9083.480711645509
8822.37625538958
8520.07321932767
8214.198585336328
7898.298875730004
7595.005193501934
7331.7766688586935
7214.836490157987
7211.01887810303
7247.06214404653
7309.59146646798
7331.240709513816
7321.206847680071
7267.555999324294
7206.515940984124
7252.722665488202
7278.624438418043
7292.522039955279
7281.4338318693035
7266.137024993167
7286.586949177089
7304.234069573825
7365.757369946267
7452.536656169054
7518.455262480488
7567.159469669542
7628.307159189632
7722.983059530707
7824.369434456297
7880.291520363753
7874.020356717665
7827.736752799366
7775.566382306101
7714.814072630602
7627.4351269768495
7487.4728585477105
7273.866700954837
7024.322712043697
6760.134292999985
6518.456166441433
6282.941572349056
6051.903556719277
5802.04106737777
5566.796649512525
5339.022714155283
5143.1757012484495
4963.038447499879
4803.186376333319
4654.831072425472
4535.67457004038
4459.801177864116
4431.522732757371
4417.781086603277
4391.716768626221
4337.009377463521
4267.25778321428
4202.571444085138
4170.690649283267
4160.000017596572
4160.166955753176
4155.202742148916
4148.017811750892
4153.063297878761
4173.601084250365
4205.1282337468
4225.108095226602
4228.5281308822805
4216.1856900670855
4201.620335903435
4198.231052013447
4196.816470791702
4195.127320233438
4169.913068922246
4154.425161787895
4136.644051554939
4145.520329065918
4147.890411578749
4159.846258768122
4141.542368518431
4129.645828305743
4114.573070008208
4130.559595057682
4145.395125448466
4158.688674445359
4147.321503913478
4131.161451043327
4114.265552351307
4118.696003165375
4128.266391959075
4132.459614866391
4123.548192480336
4103.12682350741
4085.119468141158
4081.8553878686216
4089.2973151656283
4090.2286543551004
4071.7600225035
4053.462721917885
4047.6220829914564
4058.264390474925
4072.451937231525
4092.372491734641
4099.012676569012
4109.8944085139265
4126.504755095965
4172.274365216306
4225.567175157261
4278.181249698344
4308.045607292824
4342.456833100055
4386.811861998649
4461.213562531172
4540.045713877761
4615.2821051933
4673.036117714012
4724.703477182779
4787.500779276671
4862.598787646606
4948.5148278753795
5020.937432630274
5077.645885117524
5125.135397561819
5185.202382173367
5265.65998399215
5361.078319819168
5449.522594498607
5524.952282627056
5596.360079114177
5694.194625102565
5830.05592592146
5998.226349707194
6170.640517158162
6331.883007444856
6474.858948911627
6638.713142727286
6818.7251928584055
7016.048290518364
7176.816324991555
7296.326472682083
7383.274893616165
7477.77067647248
7585.212952684331
7703.936733795071
7788.005471527748
7833.12270490452
7843.018183792658
7865.537262496582
7910.56224057628
7961.285081527414
7991.217532317351
7983.25062844892
7958.743667748597
7938.873634003401
7943.55009894299
7964.1867302757455
7964.261413135278
7924.547704301202
7858.521466809853
7803.5219338731
7770.501127186003
7754.288357003239
7705.344725352741
7630.389493037791
7513.662380142222
7412.381439841854
7314.832445963452
7229.234906165035
7111.409515923387
6959.952676790225
6767.688244586293
6583.51591986824
6408.834907974967
6244.971927940536
6042.750513317083
5819.312576922147
5575.52795441382
5359.71425935534
5169.859447648695
5007.136479499494
4831.322045385072
4664.129088437342
4492.145445706033
4351.357272712646
4221.5101386408605
4118.190795586176
4019.8971696671347
3923.145525141979
3825.0737512468427
3740.6403854352684
3684.91159634072
3632.2623769245624
3582.969493078012
3517.294704337403
3464.3335741549636
3412.778238975498
3387.2806321090134
3360.790182521678
3338.20740373168
3297.9687183261753
3264.2823555673544
3232.2961261402584
3213.1773140997825
3197.797038145345
3183.701746685814
3161.663713459466
3140.1594430233113
3120.4958854191796
3108.6740280660274
3102.6950061939956
3093.0389517673043
3083.0292520351727
3065.7401700532537
3048.74322984539
3037.9295910959313
3034.1031928222037
3030.195522024867
3019.6784181588537
3003.507382515245
2988.392889678562
