7001.544439886095
7120.55377310681
7232.85702485239
7327.774546209595
7445.345136106953
7513.871052837972
7592.7493318331
7662.230749855207
7780.148395393921
7888.853690553758
8022.369070961432
8129.016194374726
8296.007068290777
8511.427580059364
8888.007113036341
9238.658514427176
9580.207393173738
9770.174229169681
9972.132057230074
10122.143563375803
10309.344937014337
10455.589351863026
10611.144962051743
10677.849934942968
10755.311436161654
10813.445452644111
10941.88898826761
11058.007655513458
11190.011806292938
11258.790326813554
11334.070649222936
11392.512183362292
11516.1694263116
11621.322892534226
11732.863939801631
11733.520709654586
11753.535716009463
11747.602821785964
11835.418881823449
11896.098705194105
11952.532588344837
11917.130716371446
11866.14648541194
11808.972363329956
11815.847579516389
11819.27200828145
11813.512641878631
11737.197742209246
11670.81126974838
11596.662173005456
11589.193887052146
11567.338167865246
11537.950462638966
11430.626800380487
11319.483329512363
11213.020716693214
11185.748293635474
11164.630616825138
11155.908098142609
11071.334152830736
10972.544105551264
10840.750824022232
10740.717526787006
10619.414990467689
10475.575803006903
10272.212179943528
10056.881726917318
9856.000210656079
9735.675141174768
9641.55277261612
9570.059310496
9463.245248926107
9374.524208355455
9295.43945321927
9259.532373666683
9218.65009773638
9171.628451441517
9080.618600881642
9012.683557362807
8977.65729624177
9020.424216097941
9077.323768843415
9137.676305564944
9142.844798755572
9149.678280402853
9160.718164285601
9233.580079978929
9319.735544669145
9439.283033789436
9538.982454711457
9686.166994968387
9873.31125818492
10161.830913553582
10462.556823346526
10772.095310564378
11008.635695697994
11241.92957299661
11463.515813786058
11741.71825176569
12003.182942991132
12256.4149472304
12434.327091075824
12608.691799093429
12775.895738814617
13003.906902078612
13224.577179561435
13429.511339229692
13537.869578748165
13645.889548844054
13731.759461424297
13896.637249726498
14038.422658550122
14197.079803964158
14269.383794765678
14347.958949213289
14407.063842869671
14550.637247212706
14686.057040538473
14829.25703058384
14882.042436390911
14948.112604976102
15014.41341180398
15158.353640780608
15302.640925398591
15443.721240166036
15497.767468366394
15545.555712248826
15581.963606271222
15703.428687637765
15815.198176593147
15930.798456931645
15954.76726173239
15972.46929599643
15980.974355764434
16082.94721079283
16189.482309916822
16281.893562370287
16275.615809060122
16270.225463845587
16284.59971775102
16401.779320913174
16509.559866547614
16626.976697616523
16627.613698477246
16616.85058048571
16611.392142075718
16734.082900960475
16862.32215699761
16966.109366201716
16941.54968818878
16912.416783306795
16878.471227094302
16937.877048743507
16991.03806540293
17040.97893288366
16974.37060839889
16914.94721431215
16839.875564598526
16849.968733408958
16817.42018598067
16750.508736948374
16549.502017069677
16313.800715828465
16040.452663718483
15807.160982974563
15519.906543108582
15162.909295212126
14689.068517021415
14155.538561626205
13620.6357595484
13123.849771043488
12635.683063150573
12115.767353737314
11570.321089137187
11064.39084344885
10669.021981635213
10460.186740833693
10381.54788630001
10359.830550058721
10296.995906535065
10200.114665283078
10107.764916360995
10068.716763598633
10034.487851830849
9976.854649818199
9856.696518493489
9730.131037131778
9621.434528190714
9573.435415057838
9555.1161489253
9569.74300662033
9566.281236425502
9590.90461452451
9616.494476688065
9692.277810121952
9741.122596811301
9751.316807137575
9655.483322473736
9524.3907418915
9369.907050392554
9256.129910448546
9141.880511245718
9038.73249945702
8890.493612947857
8792.465770146566
8731.621205173999
8786.785479712666
8864.288715470504
8981.015828366073
9088.622846179836
9219.484788519398
9381.994690863461
9599.690833293114
9837.564527124863
10061.009053183876
10214.436201875897
10352.858685465839
10487.311994727066
10667.66011772608
10829.027811630227
10966.76057704683
11029.568861914187
11062.19648531139
11088.24982051499
11145.940132949627
11183.8658462643
11186.128297597214
11116.025254597233
11037.524783009154
10955.924972750456
10928.415321785962
10891.829506833497
10830.598348235111
10690.462551985294
10535.515387446303
10370.051119041298
10248.919913987966
10111.567152533104
9958.227866028765
9750.183384916418
9537.020931371366
9339.616561187799
9191.621492249467
9060.302666533938
8956.721933470888
8839.001977854465
8762.58384011455
8714.85270665412
8756.229207390159
8811.158450576768
8865.995438466303
8865.558324082565
8857.956048293034
8850.156082581208
8891.77420433338
8942.341089901378
9014.440801116527
9066.217988319899
9170.325894509066
9316.827306256737
9567.998942194765
9842.394750892903
10145.189815205855
10393.872754677677
10640.67105022363
10877.677104951976
11147.877494188104
11396.472571472244
11597.362873952248
11705.743079017644
11763.525646749355
11795.197768855476
11839.41661136316
11863.135008929004
11823.13355143025
11705.01821596924
11535.068582882857
11345.215967730905
11187.793286053864
11032.5034589829
10888.530281685891
10669.158168026124
10471.160728075678
10334.745895474362
10281.740834198083
10184.095191913219
10045.488197729135
9906.760393036984
9818.746643077207
9726.31781818621
9625.972610184694
9506.603041994465
9365.891748415304
9174.02489261065
8909.335659097125
8602.573617010152
8291.873152360155
7972.3403412930165
7665.0203743142365
7397.831461561048
7278.334493198675
7274.009477009829
7310.08569127371
7372.713858656308
7394.064370264011
7384.11617406326
7329.0221892747395
7266.659805009895
7312.769881107521
7338.537664201137
7351.991561690559
7340.14554223579
7323.943754826488
7344.191595978733
7360.424135153725
7422.103390909312
7509.473550344289
7576.046729953985
7624.731168150808
7685.052953106647
7779.083066368231
7880.335451457603
7935.864354075166
7929.905101195361
7882.1454125239325
7828.518726269772
7765.3677788704435
7676.216213580129
7534.101321552681
7317.268425117042
7064.0957278544665
6795.905186161657
6550.747716970738
6311.758173355377
6076.584045240278
5822.945678382966
5584.303190408966
5353.89997908522
5155.6147904701
4973.964110538637
4812.383350829352
4663.002255880271
4542.360882523287
4465.850489486298
4437.198630081887
4423.474556365334
4397.792438904712
4343.03452698409
4273.715654009203
4208.792086973309
4176.258915427869
4165.128972802743
4165.436490459645
4161.9395753897425
4154.631637928957
4160.294355925322
4180.904628601768
4213.275255099988
4232.666439922291
4235.565892115931
4223.458482652797
4209.319260099425
4205.666389646379
4203.988221861576
4201.541259934521
4176.722388467914
4160.553549378995
4143.47972975691
4151.67068220394
4154.721696671336
4166.429333180497
4148.7207092523795
4136.138843975742
4121.274758373961
4137.476545783263
4153.148963511756
4166.6072541105605
4154.985283234392
4137.990539581225
4120.725619700924
4125.3383845544395
4135.275597981728
4139.231592982292
4130.5002880809925
4109.942732717153
4092.598736867932
4089.3039048297055
4097.253236260601
4098.494289661666
4079.6807987233947
4061.1638426685627
4054.945396335084
4065.991869881909
4079.658833176471
4098.964352365784
4104.840136167288
4115.792157862352
4132.714415210678
4178.172114564732
4231.629666107597
4283.683619202181
4314.2926088373
4348.6796725429185
4393.759564489922
4468.211785780362
4547.722672526827
4623.556526718633
4681.879446904613
4734.61213539907
4798.230948947826
4873.985727170713
4961.109872480171
5034.650523573371
5094.1859419494185
5142.077423902377
5203.7654658767315
5284.732668384092
5382.536462606786
5472.511735906656
5549.971040570653
5622.534224825845
5722.068904145953
5859.933462844088
6031.541494723039
6207.327373626463
6372.145854951977
6518.45396988674
6685.976410038293
6869.41947859855
7069.765035514906
7233.865243456086
7356.1101017383435
7445.448374177487
7541.88371482697
7651.219421183451
7772.262764049102
7857.970131582123
7903.715579600852
7913.791175973747
7936.7671380536385
7982.358827243916
8034.065724697138
8063.9542443932305
8056.718793237284
8031.254134691182
8011.581790868283
8016.176983284263
8037.54067422012
8037.143097820842
7996.6078775318965
7929.538276561775
7874.576085054785
7840.4152664824605
7824.239837729462
7774.000238810593
7698.838530354585
7579.4711587190495
7477.078761744454
7377.148702579759
7291.529197234423
7171.371065909712
7018.644618164486
6822.657025757356
6636.081670206091
6458.59126486156
6292.986416956254
6088.454226796658
5862.450714521292
5615.7336914989455
5397.178696184662
5205.054843481024
5040.144106858438
4861.601551816369
4692.378978333091
4518.269070659781
4375.842267866048
4244.27523147031
4139.877380061777
4040.680970164261
3942.987003676173
3843.98828370095
3758.819072067506
3702.1962852132506
3648.4927195448636
3598.224565414999
3532.3608729708653
3479.061473365833
3426.899889091334
3400.431405050918
3374.118876393646
3351.4987561738817
3311.3808812764455
3276.6753171404666
3244.0476937432627
3224.2699152951413
3208.503045714886
3194.403361145971
3172.3301830445484
3150.981867991537
3130.9602719725845
3119.1779526038918
3112.44331591776
3102.374309208944
3092.62819603987
3075.26662775311
3059.4360580867783
3047.756976788612
3044.705962321214
3039.8669523344056
3029.0335445927226
3012.554991292213
2998.3498720980797
