6984.187264708725
7103.908281649693
7216.541016599097
7311.076337439871
7428.620568680922
7496.711567582893
7575.693084648548
7645.163519897197
7762.283816082662
7870.63546593706
8002.775803107452
8109.537147364739
8274.878408706987
8489.681688607076
8863.63853528162
9213.336631936063
9553.89047140708
9744.261473466386
9946.1577979954
10096.114390273824
10282.566738762333
10427.890797195008
10582.405240459646
10649.064085702335
10724.812274261147
10782.66513174301
10910.530973482475
11027.400862433036
11159.264433712213
11227.326877403191
11302.675293008027
11361.782383219106
11486.186454763743
11591.166393165695
11702.349402018279
11703.412534489282
11723.98326918127
11717.334298128131
11804.26953973406
11864.264038040767
11920.831911027717
11885.01049710813
11833.705569163569
11776.142656901073
11783.037642079731
11786.19189461766
11780.715883770128
11704.291156366135
11637.906880459966
11563.248183028461
11556.735398366238
11535.589166344906
11506.763779119812
11398.972250711908
11288.448208266973
11182.752193035385
11156.439664378115
11135.642684552833
11127.71531866886
11044.312137007902
10945.946024784018
10814.332860739745
10715.437378835051
10596.320414434418
10454.150608539663
10252.208156362116
10037.358748813493
9838.640838924017
9719.725957555062
9627.38938796113
9556.89975133533
9450.858877017075
9362.919809916826
9283.872396210403
9248.514455330855
9208.179121518893
9162.550090898852
9072.22556540293
9005.015384932509
8970.742542070888
9013.911431435723
9070.892256704801
9130.194840283477
9134.669222191389
9140.905240962404
9151.646393407018
9225.002533906074
9311.226091791752
9430.91196385765
9528.4477784079
9674.052995841175
9858.343934512603
10144.451772829287
10443.240321383755
10750.404332979393
10985.552102438187
11216.372659153436
11436.42131165838
11712.14823249996
11972.435570410415
12224.092644935408
12400.405696964948
12573.11859585405
12739.145182260248
12966.25356154576
13185.616888986762
13390.287462091956
13498.871946743731
13606.54925430764
13691.169327268051
13855.232193779468
13996.360832750133
14154.919133203017
14226.654216339268
14304.616532027772
14363.670904926237
14507.026850354754
14641.622935670968
14784.579108145505
14836.356295348878
14903.212830513856
14968.832705387167
15113.829477170713
15257.706006061271
15398.474410062432
15451.600281846782
15498.909676806323
15535.748095548372
15656.59155193703
15769.305559410035
15883.912997027679
15908.709902947367
15925.249959779261
15933.546346851514
16035.220470441782
16141.99719058192
16234.997119692891
16228.077972412617
16222.461382064786
16236.655518485464
16353.753849124005
16460.90618011648
16577.69918965281
16577.290630480067
16566.920695778415
16561.053698195683
16683.19971151679
16810.54716634892
16913.96974747413
16889.838397626165
16860.879020564855
16827.262947556184
16887.850515629776
16941.239973977183
16991.064424059234
16924.045343847032
16862.959157858324
16788.22577756728
16798.39582579194
16767.10810075695
16700.422896857952
16499.7127118627
16266.28704128256
15994.028480299889
15762.968499123186
15477.374654604471
15123.478941933334
14652.1620050839
14121.779712562542
13590.369432445254
13098.00291198095
12613.682371353998
12098.910993029756
11558.468480018348
11057.392620199658
10665.145062603566
10458.394352204898
10380.884526782984
10359.28800104976
10296.110694994128
10199.003208608841
10106.506290522382
10068.666242840705
10035.342311606095
9979.103921822965
9859.800250273502
9733.742173045672
9626.110993130298
9578.109683442734
9560.488921702305
9574.617161482216
9571.72210239796
9595.811717706774
9620.856834306673
9695.675880230703
9744.333959771224
9755.34748499767
9659.942328498802
9530.497163935679
9376.883308094824
9263.92328649629
9149.939670411219
9048.04808790643
8900.968982274726
8804.487513976705
8742.748951244432
8797.959353431632
8873.758062748362
8990.753155316377
9096.906053923934
9226.458849666973
9385.944096199943
9600.839631397104
9836.27075641118
10058.999205640555
10211.618022205868
10349.438649810161
10482.341191458729
10661.913930651417
10821.882419216663
10959.066045960231
11020.387263300994
11052.50748256431
11077.57676126583
11135.350542778775
11173.397066601521
11176.465653506455
11105.976016880648
11028.422260364887
10947.261761044612
10920.962411715494
10884.552321138408
10824.019666932127
10685.636721326644
10531.508871687827
10367.46357761395
10247.601981172676
10111.821952877392
9960.088347853018
9753.08942677414
9542.327807507603
9346.972822851812
9199.876144782567
9070.154214328235
8966.7645815234
8850.70302469955
8774.612173608764
8727.091909398783
8769.193273183233
8823.270253149281
8878.274179195423
8876.85520486429
8870.18207170954
8862.944423998902
8904.465897344624
8954.055316074617
9025.03478439677
9077.014054631822
9179.997324818605
9325.552021493959
9574.748954763743
9848.083827545572
10148.568116322378
10394.911725047057
10638.905020251137
10873.791399701564
11142.32021081697
11389.008678628321
11588.407520472356
11695.263316581402
11752.905304812806
11784.45661641086
11828.932455817521
11851.9962800851
11812.660378658073
11695.452220284918
11527.136823889503
11338.736131389063
11182.815893121451
11029.311865015203
10886.467716829962
10668.376194555722
10471.402349091817
10335.07977178757
10282.650207840628
10185.654745744649
10047.889032007663
9909.697186660396
9822.067833771742
9730.394623694838
9630.699595882203
9512.443680920893
9372.927313094262
9182.007172361918
8918.187774506494
8611.59047402143
8301.045964754572
7980.388517685054
7673.551792738549
7406.901035884938
7288.484772431104
7284.166345906335
7320.596205475653
7384.063456750649
7406.920804877166
7397.734813154592
7344.496917080942
7282.73199569236
7329.874452495297
7355.95194980051
7370.264700174562
7358.658105181239
7343.363494859795
7363.74312929357
7380.834521353191
7442.4566666867795
7530.395733787023
7597.03920314687
7645.932314039451
7706.443002698815
7800.993699422431
7903.087364958893
7959.32795129671
7953.6893954019615
7905.782537566162
7853.341990845765
7791.3486277692
7702.76377358946
7560.503908952331
7344.011478493976
7092.0776380777725
6824.036462104027
6579.234834773236
6339.880663078977
6105.462149777981
5850.525619097608
5610.308201409334
5377.484386814838
5176.980677960645
4992.898411984973
4828.642248660649
4676.759277917209
4553.919153313383
4476.284124274015
4447.568564783533
4433.370035253473
4406.407326407327
4350.03055367859
4279.2575614975
4213.505893342665
4180.594914390176
4168.737912161948
4168.592939552265
4164.182257730427
4157.799069795037
4163.523291322782
4184.977041001016
4217.015987740722
4237.233077127273
4239.196797022055
4226.979559824315
4211.72229093264
4209.156715052209
4206.892067164602
4204.570308854999
4179.011198457135
4163.593581072931
4146.014553871651
4154.343889264285
4157.069813637245
4168.685194849336
4150.833794866227
4138.361757324197
4123.976520645303
4140.004780233927
4155.013838445391
4168.379873747127
4156.639288917582
4140.507791258428
4123.539406261566
4129.17137249224
4138.746154395323
4142.816370239879
4133.349219516711
4112.919064325018
4095.3180715768153
4091.693756334766
4099.11152153016
4099.884708781797
4080.5264722798725
4061.9018850451253
4054.835568600476
4066.1214666087467
4080.0783751226722
4100.873158393263
4107.772536681309
4118.9046758611275
4136.4331823044895
4183.279104223983
4238.566385825411
4292.138158212269
4323.467617786412
4359.658052894284
4405.770325546598
4481.924876723458
4562.246292151326
4639.942824722075
4699.570498395191
4753.386088352879
4818.162486224398
4895.41311819264
4983.606985637177
5057.34532665267
5116.423861652751
5164.361471254242
5226.455875846647
5307.963430808276
5405.883642429655
5495.992905565744
5573.597182839422
5646.81933350226
5746.452857783516
5884.7742998576205
6056.446031822645
6232.462548968741
6396.127839080876
6541.801149709604
6708.649247570666
6891.569536114195
7091.166067880527
7253.41677677092
7375.141051591137
7463.266825840215
7559.559390434705
7667.405832709911
7787.263036041798
7871.90068143974
7917.459422309632
7927.13304917386
7949.31605500989
7994.690285285643
8045.575671284005
8075.55644627717
8066.90641389948
8041.481293337834
8020.840268895695
8025.905524015793
8047.163780326428
8047.302163272034
8006.540697849797
7939.890638825876
7884.095953090563
7851.367288177523
7835.16550076822
7785.457468084853
7709.476444728672
7589.928955608378
7488.599691104784
7389.11992565198
7303.146775001209
7183.052343762567
7029.959071383753
6835.153225400999
6648.417521357208
6471.274171654036
6304.729198340494
6099.775269680004
5872.631745519412
5625.552290972858
5406.140639328634
5212.980012810304
5047.739792983896
4868.7469442299325
4699.339860152514
4524.1580337894375
4381.076657697446
4248.591461440388
4143.919040695336
4044.399737258073
3946.1083078937186
3846.4440318467737
3760.3500706879354
3703.606473325613
3649.8655662274577
3599.439260159756
3533.1801878710357
3479.5007843042627
3427.1173480058583
3400.6137190903682
3373.3984064546225
3351.13852120437
3310.919604791094
3276.60722394501
3243.5578620469128
3223.6219316609568
3207.9407277136947
3193.5269358238024
3171.541619910066
3149.4969970196435
3129.613783946297
3117.7765507103
3111.709666650581
3102.1217054193457
3091.885760553922
3074.2606057041044
3057.226324066474
3046.507137168779
3042.632414691825
3038.8609302854034
3027.9572327935693
3012.0849285880927
2996.3795625392204
