7004.246202157434
7123.3543803393
7235.670811413039
7331.126488669819
7448.371988472736
7517.1395262198885
7595.971677566482
7665.5629233232
7783.0961717907885
7892.117770826291
8025.870379140721
8133.306065688504
8299.552307563918
8515.40554060685
8892.055363333971
9243.367927687146
9585.114496356002
9775.619488251528
9978.83374559583
10129.923760095406
10316.863743725567
10463.608973044067
10619.456725006838
10686.910723048088
10763.80990626559
10821.375015082778
10950.163409792944
11066.684046547454
11198.872707921073
11267.196541620417
11341.813504512766
11400.389028488344
11524.56026523561
11630.166221724823
11742.447507923483
11743.688561324549
11764.927048642954
11759.67288981933
11847.772305412102
11908.592708283053
11965.525209348905
11930.70542436894
11880.109983589942
11823.447658751224
11830.762185876083
11835.429864596905
11830.74680999324
11755.565332545006
11689.495163959813
11615.045139224067
11608.9914344925
11587.223577493287
11559.680978208411
11452.14864325418
11343.078720015445
11236.695183165211
11211.342548908411
11190.457706895446
11182.916934637295
11099.054673045677
11000.822550658015
10869.492742169024
10770.18870109159
10650.467684150617
10507.280873433401
10304.077598862557
10087.982744803483
9888.120429919398
9768.311550790737
9675.370928656464
9604.206949740174
9496.887680591088
9408.326988512963
9328.014359303861
9292.557573463162
9251.431479962026
9205.494931685083
9114.491670789292
9046.497320293776
9010.910937726245
9053.710805902798
9111.484587415738
9172.331348942995
9177.65799407146
9183.445915685277
9194.626379068324
9268.213157810058
9355.21429605676
9475.034157958882
9574.18004709848
9720.95822473736
9907.535776843315
10195.479934882635
10496.12457215197
10804.927213547953
11040.472559406022
11272.547348850494
11493.608613068522
11771.39809876603
12032.998976382389
12285.446810596555
12462.902071066012
12635.874163408787
12802.640988746241
13029.318843312096
13248.987491855301
13453.787661687342
13561.978963049218
13669.263087323236
13753.896339611792
13918.34799630371
14060.825319855358
14218.878412729055
14290.899047975292
14368.986567281245
14428.185912789393
14571.377116616
14705.938057057132
14849.294002485636
14901.888308034475
14968.968891778066
15034.593159760761
15179.508659020708
15322.807494027234
15464.746661679312
15518.29427196456
15566.40540938673
15602.277344064234
15723.687511563456
15836.096197934248
15951.797519788588
15976.15950787923
15992.761068242506
16001.18265893221
16103.28291413276
16211.184270275282
16304.581775785531
16298.418243319355
16293.003736003202
16306.95625140774
16424.559789625477
16532.522649299353
16651.545161848207
16651.916379591185
16642.141711211112
16636.34280682384
16761.010464931533
16889.46717988319
16994.71070484821
16970.550799789242
16943.807746412313
16910.286125255396
16972.3541711915
17026.255426782183
17078.959560065654
17012.081059353743
16953.299059237095
16878.31746826584
16889.880132165323
16857.720374917542
16793.034035788398
16591.91968472979
16358.160137836443
16084.12236755313
15852.623075438003
15566.84032721576
15212.17582040237
14739.391585018579
14205.753998443455
13670.963220654958
13174.877933096837
12687.20325345496
12167.344654463697
11620.999998994483
11114.81275640716
10719.171521811702
10510.867847245687
10432.554082806446
10410.338128650037
10347.413426383999
10250.002815451198
10157.185200379683
10117.873461054265
10083.229400449667
10025.701633062248
9905.365580807473
9778.257550436798
9669.800465957172
9620.984234478818
9603.607290309215
9617.399457221229
9614.684515621731
9638.506151258103
9664.342027547176
9738.849162704924
9788.414419333301
9798.428512174816
9703.390180309541
9571.968116523482
9417.92812907235
9303.814916260435
9188.445274164615
9085.123734555242
8936.458716435804
8839.636782160496
8777.981688506521
8833.488625577165
8909.278548675129
9026.190172164843
9133.847710736523
9265.64758192963
9427.483141983203
9644.272107325
9881.97666644545
10106.137269334102
10260.032284175553
10398.5931507111
10533.252936113387
10714.268811738822
10876.139516667472
11014.234713608283
11076.634439302892
11109.435590520778
11135.372508325692
11193.620745652142
11231.177437778528
11233.951686354712
11163.864019237575
11085.6710653064
11003.524312929354
10976.038824066478
10939.797868200689
10878.652375235293
10738.292530406874
10582.255874740578
10416.58513019451
10295.952543056294
10158.257119069453
10004.744304744438
9795.445590902878
9583.267193859907
9386.238434528697
9237.93365137877
9106.272163131269
9001.485521542229
8883.774352144572
8806.824648169151
8759.141838911944
8801.032333445946
8856.016490499862
8911.14781671815
8910.282374169443
8903.220450834177
8895.523723192882
8937.528438570878
8987.616475215988
9060.280700987018
9111.814070619563
9216.183366817095
9363.811611121839
9616.364879961227
9892.19064576395
10195.253689749343
10445.006351356244
10692.391127005007
10930.267017391447
11201.64695649726
11451.23048339286
11652.52934504561
11760.375787320821
11818.973276843322
11851.361475779073
11896.496281593381
11919.93132360393
11879.532289705903
11761.135795244301
11591.175179384465
11401.68279920202
11244.668676697716
11089.350294415752
10945.785676291487
10726.106044974824
10528.06467393053
10389.65097655936
10336.612966962693
10237.702109175156
10099.09072188169
9959.337126148304
9871.648466282963
9779.516176275398
9679.250044242805
9559.16879233232
9417.444887040076
9224.152467240216
8958.843805303508
8650.449723080264
8338.03814232508
8015.247840649482
7705.737908642631
7437.215687191306
7317.479294367492
7313.209192045951
7349.120664707923
7411.953111676882
7433.991144903227
7424.4009871172975
7370.3349899247105
7308.084629949168
7354.8185275793585
7381.02122850202
7395.05501643017
7383.45940421031
7367.789183036509
7388.61691462748
7405.892817281241
7468.613239960905
7557.676943063531
7625.350596573997
7675.205798421739
7736.601698622038
7833.507101975641
7936.439851404506
7993.976405010697
7987.872179521209
7940.59353632736
7887.331478152094
7824.7120969882735
7734.954282602927
7591.275443634672
7371.8000919043725
7116.53847112956
6844.855407476229
6596.477789106616
6353.207160396254
6114.801900329006
5857.165803931978
5615.25703913075
5380.816560282834
5179.464981317472
4993.8978443699025
4829.45058078736
4676.908643636275
4554.5297955178
4476.998004548964
4448.0276447141905
4433.126217682642
4406.427095399554
4350.678537312774
4280.608442633172
4215.041285072478
4182.655282691411
4171.575860824206
4171.6175953633565
4167.244254971285
4160.14059709687
4165.399149029877
4185.91277329987
4218.037385672571
4237.93597462876
4241.112192713609
4229.209062836847
4214.878740025258
4211.364252517818
4209.833253897388
4207.524674915939
4182.264295956208
4166.255805359817
4148.553771095777
4157.100565402935
4159.444289259459
4171.549502167901
4153.627812434644
4140.914153876475
4126.164289118685
4142.574749223743
4157.908897529646
4171.435281323908
4159.316889087314
4142.945966966716
4125.529484812654
4130.230111853856
4140.378194531592
4144.578007102983
4135.616063959009
4115.227643306466
4097.80676804302
4094.4328600358763
4101.8132838015035
4102.265774068086
4084.043156342004
4065.846897272227
4059.5581611885996
4070.8638281890985
4084.45830517882
4104.504063299387
4110.215105498978
4121.342851569414
4137.957591260841
4184.405936781055
4238.873903482311
4292.590648478851
4323.485190223949
4358.693765384431
4404.571006684687
4480.556423150249
4561.600505071835
4638.778650735235
4698.452452056888
4752.362493866338
4817.578202676287
4895.38016987226
4983.0842056204465
5057.611109770421
5117.0828280603955
5165.215931029489
5227.415770247116
5309.134194459193
5408.978587990896
5500.537577223807
5579.224755960712
5653.123445468732
5753.578481204851
5892.703862296283
6065.954917084963
6243.779198742701
6409.878271453737
6556.871711452452
6724.851034979972
6909.816315941891
7111.446857353157
7276.680487515485
7399.538184556845
7489.080736582361
7586.348571460175
7695.879771184266
7817.628208106088
7903.320199756261
7949.702648635705
7959.705758703759
7982.45327909567
8027.924157777882
8079.6618069968
8109.361422989368
8101.611978035461
8076.2198057942005
8056.45520667423
8061.179995817045
8082.247151869463
8082.209810439695
8041.395627704842
7974.657706493225
7918.994814039436
7885.104171694249
7868.192897119385
7817.617225332627
7741.475853483921
7621.524198300275
7518.951683840915
7419.039197113759
7332.2006039142825
7211.66246862783
7056.858080143828
6860.6222770564855
6671.828401266149
6493.463767154142
6325.609647244077
6118.962174915941
5891.120146363243
5642.439403446114
5422.223812784563
5227.411377137734
5060.556689612596
4880.924643443217
4710.201823105202
4534.310509576559
4389.9024144505065
4257.265655919693
4152.39774180704
4051.914150859919
3953.8950942773904
3853.780524518553
3767.6096839454917
3709.592084861721
3655.581001536433
3604.798853608603
3538.493653671347
3484.076207728012
3431.7982060548297
3405.3253289050313
3378.3472441760373
3355.5052719323644
3314.495595829914
3280.1920012025985
3247.3952430940976
3227.5274059035996
3211.3234219396086
3197.217147706619
3175.029748761203
3153.5166921062787
3132.8097710233724
3121.0516137562936
3114.426804804769
3104.801502143769
3094.6138814815736
3077.015085288063
3060.6705218237676
3049.041961283521
3045.850367315825
3041.428702720525
3030.7073192681405
3014.1233313424073
2999.3383217095447
