6948.04954691346
7064.875504770179
7175.570878481103
7269.879954188588
7386.787184568912
7454.502572618531
7532.6120574714005
7601.364219335712
7717.660807511623
7824.8636592620305
7956.558095829917
8062.227752405198
8226.321370682303
8438.414102092282
8810.83336048233
9157.921950162492
9496.105707120678
9683.438874040738
9883.041995471152
10031.544468543369
10216.048473019933
10360.489516466367
10513.736547673632
10580.041747610887
10655.702073982015
10712.76197522001
10840.19070257574
10955.393406514957
11086.60679760526
11154.065188755892
11229.016027961456
11287.04900292807
11410.61838368969
11515.189762918899
11625.379929050634
11625.729181246681
11645.823263570477
11639.936496995515
11726.155661771809
11785.076044834053
11841.118941249579
11805.011975220006
11754.240810065641
11695.814651809133
11701.760725360784
11703.983638709238
11697.675133633384
11621.296533877925
11554.613526533618
11479.873556578503
11472.67983996171
11450.211282015705
11421.38369823592
11313.570204281095
11203.057144609615
11096.315569344559
11069.315519068647
11047.89911082018
11039.396247606865
10954.72345733385
10855.975144593529
10724.030300790737
10624.97666694821
10504.820732178194
10361.640511125055
10159.405917173448
9945.171544938623
9747.077456581721
9628.261420173914
9535.199987531574
9464.071153490357
9357.599754452438
9270.0780327437
9190.89662920106
9155.518919329279
9114.436756921985
9068.269570402364
8977.729782546614
8910.840299061247
8876.185255683191
8919.110327477198
8975.469527768395
9034.798470003378
9039.057589551458
9045.357308408546
9057.016620714481
9129.929057165726
9215.473879651528
9333.729794612836
9432.080530953872
9577.806558895214
9762.741088091445
10048.009842515727
10346.170176428239
10652.475335139245
10887.31119383175
11118.13834021108
11338.525262138617
11614.111603479898
11873.792692295317
12124.49426552922
12301.262004380036
12474.539417825023
12640.98554617742
12867.529410907058
13086.337010010939
13290.30688216935
13398.111589905404
13505.635138640864
13590.303535804494
13754.118191635696
13894.601043526878
14052.094014954071
14123.523776988111
14201.532220325143
14260.439424059237
14403.61085889361
14538.020237060993
14680.635943558254
14732.652555223072
14799.063189785551
14864.081208673202
15006.973681061665
15149.327997550556
15289.514314558293
15342.363420451436
15390.006691724178
15426.451927176342
15547.435963065305
15658.575040824047
15772.52351203405
15796.597751460022
15812.720462900403
15820.511642393461
15920.55152929276
16027.203045815435
16119.254063299384
16113.461748576185
16106.652429030519
16120.130488621553
16234.898274731726
16341.771643278307
16458.02649691507
16457.844182875622
16446.149725694613
16440.082841634892
16560.26733161591
16687.14472374391
16788.219187903218
16764.97304959619
16736.14326926171
16703.028010722846
16761.19277897099
16813.91448469199
16862.90424399103
16797.17454138312
16735.798410175044
16662.325852277296
16670.63761523239
16638.63161681307
16570.711949177083
16372.580519390416
16138.73311030938
15867.381726414567
15635.159767805717
15350.813566352139
14996.2457079452
14525.409816573354
13995.3635969199
13464.515634803809
12972.006338284511
12487.988922205064
11973.138467911898
11433.209948698457
10932.612937802662
10541.652561256175
10335.233530616022
10257.616074014188
10237.0453393222
10174.933362292259
10079.35248141802
9987.099380902391
9949.182453806485
9914.81735564779
9858.482317458207
9739.591598190871
9614.570294777737
9507.332298152258
9460.275506982316
9442.718445327959
9457.167382092926
9453.37173558489
9477.318574838713
9502.036404789485
9576.947706010587
9625.777116817097
9636.14924807343
9541.901675897325
9412.959522358704
9260.957937661888
9148.854572393293
9035.503564059558
8934.053489047896
8787.275311409014
8691.951427433756
8630.707089507216
8685.702229334589
8760.93862065013
8877.373591771642
8983.238741714527
9112.767375355952
9272.44152559245
9485.830224270798
9720.253130681176
9941.079363547147
10093.296210603794
10230.39417171437
10362.580636533296
10541.580074951335
10699.879181950548
10836.636677083838
10898.153387792205
10931.156622041766
10956.728911767781
11014.012861584373
11051.837533383203
11054.031891520664
10984.407697443568
10907.168048248788
10826.785129289541
10800.00034137346
10762.619373622443
10701.983481345627
10562.864689918273
10409.701127789309
10245.987513473947
10127.11875975353
9991.215724395484
9840.015882161306
9633.487023786542
9424.087268429144
9229.17379126647
9083.173193988612
8952.94605595508
8850.252730987659
8735.20378587689
8660.112367171032
8613.45095584568
8654.304676564987
8708.875881336777
8763.214251311198
8762.71563339608
8755.069426512704
8747.111308863045
8787.571846292454
8837.06461661599
8907.925470984763
8959.059067663335
9061.871006584135
9206.746967859615
9454.946665299163
9726.205793896905
10024.579193614556
10269.925566509004
10513.602557837412
10747.994712482103
11015.102352711683
11259.86224550332
11458.389055134578
11564.827505852118
11623.159212256869
11654.363468213558
11698.551558955549
11720.326005618837
11680.724321074056
11563.645759427744
11396.687833832073
11209.624843139149
11054.906120288142
10901.927068753317
10759.922004460479
10543.049570040383
10347.90984774442
10212.88982737262
10161.055529747255
10064.554292457005
9928.312987676369
9791.548902879002
9704.88823060959
9613.386351798676
9514.635842503663
9396.819238480783
9258.146347655935
9068.458474105892
8808.096453335907
8505.874689797609
8200.336128674166
7884.801047146742
7582.447490326915
7319.2826657697415
7202.280983537654
7197.7846360828225
7233.3336772205885
7294.048645466321
7315.267363792495
7304.640432191871
7251.187273758386
7189.615649182717
7235.15462106038
7259.694530081084
7272.623450999083
7260.891652388306
7245.970456364528
7266.005231711632
7282.615578293676
7343.321760320643
7430.109832762202
7494.914785844717
7542.637133086372
7601.041325795965
7693.9797513755475
7794.338138705218
7849.434320048432
7843.648594989306
7796.119544560552
7744.041429364353
7682.750963789276
7595.356642252683
7455.48223601123
7241.647636730377
6993.232676930999
6730.146928342747
6491.1727606102295
6257.158413372588
6027.513013417633
5778.061279803562
5544.1523671911455
5318.27186197854
5125.489042867254
4949.213332267483
4792.192620099103
4646.818040908504
4528.986061002779
4454.661239884482
4426.947309333621
4414.049140181317
4389.379634433778
4335.596992796469
4267.446686917807
4204.091459932108
4173.3990012186905
4162.864324915136
4163.437625689788
4159.160933704172
4151.93646532169
4157.072010191938
4177.036495788891
4208.952435465834
4227.94824044355
4230.948734153027
4217.940737266114
4203.322665789853
4200.102516611161
4198.777994131794
4197.246995511366
4172.2897410991545
4157.44322793491
4140.303511672062
4149.032620018666
4151.3587714376545
4163.116928704733
4145.023907705489
4132.608980585455
4117.733912210215
4133.647950954845
4149.127071870429
4162.150444640189
4150.776684444233
4134.5529314880105
4117.415411779853
4122.144594032054
4131.436020379851
4135.793984889077
4127.253780245995
4107.22998767235
4089.5499189552283
4086.2309248153892
4093.721176315623
4094.999571146455
4076.25417340364
4057.7328242394233
4051.7735713596176
4062.3697511945534
4077.036146874045
4096.605252626417
4102.608436600065
4112.33478077691
4128.029164052324
4173.005817928795
4226.008682650384
4277.531069509466
4306.424549930015
4338.913790381616
4382.0497314260665
4455.256506206059
4533.506570559229
4607.611736208311
4664.289436929869
4714.590539380116
4777.190151551716
4851.288727536721
4936.714936069147
5007.843770110366
5065.072806059657
5111.758379486622
5171.249866768828
5250.508149725694
5345.640933442734
5433.841390551347
5508.724136561451
5579.578401266151
5677.215257332238
5812.8283474709215
5981.091026553729
6153.2438039963345
6314.861905135384
6457.9366915633
6622.243375645542
6802.374039730039
6999.325919647024
7159.727129486625
7279.445949872905
7366.506395096289
7461.709468563477
7568.609195766367
7688.721199442542
7772.48241951832
7818.003818958448
7827.695018260217
7850.238259065757
7895.16439218431
7945.208497735571
7975.705463081387
7968.3513979720665
7943.820275170135
7923.961224198404
7928.530057958077
7949.7619556124
7949.155706517365
7909.268469862604
7842.912749167431
7788.719351802695
7755.522820740222
7739.7779167068875
7690.900181697153
7616.639060664929
7498.912515384432
7398.053313584955
7300.025470783662
7215.9303743946775
7097.773304394519
6947.430118490277
6754.605564839844
6570.692433575464
6396.389229089243
6233.670654049424
6033.0483312418555
5810.695492864841
5568.13874442943
5352.5556876136225
5162.964462470035
5000.726932907797
4825.694472263785
4659.186840380007
4487.66667068874
4347.535267548305
4217.7210817969
4115.346257259842
4017.274483364706
3920.9972946530556
3822.5586961243303
3738.4284548602736
3683.130190485386
3630.6786609915216
3581.53733941873
3516.532499859228
3463.8744942243034
3412.538814514053
3386.729296881282
3360.8934205922087
3338.3128383569033
3298.599129522823
3264.8161183575485
3233.405386259796
3214.0339704297203
3198.20340076339
3184.1981680462372
3162.3929696172604
3141.374137768073
3121.236124350439
3109.570222380427
3103.604379836546
3093.9900599490024
3083.984753326255
3066.0806360305337
3049.5273998704847
3038.7598887695626
3035.6056362316353
3031.9901072083558
3021.119358036905
3004.963698276141
2989.948050400602
