6973.841492108701
7092.257755562529
7203.873485689463
7298.501061827311
7415.3270196840285
7483.20934589025
7561.428658477728
7630.002899411972
7747.287937199351
7855.729645796131
7987.744779349069
8093.627501729487
8258.604134992836
8473.161400767414
8847.513627286551
9196.22327432952
9536.120343947583
9724.613291745096
9926.0373570153
10074.625495720515
10260.796685208426
10405.663860265138
10560.334258912915
10625.947544122144
10702.605106323505
10760.506288008593
10889.494569195747
11005.160746175008
11136.782696438051
11204.454153393826
11279.354471841465
11338.035430442265
11462.02654970478
11567.09654684911
11677.974234599484
11678.424528311376
11698.516414080475
11692.333112622073
11779.259568009236
11839.330945730168
11895.228869536013
11859.471155702495
11807.362288740609
11749.559952016667
11756.184760968195
11759.857400413466
11754.073871909037
11678.044524349627
11610.84752320736
11536.061425603708
11528.782043353922
11507.24921770677
11478.67643427128
11370.764095355311
11260.200514925915
11153.608305379925
11126.371027197258
11105.567457707895
11097.01407373666
11012.98267743375
10915.567673391573
10783.991850777065
10685.010703239377
10562.873476137042
10420.198462663097
10217.579471640363
10004.140252204095
9804.925920954194
9686.553588594206
9593.861177140147
9523.727382374473
9417.708473603132
9329.576109689971
9250.45620967871
9214.678726852968
9173.985354626193
9128.290427365386
9037.961508760078
8971.118152923244
8936.588313162638
8979.873619926157
9036.489817116339
9095.952749187545
9099.383767616686
9105.362789488718
9116.268683535245
9190.064134972732
9276.727003796836
9395.527664321799
9493.78394881108
9638.89274488393
9824.506009480028
10110.271185264735
10408.932333647057
10714.965119576236
10949.9239853315
11180.964197515967
11401.403836756117
11677.409720043603
11938.219837970786
12189.890091823932
12366.403030330452
12538.83916332834
12705.307257227663
12932.06858087182
13151.500001508277
13356.563757903374
13465.515067188733
13573.844751496212
13658.201237893563
13821.864331451006
13962.634932006857
14120.652880005471
14193.051322658755
14271.075141878633
14330.35795646508
14473.085687251638
14608.033221318597
14751.009162785367
14803.638613209296
14869.915257935552
14935.666926090393
15079.640103387394
15222.646796619849
15363.439362722618
15417.287901000687
15465.739504400146
15502.11884321155
15622.184719239192
15733.747732053513
15848.454014632303
15873.340979294364
15889.795370493264
15897.911640080762
15999.425415178499
16106.166990443555
16197.925866153442
16191.252732998691
16185.381342306573
16200.049934540753
16315.845708246858
16422.811332090514
16539.542838095473
16540.21059072189
16529.99002173931
16524.320714078873
16646.185568399378
16773.058567418
16875.604723221044
16851.363545638473
16822.832496742125
16790.740832689804
16850.21255097978
16902.925470482016
16951.185973623255
16884.25255904404
16824.26245384671
16750.223184838385
16760.83474055617
16728.218099932423
16660.755315672406
16459.803509661015
16225.117016687582
15953.449328917093
15721.607374269995
15436.419892369324
15081.316074617505
14609.970582557076
14079.26100338658
13547.896850917832
13054.17285965378
12569.966539870815
12054.48128127162
11514.537386175332
11013.022215418214
10621.005296064804
10414.118399275223
10337.368581776791
10315.934601090785
10253.587592708784
10156.697565238026
10064.811289355986
10026.76476553325
9993.014702688357
9936.189832802424
9816.607198807054
9690.694094188912
9583.133204023685
9536.199419916506
9519.198086599261
9533.906216817903
9530.253346364854
9554.454985962968
9578.944374225752
9653.33289543012
9701.314436125454
9711.704139819327
9616.925001407726
9487.543536930672
9335.098248186043
9222.522623658637
9109.652660802487
9007.266853491965
8860.653417454994
8763.458068882024
8703.388887715786
8758.770621168975
8834.558347712244
8950.061979644288
9055.575680836433
9185.016452290169
9345.1848273324
9559.634461927053
9795.423625355954
10016.425582597292
10168.660002091476
10305.272524615088
10438.84281889007
10617.591850073206
10778.467515726308
10914.671479077178
10976.517672989365
11007.893260212042
11033.808212470036
11091.915870296187
11129.766900751323
11132.824504882798
11062.361226913301
10984.247348951047
10902.880373489717
10876.30645482408
10840.041336856673
10779.55261374423
10640.741339973778
10487.138466906385
10322.833979378833
10203.33701101646
10067.539410283634
9916.5504372999
9710.025972034522
9500.182512629308
9304.924176379973
9159.492486767378
9029.98142556349
8926.930062181249
8810.567577364576
8734.450367617485
8687.468259307081
8728.792042730507
8783.385213049212
8837.971793703844
8837.2557168742
8829.666620412823
8822.154403365668
8862.89170668629
8913.238936785076
8984.567657303283
9036.208658115747
9138.76360013756
9283.931703187096
9533.295574613481
9805.389393994243
10105.060957534954
10350.57207203131
10594.251259914412
10828.51821094165
11096.638462884313
11343.381844562966
11542.495134297025
11649.71775503966
11707.781481771965
11739.293255385559
11783.83718798768
11806.125628448934
11767.14556888203
11649.223530233927
11481.45287940216
11293.04120412826
11137.689873525911
10984.756949639625
10842.789226776551
10625.490660746176
10428.519011836961
10292.596207486686
10240.03045714883
10142.999850177775
10005.796454441981
9868.237216846052
9781.293189021348
9690.509583594765
9591.073749235808
9472.65748578197
9332.323999609858
9141.678428214034
8879.280201244428
8575.02223150651
8266.777515002334
7948.863564743314
7642.767078728061
7377.497954775811
7259.575916127709
7256.261315097254
7292.746088533874
7355.266624736555
7377.139916360989
7367.125823519474
7313.255319694484
7252.314106315462
7299.00187629712
7325.200184110399
7338.917668162879
7328.312702109176
7312.908264053124
7333.41310210435
7350.227728272762
7412.57254010007
7500.316113832715
7566.79484159065
7615.275000201105
7674.718163280085
7768.871283604421
7870.130258357866
7927.075938751866
7921.022234020299
7873.980818733205
7821.314026879515
7759.7665644054605
7671.7132764612215
7530.327640591568
7315.491412371092
7064.381279964445
6798.6179312064605
6554.99146063597
6318.095233642227
6084.939739289218
5832.7994227319505
5594.4358972038535
5364.500552029536
5166.2856531645675
4984.520752389114
4821.85928777129
4671.619339937577
4550.6418937126955
4473.384672080377
4444.609805613204
4430.239944817156
4404.535861809612
4348.706031199222
4278.541484667857
4211.985877495695
4179.094667535436
4167.650617589333
4168.12946651222
4164.063643777051
4157.030275652786
4162.780855836835
4183.485580365045
4215.399323487298
4235.853640780603
4239.26269366282
4227.126728988688
4212.111081113148
4208.073813588975
4206.132059241115
4203.36000721962
4178.288531963416
4162.53044860193
4145.537901503457
4153.990243958852
4156.533854292361
4168.60611888042
4150.001300637904
4137.522673431796
4122.362052946575
4138.724188848405
4154.38782035813
4167.854897175703
4156.560212948664
4139.864200733629
4122.3203184074255
4127.422914957291
4137.151455688826
4141.3995924634455
4132.1542937641825
4111.598934955037
4093.813431612692
4089.743215768136
4097.207108612064
4098.257061754913
4080.1662373103595
4061.3549429267805
4054.7872443972497
4065.2164860755806
4079.790626458
4100.023091727401
4107.2629359927305
4118.575192657307
4135.536987990091
4181.466946602959
4236.084279023279
4289.959175957655
4321.2029698988035
4356.106223957077
4401.241029771385
4476.251175953634
4556.442994654665
4633.067608535644
4692.343833458017
4744.843687155107
4808.80735979053
4885.043183490999
4972.2112598942995
5045.123696345544
5103.073202233858
5150.520980139004
5211.916880339302
5292.576565189761
5389.905903598949
5479.204638053637
5556.229024888587
5628.324342994353
5726.991383211064
5863.795005992891
6033.733656305805
6208.16426096417
6370.64780465193
6515.264572473737
6680.065481361714
6862.184027442604
7060.236381260355
7222.708942174653
7342.89562871036
7430.861054466911
7526.283783403316
7634.1499946707545
7754.332288097076
7838.9238058464825
7884.667057310514
7893.888193908162
7916.020678986271
7960.687618651154
8011.340169852148
8041.184758454398
8033.843872673231
8008.781183635793
7988.254380037647
7992.142281842753
8013.666321271136
8013.596031520989
7973.932843444824
7907.17295668629
7852.724758977262
7819.143830843669
7802.878343348297
7753.640373369052
7678.748841140178
7560.21835684235
7458.3772950954835
7359.13475754943
7273.851325071994
7154.514705202149
7002.297858145502
6807.663343428736
6621.786492269574
6446.290558585516
6281.786184580981
6078.075505876251
5852.550842523771
5606.602613643675
5389.273295847612
5197.235108776968
5032.678017459821
4854.917435888153
4685.780528037871
4512.134093404605
4369.595266321573
4239.2429246705915
4135.510629333784
4036.5097128038674
3938.800370432935
3839.8060435670973
3754.3886212534394
3697.7943896101838
3643.9436547774185
3594.1916910002096
3528.1742397276244
3474.525587926541
3422.3771829801954
3396.220609706066
3370.099181307012
3347.4614886497097
3307.198641142591
3273.0356260155736
3240.8297411192616
3221.3528906639654
3205.480586458487
3191.4555847491065
3168.940899154562
3147.6277289766235
3127.2964187460766
3116.0830070426505
3109.464787755203
3099.9163645084263
3089.4695503925564
3072.110178660489
3055.3614491328385
3044.407230883082
3040.875170938103
3036.916979382848
3026.1582545006972
3009.7038633018005
2993.928207502779
