7043.553548373474
7163.261385986294
7276.539908015191
7373.37502161865
7491.431050102966
7560.888306023452
7640.656189668897
7711.343516216996
7830.0607076636625
7939.176758550927
8073.63885403092
8181.843334720946
8350.371796921501
8568.278808601606
8945.383318150007
9299.619496798432
9644.410490270606
9839.649057527711
10044.064830288622
10196.288267009346
10384.732890603635
10533.039870308252
10689.539999014592
10757.020355712148
10834.172142719244
10893.165012086329
11022.851797665588
11139.996255952667
11272.916370038774
11341.793735520545
11417.546317188733
11476.42716226652
11601.498986437568
11708.06923043664
11820.33294419776
11821.46197330953
11841.988776907672
11836.497390177297
11925.565486389305
11987.407287192109
12046.070673355369
12011.347536781856
11960.244691868977
11903.81520182763
11912.214826970414
11917.82043454478
11913.17252481619
11837.114622045787
11771.769316509008
11697.655364641156
11692.109064043476
11670.984797569059
11643.119304744434
11535.859342572037
11425.199113736186
11319.134077316317
11292.83253143251
11272.93613903101
11264.833048771667
11180.731362718603
11082.213688220958
10950.143640800712
10851.188851919333
10730.830834117638
10588.511662503823
10384.324331430893
10167.214669104045
9964.865854308446
9844.716509202504
9751.022468808826
9680.073752252363
9572.440375782295
9483.97193900124
9404.318276199787
9368.171772185759
9327.052268348702
9279.977904741223
9188.636374422835
9119.87322978506
9085.016103375323
9128.06637878678
9186.114729636241
9246.383797279474
9251.451248954265
9257.660909068973
9268.990738171085
9343.52642853983
9430.995432935955
9552.032186137525
9651.580044785786
9799.063316480851
9987.34100191853
10277.813394408515
10580.619441494926
10891.025567816177
11128.45116449073
11362.072328438471
11584.343894291875
11862.614425466963
12125.763874141288
12379.408830662678
12557.740516454303
12731.04868166498
12898.397593995855
13126.230836329778
13347.485397360719
13553.034592342774
13661.856304901297
13769.724712723424
13854.814848387958
14020.509755035637
14162.703723031998
14321.75844484531
14394.170066826744
14471.633764600134
14531.39103500008
14674.856808163204
14811.851531203247
14955.967484555242
15008.66942128401
15076.270588489626
15142.020060089766
15288.014067703547
15431.72146188281
15573.757277941346
15627.291708898438
15675.468742961375
15713.060579962841
15835.362548667094
15949.111133400105
16064.893727778044
16089.6708647055
16106.538208186523
16115.66489293241
16219.006201534014
16327.349065169643
16421.067267664937
16414.44026215872
16410.273397907713
16425.089159306266
16544.82555213009
16652.896042983903
16772.80376707371
16772.430352776042
16762.956612388796
16756.898514547847
16882.743525970527
17012.076666244346
17119.308073205753
17095.49522378815
17069.444085139246
17034.727538229807
17097.852126972826
17151.197654226395
17205.402034364597
17136.232527108776
17077.555961617356
17001.06753412729
17014.341314131958
16982.078318813652
16915.964219134617
16713.797718378464
16478.821280185653
16204.016912314779
15970.430893242112
15683.156684383901
15326.216546909445
14851.77171617839
14315.95075423927
13779.2182221029
13280.325737648214
12789.784554133084
12266.958409752726
11717.430946534585
11207.571064501986
10809.535585292078
10599.46148764419
10519.976959554031
10497.21625983397
10434.003808903259
10336.465797798317
10243.648182726803
10204.538526433069
10170.193197266603
10112.329357011278
9991.020231027878
9862.183512114485
9753.060871563142
9703.596656450607
9686.046184460321
9699.833958262952
9697.397979109357
9721.70066022331
9747.224625746096
9822.96402808614
9872.924664559103
9883.828362050937
9787.364466190453
9655.129677168297
9498.715214094953
9384.048469500622
9267.4751154335
9163.233219408112
9012.441936346671
8914.372359006229
8852.089050710303
8908.23738175105
8986.006400626638
9105.496779324936
9214.030743218786
9346.67189485899
9509.693594446326
9728.235410432459
9967.947620541536
10193.77540844153
10349.05864584842
10488.190616603926
10623.037109155046
10805.272072634622
10968.864876441912
11107.895805681577
11170.897387361838
11203.164775789532
11229.861701517932
11288.12092161784
11327.094391520672
11329.936733292314
11259.128596236149
11179.444181669001
11097.769688550767
11070.596110454173
11033.981740290714
10971.29206937674
10830.615920672655
10674.144347177313
10507.834405215826
10386.180420145762
10248.20823026771
10092.953548071819
9881.695507444858
9666.48806148141
9467.359395864505
9318.042001001497
9185.271252634459
9080.02992422414
8961.712505731455
8883.939093746485
8836.148653309368
8877.670126655088
8933.48458138263
8988.607121382147
8988.512669530384
8980.987273155077
8974.083501757646
9015.460002493686
9067.27233457213
9139.65759789726
9192.759307579998
9297.453693871968
9446.309812249625
9700.350148615602
9978.10888254742
10284.361323945814
10535.919553509657
10785.204348967129
11024.543144778543
11297.847265794679
11548.983756857635
11751.484133926991
11860.207001524368
11918.760559953022
11951.04771737294
11996.323102687544
12019.714213604255
11979.130669112084
11860.020294375528
11689.521522616116
11498.495947258554
11340.14192639204
11183.057514137588
11038.671384558458
10816.107676930997
10616.412300203518
10476.375348914842
10423.354911755716
10323.495142341171
10183.74593971717
10042.731521590491
9954.45198851296
9861.416914526926
9759.953660187108
9638.690661852244
9495.657609963479
9301.816051490581
9033.08296078881
8721.567574348024
8404.426811340638
8078.646998729027
7765.178875166916
7494.121829600853
7373.063110852362
7369.520068133922
7406.705542517336
7470.91742583297
7493.625408240423
7483.778253555513
7429.595838964237
7366.855647292341
7414.733949917146
7441.061854457264
7455.629405175608
7443.664771767464
7427.322404857863
7448.328057378898
7465.961998447481
7529.945440075132
7618.949836201071
7686.524644750389
7736.241463652525
7798.542344385991
7896.097927928473
8000.326644625708
8057.439263176314
8051.0209303658485
8002.496840661554
7948.900906173082
7884.915267990737
7794.4567526585915
7649.110728678989
7428.095592109497
7169.837870734594
6894.818240503885
6643.242438502501
6397.302995841175
6156.354125440415
5895.515452302233
5649.525488882989
5411.331098066187
5205.865372162426
5016.742013168266
4849.15367637595
4693.967087375517
4569.7716885266345
4490.34427085847
4460.9104379836535
4445.730048506202
4418.158894010331
4361.131941092718
4289.803220574514
4222.786336917
4189.495354002769
4177.097999320272
4177.148520078191
4172.601651865439
4166.1745328362085
4172.691710607821
4194.529857357178
4227.390315551746
4247.018728280803
4249.8456941695995
4236.907987032833
4222.4502640491
4218.716121072445
4217.040149842334
4214.520701610439
4188.842977259201
4172.133785716015
4154.240651193758
4163.145483915735
4166.391991750733
4178.519170206095
4160.026376252878
4147.286359038406
4132.345394022399
4148.397815712636
4164.329426894803
4177.552686141547
4165.89117728092
4149.34453078495
4132.165276537643
4137.744525455707
4147.383007444863
4151.543282031797
4141.906996597331
4121.248399717654
4103.662782852295
4100.102167696318
4107.421087930566
4108.466647964028
4089.510380970767
4070.624403727655
4064.1160121748126
4075.3162445500893
4089.8662228308954
4109.890015404541
4116.80257302074
4128.800154749269
4146.117791942182
4193.291000510805
4247.752377547982
4302.1017302958635
4333.740904081601
4370.787995519414
4417.800855595508
4495.178887735894
4577.483792050773
4656.8650820704015
4718.313699583312
4773.1814392385395
4839.882019020384
4918.944808609649
5009.05407174574
5084.4486149991135
5144.9131760099435
5194.8628297094465
5258.874826548097
5342.310956529435
5442.829692351627
5535.025682445259
5615.151604505525
5690.247416320769
5792.813341116045
5934.124294126165
6109.618031255529
6289.381870706437
6458.072877954214
6607.612124841129
6778.385465937063
6965.2222114966935
7168.801096919896
7335.811739828178
7460.433270287339
7550.680916369033
7648.40563462281
7758.376145285325
7881.91697083595
7968.456832597297
8015.583913517386
8025.382743999071
8048.84414466593
8095.057458834082
8147.361819163566
8176.804438257153
8168.94736212333
8142.948940787038
8123.592900839806
8127.537913066909
8148.613855338092
8148.126220196435
8107.158278633137
8039.273755872228
7982.752010533814
7948.751540454016
7932.319114802038
7881.5347703195175
7804.4994007111045
7683.51097171276
7579.1899997184555
7477.711369495795
7389.192411956822
7267.558195878984
7110.882342797272
6912.307208962786
6721.477126972825
6541.197097169264
6372.130479069132
6163.365528017763
5933.001854678475
5681.206397207876
5458.297830493751
5261.451385201991
5092.571474250689
4910.367262536801
4737.230428592112
4558.9536566677925
4413.460463523818
4279.004957707901
4172.955297170873
4071.0066042440917
3971.419207611372
3869.672597716268
3782.418855679973
3724.3309668460533
3670.4978044508284
3619.074262552891
3551.839919980854
3496.4603830823567
3444.1186813231034
3417.1142379378034
3389.8176527784467
3365.8334720948537
3324.801830445482
3290.1511801768083
3257.2116460133184
3236.9967531814605
3220.757624342395
3206.1109976551365
3183.6929604670454
3161.549492615472
3141.2511307053064
3129.19863510948
3122.4420328764277
3112.311522636233
3101.462739011699
3083.6882184428155
3066.739602438179
3055.6272322505883
3052.3609554233603
3048.0491185626684
3036.875244843701
3020.515305496565
3006.6330798421745
