6933.6643102345715
7050.551771622668
7161.09338650514
7254.761068242515
7370.82701817575
7438.294195545154
7515.920438365753
7584.178375424331
7700.06860098219
7807.363708029666
7938.449698947826
8043.877734506976
8207.373889907816
8420.04431520183
8791.802410629536
9137.62358825233
9473.93368405811
9659.744638576509
9859.189608069084
10007.408725586016
10191.952268047042
10335.545441382308
10488.390503080911
10554.456278556723
10630.092442826231
10686.453839672118
10813.566263152179
10928.58665305195
11059.955999525397
11126.939934862525
11201.291114637124
11259.258192962981
11382.122479668424
11486.379751576656
11596.813735279213
11597.119056381422
11616.808972641855
11609.727280314362
11696.750384107983
11755.923370959828
11812.45609907171
11775.843925462943
11725.068367199188
11667.443951405308
11673.572338996406
11676.353177236671
11670.523521083705
11594.663308235593
11529.010485041908
11454.162883906882
11447.676457900963
11425.060730790583
11396.336385081331
11288.551446337502
11178.444749284075
11073.275907178599
11047.134709787313
11026.616692407937
11017.722842459421
10933.089590170859
10835.274813174705
10704.127318725163
10606.316934838394
10486.233486373216
10345.032361097705
10143.305171279984
9930.83902557234
9732.692219902825
9615.055733364707
9522.86852948984
9452.418430848496
9346.917908984506
9259.492835682224
9181.326240407356
9145.60147489422
9104.7235920733
9058.16761537317
8968.187948963914
8901.687255659055
8868.082165423846
8910.87324738163
8966.795333289088
9025.95514081278
9030.436112384768
9036.652362163555
9046.982758880737
9119.638198433002
9205.029262090355
9324.412009608735
9422.242162487732
9566.992920145758
9749.915405243979
10033.310498515855
10330.66030374696
10635.794698807053
10869.758525286774
11098.632934544783
11317.067119351
11591.254255353384
11850.148977589015
12100.347539798415
12275.375607333044
12446.937511563461
12612.267790132246
12837.70459129704
13055.668713399136
13258.415104594018
13365.984780978011
13473.203008611265
13557.049894320027
13720.583391150634
13860.08877620381
14016.964515762511
14088.29103972602
14165.754737499397
14224.83546905417
14366.030004665603
14500.516262247207
14642.033691398392
14694.68730392393
14760.124864757794
14825.753525849863
14968.821722613706
15110.84435934408
15250.758303569994
15303.690878541442
15350.567552226625
15385.9452620984
15504.618522451216
15616.297952664221
15729.91474411571
15754.164707917049
15770.236898599518
15778.375133733934
15878.801614259051
15984.471270834338
16075.751297621347
16069.405451115725
16063.072783938254
16076.968188920795
16192.269737821165
16297.935001287062
16413.15747421851
16412.426021506024
16401.86937965555
16396.081458041732
16516.468031054428
16643.433285370116
16744.69006356887
16721.558146105835
16691.99251994949
16659.503279497887
16717.83937901202
16770.477615654712
16818.810605100793
16753.199516446253
16693.04906275641
16620.009226133025
16629.072210792834
16597.4044817961
16530.81372974887
16332.81189668903
16100.414213704813
15830.233593460915
15599.839168355938
15316.85922392088
14965.001914004053
14497.01275751323
13970.06148342102
13441.906497357506
12952.092373445472
12470.583422824458
11958.902596952074
11421.836188502502
10923.962905424976
10534.46763085815
10329.634512705728
10252.917643527675
10231.12562442685
10168.143811738819
10072.154371691844
9981.166486678894
9943.633956654116
9909.435796652026
9853.210586197047
9734.473625758159
9610.137647408978
9503.385089370466
9456.297546434833
9438.810774530622
9453.171849107903
9449.782565217914
9474.254381043165
9498.429661984974
9572.532631079366
9620.092433273812
9631.119137828407
9536.955034730605
9408.236929770583
9256.042048260859
9144.681118478211
9031.997862770886
8931.545023589455
8786.258306586546
8691.165060853966
8630.228240584327
8684.687421066816
8759.820574311823
8874.902467742975
8979.467257308106
9107.792178978234
9266.719500619398
9479.895133492608
9713.713987362647
9933.905415922587
10085.305144633754
10221.821018750908
10353.361696490341
10531.128867726082
10689.192943373233
10825.873559092297
10886.746679275864
10919.582975368825
10943.874673709319
11001.457354964048
11038.223287401262
11041.715809361782
10972.289305206978
10895.37254955194
10814.255981325508
10788.046690738769
10751.871631513744
10691.868346988269
10553.57985323455
10400.673288004567
10237.798757581606
10119.246307736857
9983.64639692633
9832.879275966505
9627.648581414805
9419.415196598939
9226.02612839262
9080.833863241469
8952.109168617368
8849.91885467445
8734.26366046865
8659.086576129801
8611.970477983172
8652.995529968468
8706.343253776728
8760.905672329749
8760.002888351273
8753.547214111046
8745.34088578117
8786.726172735976
8836.067380785751
8907.349973655417
8957.457779292756
9059.28346515678
9203.190745813023
9451.104891142591
9721.008745495277
10018.738554688127
10263.254629908939
10505.648833297133
10738.756003446919
11004.941090705795
11250.186422084402
11447.863165049794
11553.906235922746
11610.983709598275
11642.36808303972
11686.110273179207
11709.52554619753
11670.483983099248
11553.94138079782
11386.197088622359
11199.463581133261
11045.94637369886
10893.881088915969
10753.141240125811
10536.87066169136
10342.917078929166
10207.745496283604
10156.284612955906
10059.943724158182
9924.543699824639
9787.603890651897
9701.123335867242
9609.972905807073
9511.679279888025
9394.464531850797
9255.954186073172
9066.753947664785
8805.970188393907
8504.196522012806
8198.504202060913
7883.533635089373
7581.026319441092
7318.487512971186
7201.49242040317
7196.912603870037
7232.580258961175
7294.154080091542
7315.785750699841
7305.672812897181
7252.393182284376
7191.416824030275
7237.243544572612
7262.6752547983315
7276.028110771916
7264.474233091201
7249.0148811678455
7269.383532828159
7285.572140909309
7346.328843694195
7431.913204164455
7498.101986703026
7546.210927570507
7605.8298150248565
7699.036220276881
7799.251831551558
7855.1233967010985
7848.584253382566
7802.221573495345
7750.163227291378
7689.435079717491
7602.201106673426
7462.882428769085
7250.359172639447
7001.911264519683
6738.706901978054
6498.6761914386125
6264.72993739643
6035.429396528144
5786.680560415559
5553.171420757114
5327.405136388501
5133.616295228214
4956.077565680455
4798.061814236532
4651.99092720852
4533.570270645302
4458.17792394662
4431.030704506332
4418.226987205787
4394.001185506059
4340.003281508923
4272.272517576461
4208.343989816111
4177.622975891697
4166.824713025085
4167.527610526575
4162.903862899598
4155.371876860213
4160.028572807572
4179.591088895863
4211.245638564441
4230.333698839227
4233.512113478769
4220.765506600222
4206.560387406087
4203.109599984719
4202.215602225014
4200.574775869978
4175.984346091353
4160.593087363454
4143.077760248246
4151.580623461561
4154.04076471677
4166.038346445296
4148.143015368345
4135.598491521473
4120.587236755316
4136.479309953025
4151.703630524321
4164.876369013148
4153.0083840114585
4136.94497954776
4119.684452776842
4125.107746311761
4134.610041910005
4138.807657926704
4129.933576970417
4109.523190770952
4091.924394577441
4088.434069171613
4096.012182859533
4097.661795433339
4078.9383632374465
4060.6674213081365
4054.3479334588174
4065.563541716938
4079.478715691713
4099.493722046591
4105.696792497225
4116.473089816916
4132.338804358319
4176.564236530078
4229.195883508695
4280.667749609858
4310.246555094356
4343.550717336744
4387.58944235967
4460.666620412827
4538.65529475763
4613.144857477838
4670.154237957914
4720.8353443699025
4782.659572735171
4857.065666377078
4942.491874909502
5014.123719975223
5071.203390205445
5117.51774588944
5177.466116547613
5256.755151270171
5352.360194246023
5440.380533869878
5515.01506919977
5586.005520295382
5682.370571194718
5818.357075631065
5985.820208805929
6158.680276859406
6319.402183684058
6462.887725839407
6625.507455918079
6805.684247651109
7001.410450049872
7162.931902782468
7282.075225839405
7369.157636609714
7462.981273730232
7569.793138745435
7688.960623903983
7772.737219862604
7818.021391395981
7827.334783290699
7850.269010831442
7894.569125862737
7945.6434155646175
7975.006958689286
7967.378324243447
7941.920255361422
7921.5603899198795
7926.274196289235
7947.539042263943
7947.6840148736255
7907.40579148366
7841.557474922377
7787.302574026259
7755.011023496955
7739.0596433225555
7690.173122094052
7615.703328366071
7498.394128477082
7397.969844506656
7299.706970353301
7214.669552001383
7096.61352351706
6945.639926416171
6754.199202221792
6570.470581551553
6397.050392051579
6233.668457494731
6032.03352297408
5809.215015002331
5566.537456058851
5351.209199587336
5161.923295545956
4999.626459007031
4824.411684323569
4657.370289649599
4485.5689609577375
4345.479292356454
4216.3702006612275
4113.610979053044
4015.868688361729
3919.488261579549
3821.7327915600836
3737.472953569189
3681.7968817872497
3629.411248934151
3580.0920064312945
3514.922425269882
3461.800946594913
3410.271970071753
3384.9369082524877
3358.986811119423
3337.080571174607
3296.870440980101
3263.60142361279
3231.261548880258
3212.063660870861
3196.200142884147
3182.4475139565916
3160.523701574239
3139.210531396305
3119.314138994808
3107.2594468442844
3101.20793866741
3091.4596289436445
3082.2384923459954
3064.422237237959
3048.5147881574035
3037.4134007432767
3034.1009962675143
3029.512393515613
3018.9843068761365
3003.0966267878143
2988.439017327096
