6986.22347090835
7103.9236575325385
7215.13741815081
7310.303150188233
7427.4607878034685
7496.713764137591
7574.891342185918
7644.66709853677
7761.681960097011
7870.253265420629
8002.079495270042
8108.157711018066
8273.766952032756
8487.83438611098
8863.25194165581
9212.591999895427
9553.38526382789
9742.414170970287
9944.172112553695
10094.745936700616
10280.43168760156
10426.05447747237
10580.423948127323
10647.807656418423
10724.375159877412
10781.872175499144
10910.35305255241
11026.403626602792
11159.341313126437
11226.839242261534
11302.477603085737
11360.422715864668
11484.196376212654
11588.983017801698
11699.722322606469
11700.258281951354
11720.732368236886
11714.617159973937
11802.589175394563
11862.533152943352
11919.470047118584
11882.79636997844
11831.320110767896
11773.392570426504
11780.533569730682
11783.549439323004
11777.216772145533
11700.365913131265
11633.621402255578
11559.11426709783
11551.683322574283
11529.08736445613
11499.244972408576
11392.055299986328
11281.498309221008
11174.996158417394
11147.653445609501
11126.318309884642
11118.13394710169
11032.564962514276
10933.78589800827
10800.709828539024
10701.530991079044
10580.116430470422
10437.612748262465
10234.187621667714
10018.969192930805
9818.854274257123
9699.827368598872
9607.0822398322
9536.436647823255
9429.304085822996
9340.991604425084
9261.709159366605
9226.625787823574
9185.862125846645
9138.816317450166
9047.582418311697
8980.06032707499
8945.506325212771
8988.339141709706
9045.304591095935
9105.05087872243
9110.113937287837
9116.341169840085
9127.949961388098
9201.110608519555
9287.571394311984
9407.180386963659
9506.23621736088
9651.916117653685
9837.643603093782
10124.449945802566
10424.68822045385
10731.867607932334
10968.38163440964
11200.473996291648
11422.837817442123
11699.20393569912
11960.666430369873
12213.083512818348
12391.33392608636
12564.749722476952
12731.571461681704
12958.739147943912
13178.761441792552
13384.172253829012
13493.086221684605
13602.112213829498
13687.11888041572
13851.669382068794
13993.298835509275
14151.571583852181
14224.27534760767
14301.638003865208
14361.77527822691
14504.92694406905
14640.184192347602
14782.549491609956
14834.74841731422
14901.003096493563
14967.279741219818
15111.545060290882
15255.443554728352
15396.042824018214
15448.729384864137
15496.42537344949
15532.36100821307
15654.698121792395
15767.021142530204
15882.443501938646
15906.443058505087
15922.833749617916
15931.70343746482
16033.272126429854
16140.417867758262
16232.286571202763
16225.453089555484
16219.533374660134
16233.980114870408
16350.915900461732
16457.123712936587
16574.066088191987
16574.364819630122
16565.152469251243
16559.072405863368
16680.970208504266
16808.513156703997
16911.843482532146
16888.289826568216
16859.3304495069
16825.78466624838
16884.641349224552
16937.925372946745
16988.193527076608
16921.629133685678
16861.217289987457
16786.218126578668
16795.397528637164
16762.069204293162
16694.694282220822
16494.339939085698
16259.853332589251
15986.301000892907
15753.29047914958
15466.626912495782
15109.886661498304
14637.251791833585
14104.169933595573
13570.848650896121
13075.051112002677
12588.659220301017
12071.385966182412
11527.716714328233
11023.991809550816
10629.94088055247
10422.990283676818
10345.392596067219
10324.202432952045
10261.435882623842
10164.950021216437
10072.518999770742
10033.929926939045
9999.591187436656
9943.054066215393
9823.194666328813
9696.723636818864
9588.93869807504
9541.501902943357
9523.59339253825
9536.961624394682
9533.906216817899
9559.533420411219
9584.96073752755
9659.566717646443
9707.723982717149
9718.315769442701
9623.270847913349
9492.630757597697
9339.049850077225
9225.971214525314
9112.077657182619
9009.786301723861
8861.66822572277
8765.654623574177
8704.181843959652
8760.26867146902
8836.267267262736
8953.879591699246
9060.104976611647
9190.354080192092
9350.746503812925
9566.70736803578
9803.032490809563
10025.659898523094
10178.676291487684
10315.81598713741
10449.056798208567
10628.79427900317
10789.577689359203
10927.264327127277
10989.398269704137
11021.935834358965
11047.376330803449
11105.007336261404
11142.823221841463
11144.890179806776
11074.470832931125
10995.926430249208
10915.209634976754
10888.47536781859
10852.471639859552
10791.398633198998
10651.869086044213
10497.170132185436
10332.048526312403
10212.06172625368
10074.831971861575
9923.0148977589
9715.203251443923
9504.650304873143
9308.574850278326
9161.429848005857
9030.838081893433
8927.641745901508
8811.86793774233
8735.682634799783
8688.399598496551
8729.837602763968
8784.549387036051
8839.105215924994
8838.127749086987
8831.250336345865
8823.538232821726
8864.058077227826
8914.12195177132
8985.626396664898
9037.500232274724
9140.47471624274
9286.552192934827
9536.61676530801
9809.576027237481
10109.985633154753
10357.746019655873
10603.404303316604
10839.516360285244
11108.299971744937
11355.858275214376
11555.839204051837
11663.516511615744
11721.60440044967
11752.452814546232
11796.076390732342
11818.437317498436
11778.787308750427
11661.082729016847
11492.301663026692
11304.122822550155
11148.125704868318
10993.813344635359
10852.036722030503
10633.896875553035
10436.975747401737
10298.860781468698
10246.163237849316
10149.106272221956
10012.419066838813
9873.943865936259
9786.193702539536
9694.30303354811
9595.190092728897
9477.10990214296
9337.143240604435
9145.898009777658
8882.476188321509
8576.500512814322
8267.856023356175
7949.012930462376
7643.821424980292
7378.020734792542
7259.55834369017
7255.428820868928
7291.498445468729
7354.238637140627
7376.329387679586
7366.119801470471
7313.204798936563
7250.778714585645
7297.560936419065
7322.702701425423
7336.789206666182
7325.4813431109915
7310.039563625173
7330.788219247227
7346.809889171774
7408.614348544815
7495.846125034189
7562.713642972635
7610.886283926186
7670.902747779815
7765.262344245217
7867.000167921554
7922.832195086638
7916.4819554716305
7868.68053226105
7815.969809313512
7754.011591112023
7665.740844253262
7524.1245701409325
7308.427292481137
7057.224904777419
6791.050800292003
6547.92294763663
6310.580820040381
6078.016198899561
5826.662248922084
5589.71330461573
5360.520394927359
5163.1841179392495
4982.293445931271
4821.644025411458
4672.063043985392
4551.981792074906
4474.917867255498
4447.026015774571
4432.779162041283
4407.3101103858
4351.9788976905265
4282.4755141215
4216.989629084416
4184.814495953798
4173.3243183591585
4173.196918187013
4169.168436881609
4162.11310321042
4167.705531456636
4188.243317828244
4220.596371888928
4240.477388407579
4243.146202358542
4231.023417012563
4216.427311083224
4212.800799286485
4211.094076290685
4208.781104199851
4183.698646170184
4167.687959019098
4149.96835231752
4158.291098046078
4161.034594856575
4173.098073225867
4155.5124563605095
4142.713132169348
4128.334485154529
4143.817999179498
4159.226830344935
4172.190896138008
4161.166388138104
4144.949224845956
4127.297711339835
4132.5079390696155
4142.1859590432305
4146.871210201588
4137.379897376806
4116.765231590973
4099.184007834999
4095.7639721793203
4103.252027124862
4104.126255892338
4085.6049067281233
4067.0352333606806
4060.6827971909806
4071.7314672924986
4085.774041439419
4105.452974926397
4111.840555971171
4123.122060870056
4140.362818648746
4185.862252541951
4239.792063343631
4292.483017298936
4322.867958355454
4357.415370553598
4402.934573439034
4477.514194901621
4557.104157617002
4632.4965043156835
4691.4827840186945
4743.642171738501
4806.859015778593
4882.176679617743
4969.292038708431
5042.1671337299085
5100.349474415591
5146.876895904724
5208.597886199461
5288.537101110895
5385.565511527261
5474.19210024615
5550.818910681822
5622.362893559856
5720.678485025823
5857.337135197966
6028.055562426594
6202.213794303135
6365.738504914974
6510.552962659073
6676.094110478304
6858.335663621957
7056.976694097204
7219.989607465771
7340.6858946900575
7428.321837242788
7523.698438530656
7631.834826025224
7752.179664498767
7837.186331084995
7883.23710020593
7893.128185984686
7915.5506162821575
7960.564611588398
8012.300064252619
8042.559801691686
8034.469890760494
8009.066735745774
7989.106643258204
7994.23999157376
8015.673972259764
8015.368651157555
7975.283724580501
7908.41401008736
7853.300256306608
7819.424989844264
7803.449447568254
7753.576673282977
7678.621440968035
7559.311179754495
7458.157639626271
7358.923888298986
7273.86670095484
7154.501525873998
7002.644913786865
6808.280575297235
6622.665114146436
6446.598076242418
6281.6104602056075
6078.501637486526
5852.704601352222
5607.711873763212
5389.062426597165
5197.96216838007
5032.886690155574
4855.901492390236
4687.0127952201665
4512.771094265328
4370.465101979665
4239.447204256962
4136.633068781472
4037.4103002276497
3939.367081543509
3840.267320052448
3754.6412250430353
3698.4028352599075
3644.4884003410716
3595.1186370802957
3529.674486582364
3476.144448734656
3424.092692194765
3397.92074303779
3371.219424200009
3348.362076073492
3308.1805010899825
3274.406276143476
3242.22455334878
3222.10191581399
3206.236201272586
3191.995937203373
3170.025997172483
3148.888551369919
3129.141524687487
3117.0912256463503
3110.4839891323622
3100.6390310021447
3091.0950008647487
3073.722449804527
3057.511876176452
3046.230371277566
3043.13981882571
3038.4743366595826
3028.003360442104
3011.4523208367536
2996.478407500367
