7041.260345274868
7160.7419377543965
7274.10612541629
7369.994523947428
7487.923152259602
7556.945490351041
7636.577187605576
7707.385324661746
7825.819160553117
7935.591981293339
8069.333606834305
8177.195424992361
8345.273593481028
8563.488122818027
8943.250463543927
9297.172534871374
9640.92236141947
9833.182400514024
10037.380714360414
10189.674440831284
10378.270626699325
10526.155867903048
10683.589532353553
10751.388389481473
10828.887232129931
10886.878472557395
11016.235774932831
11133.448326415366
11266.590292525378
11335.184302451858
11410.87318403398
11470.412995519408
11595.049901861412
11701.024879538905
11812.726275298837
11814.290222239651
11834.841187939412
11829.876974335153
11918.617783898031
11980.62871941213
12038.244348987238
12002.965484076609
11952.431546828995
11895.810956529429
11904.135898812681
11908.860687955495
11904.300640414593
11829.96483652284
11765.061038479178
11691.037145353708
11684.612222879165
11663.176045638467
11635.675180892738
11528.90724697138
11419.296971278376
11313.877721937999
11288.20878380553
11268.097129044198
11260.795781247492
11176.48102938929
11078.35653818154
10946.106373276541
10847.962113076563
10727.683171243785
10585.429896270733
10381.253547971266
10165.663901491384
9964.964699269593
9845.353510063227
9752.039473631286
9680.827170511764
9573.5298669096
9484.395874056829
9405.28036715495
9369.404039368052
9329.0093985794
9281.625320760326
9190.116852285339
9121.48330437441
9086.593229644295
9130.649527104755
9188.322267101854
9248.980124925589
9253.667572638637
9259.521390893218
9271.446486316905
9345.54286574722
9434.121130262885
9554.353944447124
9653.963306626762
9800.849115445562
9988.195461693775
10277.34772481378
10579.004973796194
10888.732364717573
11125.426508679637
11358.757727408016
11580.2780715567
11858.331143817266
12120.173642449765
12373.467150220415
12551.735135925965
12724.948849284881
12891.796947145938
13118.782319368698
13340.599198400829
13546.234059015886
13655.046985355635
13762.827530990078
13847.827607912222
14013.26551766092
14154.273346123524
14312.910722545328
14385.038988971477
14462.6037282607
14522.552098918875
14666.646086723946
14803.579306232605
14946.746347957582
14999.169322240443
15065.786432943985
15132.924127109569
15278.478823784928
15422.542059824322
15564.301109991642
15617.578544049762
15666.087257871202
15702.712610808121
15824.997007074822
15938.449056924399
16054.648996693855
16079.39977496501
16096.137521719198
16104.952295698798
16208.297997409783
16316.69138180334
16410.192125384114
16403.580495760743
16398.776630649012
16413.528691961492
16532.243686853457
16640.98632344305
16760.44375382096
16760.62606786041
16750.565847370362
16745.012957108607
16870.47576801487
17000.274577883432
17106.693259608746
17082.383988830712
17054.410864826175
17019.4241416896
17081.208832070413
17134.846501098033
17187.658265561407
17120.47664030198
17061.468395052052
16986.269345166278
16998.83363800538
16966.770529164056
16901.40984774442
16698.57120125247
16463.93962214634
16189.328551088378
15957.967641918854
15671.58743082034
15315.782912121716
14841.89161317309
14307.021759415673
13771.73456026675
13274.728916292617
12787.493547589169
12266.459791837604
11718.487489341505
11209.919181467898
10812.57561698602
10603.013316581399
10524.240472211497
10502.793312197342
10439.365598906803
10342.060422599223
10248.04788177518
10209.105163638042
10173.769188305416
10116.559921348358
9995.894385889764
9868.551324167029
9758.721393004807
9709.777761354308
9691.203694877484
9705.962345854045
9703.387983754845
9728.523159097123
9754.457880347347
9830.22803445308
9879.516525190245
9889.075931210486
9791.928906840745
9659.287755200543
9504.40868385701
9389.693615059443
9274.315186744854
9169.517562382354
9019.543397666394
8920.911502324756
8859.370629514773
8915.45965357884
8993.052948079063
9111.174873204145
9219.732999199605
9351.486742744177
9514.61827006612
9732.523085191531
9972.8525271691
10198.306900771433
10353.319961951187
10492.37724984716
10627.223742398282
10809.245640072719
10971.828028721626
11110.492133327702
11173.065386842994
11204.904447105719
11231.706807459339
11290.084641512622
11329.071290743603
11331.364493842208
11261.14283688885
11181.678077790915
11099.711442898626
11072.423643958042
11036.400147006774
10974.92956394694
10834.268791125694
10678.357339076852
10512.086935099827
10390.75584356951
10252.372897964027
10097.818916714934
9887.63059822305
9673.097494550095
9474.381781215312
9324.686578945255
9192.434217485561
9086.828260996352
8968.363673339287
8891.2646036448
8843.687229012818
8885.49425446852
8941.389981719678
8996.675066766418
8996.163269523147
8988.29081750648
8981.428780648204
9023.21164400229
9074.206857735253
9146.111075582798
9198.573587850116
9303.360229439159
9452.049409660212
9706.250094518718
9984.129638958606
10289.977914293646
10540.842032574772
10788.628777732194
11027.416238315878
11300.555617730104
11551.843671066817
11753.726816267677
11862.15095242692
11920.201499831071
11952.321719094392
11997.085307165727
12020.452255980825
11980.035649645253
11860.984581885386
11690.044302632848
11499.66451435478
11341.108410456587
11185.460544970801
11040.584583695323
10819.015915343407
10618.736255067814
10479.419773718168
10425.768925362392
10326.38800487073
10186.64978502019
10046.48104044999
9958.025782997089
9865.144467839504
9763.720751484143
9643.103540228774
9499.951874386634
9305.28660790418
9036.876410742154
8725.53015901266
8409.465707804431
8083.130166855706
7769.319380761622
7497.860365686891
7376.6896226491
7373.258604219959
7410.927320635646
7475.433542280031
7498.5171355398425
7489.023626160369
7434.474386935502
7371.646333075926
7419.118273082681
7445.279239466192
7459.651296816929
7447.798687698084
7432.59633267371
7453.26371577215
7470.216724886169
7533.035992526984
7623.156238436542
7691.524003229727
7741.686722734371
7802.529091152245
7899.006166340879
8002.571523521084
8060.250853182269
8054.504666107602
8006.498963310649
7952.883259829941
7888.836118116217
7798.632403128366
7653.536786383673
7432.7918260413135
7174.362773400421
6900.186620171503
6649.610250555047
6404.32318463729
6163.3545452442995
5902.496103113891
5656.563250116644
5418.700539058355
5213.186488951367
5023.784167511301
4855.1963983340565
4699.311304941519
4574.962147264186
4495.05148756375
4464.798339788761
4448.822797512751
4421.075918641503
4363.60745823077
4292.028330477661
4224.8686707651605
4191.492022217934
4178.90356727722
4179.015591566519
4174.541209658608
4168.647853419569
4174.758668573132
4196.2914942202815
4228.679693156038
4248.874816995671
4252.404680385956
4240.062239570762
4225.369485234965
4221.404704015634
4219.368497816012
4216.917142779573
4191.074676826423
4174.837744542047
4157.498141802213
4165.906553163765
4169.267281842755
4180.724511117011
4162.868718024519
4149.810200379684
4135.194325458116
4151.47958194572
4167.244254971284
4180.267627741045
4168.680801739949
4151.648716657014
4134.256396604568
4139.088816927301
4149.037013128051
4153.298329230824
4144.048637422176
4123.776634168318
4106.340383022028
4102.814912741126
4110.01961213138
4111.005865188155
4092.2714502188023
4073.5326421400646
4066.2730288825064
4076.840653506444
4090.8239206766752
4111.012454852232
4118.247906008175
4129.9797046189515
4148.1759636887255
4195.513913859259
4251.646869017165
4306.751836579145
4339.236683921361
4375.9081645068145
4423.371318294802
4501.366582303684
4584.807105394405
4664.500306180318
4726.54199346011
4780.955046294061
4847.288801442314
4925.688231514551
5016.695885519733
5092.720839969755
5153.905870919609
5203.141644344161
5267.458962285021
5351.204806477951
5451.85094247229
5543.963463487623
5623.691809148609
5699.407049387036
5802.01251216677
5943.46624123188
6118.762288438954
6298.609596968164
6467.017248660651
6616.609212860177
6787.419895385875
6974.1226511092855
7177.780612501406
7343.774250587222
7468.097049608248
7558.052553915889
7656.133114029796
7766.27715251299
7888.844904334989
7975.156324408352
8021.264203951287
8030.72696156507
8054.289403747771
8100.21936236064
8152.455629494674
8181.645644798661
8174.414586752101
8148.229458266974
8128.168324263563
8132.14848136574
8154.390794178456
8153.1804925430815
8112.375096027001
8043.945827702432
7988.51357349132
7953.733326495804
7937.32725950013
7886.430890728309
7809.393324565211
7687.926046643982
7583.583109102755
7482.561362256062
7394.433391452291
7272.500443936326
7116.009101448755
6917.288995004589
6726.505040663163
6545.768127483631
6376.354453742137
6167.506033612463
5937.045711866723
5684.859267660923
5461.579483203823
5264.102626715413
5094.666987426997
4912.159651165596
4738.770213431312
4560.939342109498
4415.044179456859
4280.6567668364
4174.317161080007
4072.3530922703794
3972.840378497191
3870.570988585354
3783.2952810021375
3724.761491565711
3670.3462421770673
3619.1050143185807
3551.5433850974146
3496.5240831684296
3443.448732141997
3416.288333373554
3389.132327714496
3365.523757883262
3324.639285398264
3289.7140657930704
3256.5526796056743
3236.3948971958125
3219.896574903072
3205.350989731652
3183.007635403094
3161.23977840388
3140.7063851416547
3128.438627185997
3122.0883875709915
3111.555907822132
3100.89163479174
3082.7371102611146
3066.060867038305
3055.0802901322427
3051.677826914101
3047.866804523219
3036.7017170230206
3020.2099843943565
3005.1372260968224
