6873.975133030067
6989.116333437906
7097.918277004202
7191.010461412229
7305.96934778062
7372.511775624625
7448.712454450022
7515.872114162526
7630.606951952316
7736.283198191676
7865.774490403332
7969.858234490886
8131.4258148720155
8341.043029143939
8709.583171947643
9051.261647421046
9383.371930655438
9565.070934790127
9761.469282924689
9906.993227834353
10088.990963407181
10230.633596175814
10382.314483887576
10446.552725859516
10521.450847752463
10577.15327819071
10703.8922873731
10817.33555100391
10947.369392224524
11013.279212317197
11087.22183291906
11143.989592382999
11265.61941535145
11368.514823350548
11478.230533668777
11478.188799129624
11497.738135889762
11490.792629953183
11576.539535470665
11635.108469782164
11690.176095914378
11654.633644440686
11602.821312362243
11545.763607678942
11551.49222231607
11554.483929806776
11547.806403542641
11471.715552451855
11405.992439508022
11331.726925366407
11324.643036484224
11302.501765187344
11273.66100207941
11167.024861439582
11057.585917012568
10952.384126586709
10926.155067007736
10905.289993986997
10897.5669076894
10814.41413326335
10718.108389340703
10587.687954494268
10489.983005232718
10371.619459091495
10232.166791350934
10033.5499229773
9822.485179163248
9626.486603982656
9509.34653880496
9418.973689105811
9349.93597513152
9245.452458089998
9159.108089696252
9081.13039812491
9046.673044669145
9006.26961766173
8961.771812708144
8873.123258442334
8806.321637144652
8771.91919755619
8813.80969209019
8869.984381787246
8928.423719371911
8932.878332287592
8939.107761394533
8950.099321074054
9022.133135648442
9105.764758997379
9222.685168705859
9317.989283688887
9460.903721624278
9641.352886139133
9922.628304133083
10215.63552073781
10517.516818298822
10746.935973120482
10973.813714163325
11189.018963572082
11460.897520593013
11716.554521212418
11964.358838807375
12137.886659487267
12308.159186113393
12471.444472263785
12693.58204828097
12908.97839794794
13110.178414639546
13217.091321170585
13323.415551044134
13406.449711516807
13568.127119632542
13707.063597020446
13862.412731068094
13933.583299648466
14009.678543848635
14068.240888496062
14208.857730223468
14342.015072216325
14482.46717234182
14532.972554378435
14597.773114351561
14662.384770621167
14804.534807523683
14945.287835641997
15083.238059973131
15134.91859877005
15181.74694825201
15217.849521172197
15337.164175495122
15447.202779353094
15558.579085018582
15582.240372162427
15597.545965257328
15606.163049314637
15704.775175664045
15809.860548691218
15898.803441285776
15892.59597772576
15885.806427172321
15900.60241957865
16013.564637731872
16118.362262094373
16231.959284553634
16232.824727102343
16221.883688180742
16216.28467027045
16333.765201425427
16458.900725682546
16558.02684582991
16535.457246368063
16505.979482399405
16474.57314341104
16531.529806578506
16584.414057346716
16631.165527414447
16567.116189146032
16506.17277921232
16434.606830787365
16443.12067677414
16412.871922108534
16346.318511491067
16150.677974725295
15920.586674167831
15653.145157625046
15424.817690485384
15144.188059570924
14796.258189443668
14333.52099522178
13811.661334905968
13288.78247321299
12803.939152569297
12328.835355430601
11823.610203798444
11293.454156410378
10801.61920218157
10417.61751089982
10215.648700065962
10139.669873264478
10119.011276384801
10056.89710280017
9963.033927695195
9872.100956549548
9835.592021011313
9802.235141456315
9747.683705676756
9630.183405529548
9507.543167402706
9402.492939250604
9356.657432489501
9338.955398225458
9353.334045240277
9349.771233529611
9374.010214557493
9397.473811779044
9470.709141770034
9517.469398056532
9527.96892948501
9435.146921304118
9308.873581716462
9159.209131212094
9049.655965941085
8939.402099723278
8840.515404037356
8696.768471873644
8602.59997566646
8542.519811726761
8597.007547420248
8671.051209537947
8784.233083160385
8886.440969540841
9012.099273814696
9167.975580988465
9378.240778894573
9607.457850684557
9824.444505948644
9972.430788668209
10106.556811280307
10236.179896773492
10412.25791745097
10569.812392409543
10704.335991420918
10764.767604111365
10796.22446385765
10821.335477098315
10877.995605382335
10914.94604841369
10917.465496645591
10848.317954936692
10771.895424087395
10692.623961802377
10666.985775435596
10631.500434383903
10572.081433406538
10435.732497445986
10285.215783721062
10124.671797826471
10008.039136782661
9875.20249177486
9727.262336703832
9524.755369970399
9319.491727098315
9128.321179131073
8985.729634735428
8858.823687396434
8759.027618067958
8646.006092938047
8571.690058038519
8525.182405541616
8565.708839611792
8619.263039561114
8672.397697564234
8671.08415785833
8663.943158554148
8656.813142023426
8696.7530959908
8746.243669759642
8815.68994290667
8866.028386786682
8965.538904005178
9107.073905593898
9350.192972030503
9615.978286335407
9909.554410605402
10149.736683418601
10388.201250462542
10617.449074018214
10881.116909599887
11123.295850628245
11318.947370167481
11423.444066537157
11480.400729704621
11511.512730364242
11555.507524293329
11578.094696192711
11539.325505876253
11424.287543538943
11259.38120002574
11075.779979527646
10924.154005683187
10774.423658538057
10635.408105181235
10422.676176355842
10230.732441136961
10097.575099144104
10046.496416332835
9952.615668790322
9819.943765384434
9684.774379293567
9599.280077565681
9509.289428382966
9413.743692383801
9298.029191201314
9161.99436256174
8974.790792368522
8718.375980380328
8420.43530193703
8119.715981808161
7809.296676158759
7511.542704864295
7252.522779011211
7136.887353797642
7132.6106618120275
7167.975192355651
7228.980105820749
7250.526110796051
7240.828321830206
7189.033562189296
7128.931432702673
7175.017346698684
7200.380963728949
7214.315906695952
7203.199143398978
7188.130778210826
7208.03156372171
7224.529886014451
7285.392023424555
7371.237773903177
7435.675902352102
7483.501487664295
7541.861749280048
7635.276827227829
7734.19866778883
7789.7363566251615
7783.605772479368
7737.873503788794
7687.5372564634745
7628.34230406471
7543.572865385235
7406.960342861626
7197.918625919046
6954.057123996497
6695.570960933607
6459.99925641923
6230.463684198884
6005.022489924705
5760.515200922662
5530.43049002928
5307.328626502244
5116.713806872115
4941.340880250817
4786.529902102741
4641.862613523014
4524.981741798995
4449.86176788214
4422.804607184232
4410.391876618887
4386.0518540751655
4331.876029147964
4263.163405268112
4198.859266655407
4167.692352128484
4156.894089261869
4157.0544377543965
4152.325255502195
4144.87454198642
4150.196794005501
4170.49735247036
4202.417685256693
4221.881356383839
4224.787398241554
4212.146225988228
4197.409540558591
4193.6732010272435
4192.175150727196
4190.294899910714
4165.90216005438
4150.1858112320415
4132.683663444985
4141.1755438848395
4144.151875492705
4156.42402655775
4137.983949917146
4125.380119093586
4110.606092234179
4127.06048343308
4142.341914426371
4155.934194861399
4144.094765070708
4127.921532872403
4110.44354718696
4115.737243995043
4124.809014873625
4129.037382656014
4119.754742526988
4099.823205250413
4082.2046400646723
4078.9317735733675
4086.7009875195054
4087.5400714119073
4069.181267294913
4050.6313629197007
4044.1295610309335
4054.536837162341
4068.6343251765647
4088.9414733054978
4096.198890008363
4106.983973546823
4124.101724262753
4168.496291145811
4221.3849350234095
4272.430669514294
4301.9897060065605
4335.307047577101
4378.552816356164
4451.496004573099
4529.102478401469
4602.447636127066
4658.633308597587
4708.284230858956
4770.176552419681
4843.365754762136
4927.682703175026
4997.849446261082
5053.332221230113
5098.223209473593
5156.0343324163005
5233.950520456263
5327.754388584552
5414.78627859694
5488.015018923853
5557.257012484514
5651.22122910533
5784.6179955596335
5949.089421243785
6118.516274313432
6276.0378009516235
6415.734286263013
6575.729133484565
6752.064151061025
6945.457612376723
7102.66722824863
7219.100002815455
7303.250013071741
7396.493759753527
7501.28479445195
7618.585208122177
7700.9647952965925
7745.10895494474
7754.068701534023
7775.168805906819
7819.479903711571
7869.7853992712
7899.60362921714
7891.906901575846
7866.899126405714
7847.084006527824
7851.69677138134
7872.430051120548
7872.129123127724
7832.492293707866
7767.351267757454
7713.324808549321
7681.184820293775
7666.059344683628
7618.6928393020935
7545.1939227480425
7429.081845166272
7329.483465760092
7233.40616352543
7150.694896592501
7034.954036753702
6886.166011571503
6696.735134920443
6515.690704084013
6343.91793060315
6183.127930583039
5984.462738006177
5764.838020556815
5524.92372741606
5312.185208926589
5125.390197906109
4964.828639573982
4792.175047661566
4627.690442649259
4458.588679674052
4319.621450520459
4191.959888367361
4090.9645001769727
3994.8322840750043
3899.34585505253
3802.3284274096254
3719.217387522726
3664.9449141890686
3613.391775564296
3564.485485343566
3500.0012292461033
3448.221845488038
3397.3979630210583
3372.0936529674855
3345.785517419599
3324.1824020222975
3284.4730862976007
3251.6016453295692
3219.4133328707976
3200.536141846454
3184.6308893205896
3171.43618528484
3149.492603910259
3128.207988943322
3108.537841675116
3097.124543494701
3092.087843585598
3082.682196393809
3073.2853354207873
3055.4932424143676
3039.1442858406917
3027.691449675822
3024.1835518324588
3020.183625738054
3009.9806291930145
2994.1698285189145
2979.312332581208
