7005.1819344562955
7123.870570691957
7236.127694789004
7331.697592889781
7448.98702378654
7517.697451111696
7596.599892208435
7665.83309955033
7783.884734925272
7893.13477564876
8026.979639260261
8133.710231751854
8300.50341574561
8516.062310459803
8894.50012870634
9245.103205893947
9587.199026758854
9775.784229853434
9978.332931126019
10128.597041061344
10315.088927534309
10461.401435578455
10616.924097446788
10684.213353886129
10760.66883305581
10818.809439202343
10947.898761905337
11065.049809856493
11197.510844011938
11265.428315093237
11340.137533282656
11398.833867766303
11523.661874366522
11629.777431544315
11740.8198608966
11741.07466124089
11761.311519619674
11754.691103777533
11842.19305649404
11902.929990286693
11960.73891667471
11925.350224029477
11873.25453639574
11815.685034469165
11822.43285048345
11826.011038076962
11819.878257376478
11742.798956674227
11675.979762939009
11601.272741304281
11594.839032610973
11573.064585947684
11544.274343597664
11435.384537843687
11323.977480412505
11216.431966130122
11190.022789066397
11168.406494340945
11159.727906752256
11074.949681854016
10975.867492800486
10843.296630910436
10742.628529369182
10621.613741714535
10478.158951324873
10274.28572757292
10057.938269724247
9856.349462852137
9736.140810769508
9642.596136094891
9571.41678129575
9464.266646857957
9375.712544443912
9296.085240298768
9260.720709755144
9219.254150276725
9172.744301225124
9081.369822586354
9013.445761840978
8978.483200806018
9021.858566311916
9079.278702519423
9139.701528991101
9144.639383939057
9150.293315716654
9161.90210726467
9235.016626747596
9322.740431488011
9441.861788998025
9541.280050919444
9688.348173777691
9875.764809776052
10164.497530949855
10465.65396546246
10774.201806514151
11010.700457108615
11244.18763122014
11467.15330835626
11745.111928765065
12006.501937130975
12259.808624229774
12438.84979718696
12613.950351026433
12781.608977568898
13009.468578559134
13229.365668790322
13435.224577983978
13544.226408027256
13653.36003135206
13737.944959437395
13903.532234905157
14045.207815994174
14204.824855808676
14276.992660219286
14355.337176424224
14415.204274558782
14559.003924035109
14694.775166111622
14837.748911023695
14890.723220534293
14957.243682831373
15023.280903096185
15168.051429746441
15312.268424614284
15454.842396572392
15508.135206513349
15556.116747208682
15592.748689809678
15713.985329488234
15826.987085625915
15941.438567860414
15966.575939757384
15983.331258949105
15992.023025865949
16093.938770472354
16200.917573644161
16293.693454176522
16287.264138592598
16281.915527917214
16296.300764596104
16413.80985096208
16521.469586088457
16639.525614572784
16638.37901302348
16628.3539374085
16622.561622685298
16746.54175917435
16874.256038640055
16978.06960650047
16953.769121941208
16925.306166240323
16891.343037590294
16952.099740375175
17005.117980979612
17055.669490664764
16988.070520013833
16927.654283206237
16852.141125999482
16862.480308935435
16829.01799475522
16762.33718396561
16560.269528170607
16325.449045360945
16051.163064397413
15817.383748511833
15529.49670089451
15171.39019287852
14697.22432459337
14162.9277716106
13626.85420588188
13129.185202390721
12640.280452121238
12119.819997144325
11573.387479487428
11066.734567305373
10671.682009367409
10462.697402846823
10383.87623427369
10362.101787610403
10299.664720486027
10203.589614806058
10110.881827469153
10072.022578410315
10036.978744851744
9979.806819324447
9859.10833554547
9732.028860385797
9623.38287220265
9575.315665874316
9557.809124977874
9572.121875351928
9569.17190240037
9593.641521670928
9619.02271113873
9694.603961540945
9743.547593191446
9753.963655541624
9657.972018939945
9527.015624748621
9372.65274375774
9259.003003985878
9144.639383939055
9041.396920298595
8892.784619491767
8795.672739997104
8734.788637040077
8790.5547675644
8867.073946820152
8984.110773927314
9092.031899062049
9223.592345793715
9385.643168207122
9602.214674634393
9839.574374668178
10063.576825618997
10217.959475602105
10356.467624825038
10490.61780953875
10670.853908248468
10832.724613177117
10970.925244743152
11033.166818499934
11065.464958693317
11091.241528005703
11149.443637683611
11187.2792922559
11189.370412322825
11119.192686463308
11040.593369914086
10959.461425804811
10931.734315925794
10894.981562816733
10833.41872445983
10692.909513912347
10537.468124567624
10371.65680052126
10250.9253684219
10114.235966484068
9960.859338549964
9752.445836249335
9539.885238689934
9342.992665749638
9194.578054865104
9063.147204860274
8958.854788076967
8842.83276923758
8765.96214123108
8718.591242740162
8759.824967421211
8815.024386834957
8869.93825413872
8868.800438808186
8861.239897557803
8853.710108073114
8894.796663589788
8945.594187400455
9017.988236944346
9070.751677204491
9174.389520689545
9320.66029419454
9570.718276903648
9845.742300243737
10148.941530620044
10398.845754500704
10645.156414904997
10882.502935610632
11153.342522262168
11401.467536842189
11601.430893242112
11709.079645595024
11767.696904109749
11800.017009850053
11843.981052013447
11867.172276453173
11826.689773476837
11708.157092624324
11538.477635765079
11348.477851448753
11191.490087600754
11036.34303658478
10893.483512516692
10674.098219528767
10475.821817132417
10337.95725843428
10285.097169767685
10187.572337990894
10049.780265597597
9911.120554100902
9822.968421195523
9730.30017184308
9629.858315435109
9510.982972050613
9370.38370276075
9178.50806073733
8914.06044823994
8607.085340347827
8296.602334612353
7976.127201582286
7668.866541580194
7402.196015734352
7282.9999753648035
7278.890221535788
7314.540304189391
7377.218992329906
7398.767193859902
7389.537271043487
7335.5283842728895
7273.058368828129
7318.683006338787
7345.085593738438
7359.457651089178
7348.279384260825
7331.842565499461
7351.824623533954
7367.892421107036
7430.0900637699715
7517.635947580321
7584.417799885773
7632.788130761616
7693.406450600897
7788.113102707659
7889.848729829305
7945.59069825201
7939.080110144477
7891.087586675679
7838.350505071835
7775.8914724005335
7686.7047622351465
7543.862810604599
7327.16170745049
7074.215255321203
6805.72598219026
6560.807937460784
6321.840359392343
6087.91607089708
5833.798855116879
5595.187118908569
5364.3050586619365
5166.094552906349
4983.721206481169
4821.988884498125
4672.700044846115
4552.280523513037
4475.231974576474
4446.2001112103235
4432.078461094488
4405.825239413906
4350.048126116127
4280.305318085654
4215.091805830398
4182.8727416059355
4171.419905441065
4171.406726112912
4167.857093730396
4161.157601919337
4166.877430337696
4186.857291817496
4219.438787566162
4239.122114162522
4241.83925231671
4228.712641476421
4214.4570015243635
4211.228066126903
4209.828860788003
4207.445598947022
4182.514703191115
4166.767602603089
4149.410427425717
4158.051673584637
4160.467883746003
4172.507200013679
4154.414179014435
4141.788382643953
4126.465217111512
4142.0893106367785
4157.331203645611
4170.719204494267
4159.648568845828
4143.5851643821325
4126.9682281360165
4131.932441740276
4142.128848621239
4146.089236731186
4136.745093070777
4115.778978534199
4098.2021478876095
4094.659105169169
4102.542539959299
4103.607868984992
4084.8383091405644
4065.6557970140116
4059.06613293756
4069.9039337886315
4084.0343701232364
4103.755038149367
4110.408402311889
4121.316492913111
4138.2189812692095
4184.219229632224
4238.162219762053
4290.833404725131
4321.3655149460255
4356.216051691686
4401.049929513168
4475.945854851424
4555.78402824702
4632.637083815983
4691.197231908714
4743.692692496418
4807.2082679746445
4883.896581941696
4971.088820446611
5045.007278946861
5103.161064421548
5151.153587890344
5212.534112207796
5293.180617730102
5390.626373537977
5480.256787751179
5558.001644525154
5631.142522664383
5730.3257532337475
5867.961870243899
6039.00758412166
6215.15589454929
6379.592175358368
6525.476355237544
6692.533125794359
6875.861973510627
7075.99007151246
7239.431313045999
7361.533395273262
7450.983692001708
7546.929200954841
7655.526864934761
7776.36812476873
7862.266592559971
7908.701758752034
7918.395154608494
7941.614934259217
7987.518534215778
8039.150748809468
8069.184241115239
8061.6280929742425
8036.310603592518
8017.0050844032085
8020.789748137783
8042.421418746078
8040.987068532105
8000.8648005252835
7933.564561312484
7878.644104344644
7845.533238915166
7829.41931369355
7779.627811931881
7703.640198911627
7584.264041057321
7481.621236847822
7381.616494823592
7294.997557093331
7174.940467284457
7022.005346843477
6826.641575968915
6639.59615771353
6462.415466580594
6296.685415057836
6092.361897593993
5866.009133122574
5619.718241710507
5400.510869652654
5208.132216604726
5042.4219340742
4864.599848971156
4695.271840862654
4520.999388142124
4378.08275365204
4246.535486248532
4142.010234667854
4042.436017363289
3944.1929122021634
3845.0645955001037
3760.095270343645
3703.894221990284
3650.361987587885
3600.016954043794
3533.8940681459876
3480.572702994034
3428.371580735076
3401.9426346791174
3375.2874434898717
3352.3905573788966
3312.1321029811625
3278.19972609682
3245.2206539488725
3225.6405654230443
3209.1180810286883
3195.714704297185
3173.2066083667173
3151.6649965007964
3131.887218052673
3120.008250277526
3113.6667968812885
3103.461603781559
3093.5397662371124
3076.14524962997
3059.581030696459
3048.3917810946427
3045.22215267387
3040.9191020319467
3030.083497735571
3013.356733754849
2998.2773857932393
