7040.568430546846
7159.865512432228
7273.32415194588
7369.752902931291
7488.065928314591
7557.220059687562
7636.555222058651
7706.761503129172
7825.256842551928
7935.277873972359
8069.230368763773
8176.98455574191
8344.20606790064
8562.312966057727
8942.316927799764
9296.79912057371
9640.816926794245
9832.486092676612
10036.023243560661
10188.222518179771
10376.429913867303
10524.255848094343
10680.274931323103
10747.979336599255
10825.038868309282
10884.04491700452
11013.360484840807
11130.83003322232
11263.605174698743
11332.128894875079
11408.109918231256
11467.564064083694
11593.000516333637
11698.329706931645
11810.380354887626
11811.07666272504
11832.15040844153
11826.019824295736
11914.62005435832
11976.248789355983
12034.13679171292
11997.926587612817
11946.169169401675
11889.071926733914
11897.598952048842
11902.117265050596
11896.654433531216
11820.119878392617
11754.148554768568
11679.762230118891
11673.297769659892
11652.004368474185
11623.64465084383
11516.580182039032
11405.140176287468
11298.85328784369
11272.32988993597
11252.582863253536
11244.881742502854
11161.381912435443
11063.169559040014
10931.420208604826
10831.966801808327
10711.723004850619
10568.501049258331
10365.306560906256
10149.196330964334
9948.881525813667
9828.690446168572
9735.734448151452
9664.678100415078
9558.03317355648
9469.123229282304
9390.172463982335
9353.569076592337
9312.8910802484
9266.209899930818
9175.573463668612
9107.445123336875
9072.605569364676
9116.024865964417
9173.541650578378
9233.810718221603
9239.28672906913
9245.399740777384
9256.64170769181
9329.677151205817
9417.181300477021
9537.341628356422
9637.513308537253
9784.436458785816
9971.486270150584
10259.808235596956
10561.997050814873
10872.053924940074
11109.314780012712
11341.499397191787
11563.314079669222
11841.160675788728
12104.481455729045
12357.83646703107
12536.29555299484
12709.553197447594
12877.154713568065
13105.023100777065
13326.457779292761
13532.037726040513
13640.991231880565
13749.077098617214
13834.55382790756
13999.864337484114
14142.789758192957
14301.534765794675
14374.502116113217
14451.963617331914
14512.544595741429
14656.752804390502
14793.756313649314
14937.523014805256
14990.231541198098
15057.08807636308
15123.551428238168
15268.996297178912
15413.028781452615
15554.924018010852
15608.651745780859
15657.874339877259
15694.578768783096
15817.320048425767
15929.937407492313
16047.198283178068
16071.911720019454
16089.279877970288
16097.29510604195
16199.900568821686
16307.417527893076
16400.93804046608
16394.631731944915
16389.88058414579
16403.813330558103
16522.895150083667
16631.12159632062
16751.185275793567
16750.056246681797
16740.334295614342
16733.720469436277
16858.992180084304
16987.65097806763
17094.1641116447
17069.518767998772
17042.18703796434
17007.165169952692
17068.629163348447
17121.364048397594
17173.25106333558
17105.737758317646
17046.711940630175
16970.990110727667
16982.163984446637
16949.305722806763
16882.730346642376
16680.09817629149
16444.785665230786
16169.61666928101
15936.292040216713
15648.965114045888
15292.361049439329
14818.436802170312
14283.687758920963
13748.85524659331
13252.212034143384
12764.385792227748
12244.340486087653
11697.727850945994
11190.25123075438
10792.927435264732
10584.089997908522
10505.916812969579
10485.082491714533
10421.068298321188
10323.495142341168
10229.508960173427
10191.071449615481
10156.014436728763
10099.020432131538
9977.950730609586
9850.482465269395
9741.296124631976
9693.46834276509
9675.768505055747
9690.553514688609
9687.432210471065
9712.371892445739
9737.674005944622
9812.778603978635
9861.915532442048
9872.38431210484
9776.592561980153
9644.498352458293
9489.232687488942
9374.335304651931
9259.20069390817
9154.835790820021
9005.351457800409
8907.235752811428
8845.237996625476
8901.419275986613
8978.542507782711
9097.200392252684
9205.229148567336
9337.079540518362
9499.905746738097
9718.047789770259
9956.562877572112
10180.822325421914
10334.90624396689
10474.047000941162
10609.148293836575
10791.001056799718
10953.225407033802
11091.632514740895
11153.933395474358
11186.424832480652
11212.11134305066
11270.333221720806
11308.964029091658
11312.208340371966
11241.54517592548
11162.756955672727
11080.950669272963
11053.893508575056
11017.162721012917
10955.852486445614
10815.391600101357
10659.401072083594
10493.50847551362
10372.878084930098
10236.076658702963
10081.797246790387
9871.457366024746
9657.862191205339
9459.882323692424
9311.298578096597
9177.976494501827
9073.08222173287
8955.067927787699
8878.816728204385
8831.443633158773
8873.402220888232
8928.744416356967
8984.009732411476
8983.84059770018
8976.449191161095
8969.305995302218
9010.225612662294
9061.750196076067
9133.592910392235
9186.822020247118
9290.69928819361
9439.373092531818
9691.67375758161
9968.654911152407
10273.235774430075
10524.11966170343
10771.46270281304
11009.228765464874
11281.04581895442
11530.923684178773
11732.54543937127
11841.11674469489
11899.824061951993
11931.95526398877
11975.677685136025
11998.62289545023
11957.628595230626
11838.454520407999
11668.414828579245
11477.558387932979
11320.33559273292
11163.84864335473
11019.805176307573
10798.392463338803
10599.47686352704
10461.232300867161
10407.805501089984
10308.508049676626
10168.409594856575
10028.98108921763
9940.429183358276
9848.165100069182
9746.928090862655
9626.587645498494
9483.93459757147
9290.088645989186
9022.811871048312
8712.100423624854
8396.466497136282
8070.726222509128
7758.138917378572
7487.591472501084
7367.182933941472
7363.958391653395
7400.719930981228
7464.584758655503
7487.417944680407
7478.693229443186
7425.123653611018
7362.4098205954315
7409.626960257897
7435.94168546986
7450.2720082814485
7438.977324054412
7422.564667394664
7443.511012939011
7460.628763654941
7523.757745507345
7612.057047577101
7679.341910907054
7728.8236984571295
7790.601799173867
7886.384763079785
7989.901796056763
8046.421344840487
8041.050768618177
7992.902289766237
7939.354679480993
7875.173547931048
7785.0598916855715
7640.405782433998
7420.311002280513
7162.925313118395
6890.805135081327
6640.1980136991815
6395.67534881429
6155.150413469116
5895.627476591533
5650.472203955306
5413.053196944836
5207.646778017763
5018.822150461735
4849.7994634554425
4695.372882378492
4570.083599292917
4490.414560608618
4460.1570197242445
4445.16553395032
4418.393925362393
4360.71459570121
4289.210150807634
4221.701238899081
4188.098345218565
4175.74492162991
4175.562607590461
4171.075046354396
4164.597406567244
4170.927877190023
4192.744058392462
4225.395843891277
4245.782067989122
4249.120831121189
4236.9233629156815
4222.1932671501245
4218.123051305571
4215.9484621603415
4213.637686624199
4188.254300601706
4172.217254794315
4153.897988661778
4162.411834648555
4164.463416731023
4176.8673610775995
4158.495377632451
4146.264961106555
4131.029657761796
4147.40497299178
4163.211380556498
4176.502732998702
4165.067469271366
4148.894237073059
4131.585386098911
4136.826365594382
4146.232012786171
4150.798649991153
4140.993229845392
4120.43128137217
4102.122998013096
4098.637065716653
4105.483726692087
4106.812642280838
4087.794871756197
4069.4975711705824
4062.5806204449996
4073.398652303842
4087.298450395772
4107.322242969416
4114.863015227569
4126.467413666201
4144.964600728803
4191.689712140227
4247.950067470279
4302.475144593526
4335.181843959649
4371.785231349648
4419.665730529145
4497.390818310891
4580.396423572566
4659.408692403913
4721.05719639381
4776.392802198465
4843.183440722686
4922.178137116494
5012.326938237046
5087.6841400606545
5149.233799089405
5199.00333530415
5263.245970385476
5346.040706396706
5446.052038085013
5538.07669691266
5618.402505449912
5693.72016928906
5797.213040164424
5937.493809023926
6112.70858370739
6291.356573374684
6460.078332388145
6609.444051454379
6779.479350173754
6965.551694700519
7168.851617677818
7334.645369286646
7458.269663915572
7547.858343589618
7645.359013264796
7755.5052483026875
7877.982941382313
7964.716099956567
8011.01288320302
8020.097833409755
8042.900267668966
8088.929071242979
8141.439907713528
8171.728200363592
8163.256088915968
8137.106105305916
8116.4211497699325
8120.6275520054005
8141.861646214419
8141.037938204863
8100.397283290696
8032.48640187348
7976.8784232869975
7942.847201441512
7926.307144609618
7875.964307620224
7799.179345246714
7678.078891959073
7574.3334172941095
7473.542308690095
7386.378625396176
7263.848215003942
7107.60288664189
6909.100239112246
6719.682541789339
6540.054888729347
6370.643411542546
6162.205747140305
5931.356635214055
5681.3294042706375
5457.920023086702
5261.383292006532
5091.752159350516
4909.919165379602
4737.103028419968
4559.230422559004
4413.161732085687
4279.097213004974
4172.733445146968
4071.3844116511427
3970.830530953874
3869.740690911722
3782.4276418987415
3724.3133944085153
3669.4917824018235
3618.307664965329
3551.8311337620858
3497.0951873883882
3444.2790298156306
3417.237245000564
3389.681466387534
3366.213476056598
3325.0258790240828
3290.0501386609703
3256.4538346445274
3236.1686520625212
3219.953685325068
3205.634345286939
3183.203128770694
3161.2924957164905
3141.323617010148
3129.418290578695
3122.6616883456422
3112.2544122142367
3101.451756238239
3083.824404833729
3067.22064791576
3056.088508735939
3052.5454660174996
3048.013973687592
3036.653392819792
3019.768476901234
3004.41895271249
