6850.931077754722
6964.87735241003
7073.5189474837925
7165.431582022138
7280.520065117363
7346.4672266398
7422.577846722818
7489.572764833407
7604.366909599884
7709.972866089095
7839.363116784916
7941.823606954968
8102.978235053976
8310.521901696511
8679.228982656825
9018.453906539087
9349.602098818315
9528.825585814955
9724.28600509597
9869.13121460576
10050.432642341171
10191.526136436767
10342.4030851312
10406.546875251384
10481.893094301535
10537.595524739774
10663.651405412906
10776.435702636069
10906.107112332485
10971.863173596706
11045.149024345612
11101.477472871115
11223.197354581944
11325.220730368264
11433.978742840714
11433.363707526913
11454.035483734739
11447.412871337909
11532.999428362853
11590.685347688108
11645.983612062997
11609.619649134447
11558.501428338723
11500.721057161703
11507.607256121593
11509.647855430601
11503.023046479075
11425.998659644129
11361.037751178468
11287.444382772657
11280.874487688436
11258.51136436765
11229.602508064256
11122.777463720902
11013.68777148994
10909.149340581118
10883.59681984733
10861.903645707645
10853.596275861933
10769.729621160932
10673.940067590944
10544.369699410372
10447.822334471583
10329.931047589165
10191.102201381178
9992.669843601685
9783.656681870109
9588.044700315331
9472.699220321123
9381.706942198782
9313.41166371044
9208.903984567305
9123.275693003203
9045.776850354747
9011.029551679616
8970.933642329099
8925.60553970188
8837.631327726565
8771.923590665576
8737.876992937247
8779.587369986488
8834.367247454024
8892.564964022551
8896.575872890418
8902.403332488693
8912.735925760571
8984.539102092282
9069.486461701825
9186.657278645207
9281.932838417231
9423.338243279113
9602.853872049809
9882.629043189023
10174.195319915698
10474.198563214924
10703.259679621766
10929.243422904896
11144.323468696204
11414.407440533649
11668.706970353303
11915.645845399553
12087.857929818847
12256.852061614138
12419.107163613911
12641.767519647829
12856.98155527535
13057.375436394936
13163.526138447802
13269.384698726613
13352.480362730663
13513.101228039479
13651.207407753749
13805.930523714147
13876.283973949035
13951.92672788263
14010.396817232984
14151.007069296305
14284.32475978168
14424.150841819906
14474.647437637754
14539.057010875686
14602.959179979725
14744.338226185304
14884.019335613848
15021.780656241453
15073.274487889537
15119.93589921489
15155.399274719659
15273.582703376129
15382.72950602909
15494.009163288129
15517.995540526412
15534.1731658341
15542.487125343885
15640.326064441653
15744.42957752144
15833.442759866151
15827.239689415519
15820.944363667813
15835.162662190101
15947.687765959585
16051.73416861737
16163.63764740898
16164.40424499654
16153.105167660118
16149.157958878326
16266.88889726821
16390.730650811656
16488.848552355325
16466.55571878469
16438.072994091577
16406.831396705118
16462.4942891589
16515.835423303088
16562.239837729463
16499.321725127505
16439.019709163895
16368.932042046754
16376.800100954037
16346.151573334462
16279.049024043956
16084.54849916341
15855.566458725487
15589.961261905342
15363.033000104575
15083.569739731649
14736.9512127556
14274.993795449429
13755.778786982963
13234.448496347957
12752.328903522533
12278.518877097513
11775.725311509566
11247.282576781376
10758.026377761149
10375.171288028701
10174.29416487685
10098.444934802204
10078.412356009792
10017.027438582949
9923.72877803385
9832.953958826027
9796.434040514332
9762.58732926299
9708.418093999871
9591.796415729526
9470.039192588925
9365.046074858816
9319.287447511939
9301.976399983103
9316.267184810235
9312.530845278887
9336.229473852496
9359.159308283857
9431.412778327456
9478.082975871583
9489.40841186431
9397.054269832843
9271.110413449009
9121.988511953605
9013.349113434528
8903.670744546067
8805.491339471018
8662.897598520683
8568.82575071995
8509.375997976893
8563.275057012885
8637.580109138957
8750.333654596427
8851.66511565471
8976.332773762406
9129.964202040797
9339.447426476505
9567.812235045925
9784.803283419405
9931.981234012259
10065.474648873018
10194.298188458259
10370.07088803353
10526.296447403349
10660.435649343595
10719.49441535144
10751.785965880743
10776.005177916399
10832.748775278726
10869.033662238366
10871.886986783467
10803.194131895843
10726.99784617983
10647.853784066954
10622.549474013387
10587.332112634142
10528.33265360298
10392.576787409307
10242.231404950371
10082.065226462832
9966.128873256432
9834.476171227698
9688.056032003637
9486.691273710127
9282.457814988662
9092.034095616744
8950.10591073813
8823.81939182232
8724.750382096954
8612.049553952094
8538.357340585131
8491.583904970474
8532.020280298275
8584.750772238045
8638.504858664355
8637.492246951273
8630.898189765436
8623.063079178535
8662.627422293552
8710.59139055135
8780.075005128145
8829.392051076304
8929.699917648051
9070.125659117235
9312.647262677578
9577.25961677687
9869.445321926734
10109.122387160734
10346.6007011479
10575.242275608538
10836.968356842355
11077.021032928713
11272.066303372912
11376.91884160272
11434.782681858042
11464.87987424989
11508.20032588848
11530.458014584037
11492.688256652511
11377.933649870489
11214.281539086509
11030.86043607317
10880.763264294446
10731.245982954453
10594.042587218659
10381.449041338876
10190.886939021357
10057.70543492689
10007.639363828697
9913.053522230004
9780.3289015115
9645.618595351294
9560.857942890587
9471.269263216529
9375.45115443554
9260.7866063959
9125.874217204017
8939.94904184163
8684.8038384655
8388.36999654102
8089.550696220861
7780.26920590199
7484.265888697172
7225.924698243963
7111.304081298164
7106.186108865454
7142.163478168186
7202.9926672579095
7225.090007460946
7215.31973219026
7163.1669341345305
7103.47556037534
7148.7641250181
7174.610984080632
7188.776565290314
7177.77402283733
7162.916526899626
7182.222046088936
7199.530897063082
7259.938347651913
7345.731380817929
7409.905922703801
7457.362486827712
7515.883096935987
7608.140590561001
7706.998731035928
7762.630871724027
7757.275671384564
7712.022251616876
7661.180796712358
7602.328506845566
7517.635947580321
7381.366087588688
7172.708767717234
6930.195950375662
6673.152923745515
6439.274762898788
6210.6771195319925
5987.412710957738
5743.5687814727235
5515.199579793909
5292.947782932736
5103.701416875816
4929.114856834306
4774.824462148269
4631.26643368808
4515.270773504998
4441.479715176892
4414.260009431763
4401.607854404977
4376.551755031617
4322.958017097834
4254.996614922696
4191.942315929824
4161.100491497341
4150.712984358163
4151.237960929587
4146.890979193821
4139.348010380975
4143.916844140647
4164.087805878665
4195.623741593867
4214.988567759864
4217.516802210529
4205.218292489181
4190.734210849143
4187.623889405058
4185.598665978895
4184.030325928699
4159.426716821922
4144.002509773641
4126.69805190888
4135.49086034156
4138.541874808957
4150.084769716209
4131.809434677514
4119.383524784017
4104.862101714209
4120.776140458841
4136.000461030138
4148.889843963679
4137.711577135323
4121.037530467207
4104.273425056713
4108.666534441015
4118.480740805545
4122.7310741348565
4113.75814821742
4093.503717401099
4075.5139344723852
4072.2784094108465
4079.7598746923118
4081.389718273887
4063.1034004617322
4044.8983551731885
4038.5195603471825
4049.3068404403352
4063.4856009781674
4082.7823339487113
4089.2402047436335
4099.588173898356
4116.209503253859
4160.687539215215
4213.088547951155
4264.428620770787
4293.688925824925
4327.080950255
4369.861049439324
4441.9146330059375
4518.567802097914
4591.541742080538
4647.766952535516
4697.485967992343
4758.504060785593
4830.856375790339
4914.356205857749
4984.32306246682
5039.616933732324
5084.303642389435
5142.358582902972
5219.433490495842
5313.2175896318995
5398.762412117701
5471.98456278054
5539.748275033381
5633.350060129993
5765.222417627942
5928.982159591841
6097.640218519234
6253.894333100052
6392.624334346893
6551.593390527211
6727.482507501166
6919.755725923871
7076.679789685798
7192.49093927474
7277.007774164616
7368.709539452516
7473.608205330856
7590.069535108677
7671.990042352431
7715.6509599683095
7724.353709658609
7746.367580783342
7790.496364548645
7840.992960366492
7870.125865248483
7861.943699020223
7837.041358475315
7817.23941792558
7822.089410685848
7842.332858728706
7842.499796885309
7803.05406772367
7738.613742720049
7684.688325027753
7652.961289054331
7637.519509568511
7591.121684806215
7518.011558432678
7402.938451220296
7303.381806353267
7207.901966994868
7124.73820979536
7009.397122910535
6861.724947511947
6673.286913581738
6492.666417800891
6321.983135447335
6162.4583509299055
5965.053980746338
5745.802677594642
5507.794993926674
5296.3919806900285
5111.424503173415
4951.341793764177
4780.098389964125
4616.0574889996315
4447.660820080603
4308.9659637088325
4181.860129892852
4081.3985044926562
3985.8725374857227
3891.071433527198
3794.7722792686272
3711.777656780411
3657.505183446756
3605.9608310407507
3557.386220578536
3493.479658365109
3441.6519504038174
3390.8785886947558
3365.5347406567234
3339.701060922341
3318.680032518461
3279.269448231896
3246.3958107091726
3213.9197495857284
3194.693306365334
3179.051640402529
3166.5510476494983
3145.433370839166
3124.7857567329534
3104.8410401282285
3093.392597072738
3087.626641005842
3078.4142906269612
3069.087719404089
3051.989737680388
3035.3112979028883
3024.025399894621
3020.1770360739733
3016.2122548546417
3006.2486827710477
2990.7695618554644
2976.1427041604356
