6967.330904001157
7085.966822924206
7197.995505333266
7292.188163642062
7409.0734284754735
7476.64164736072
7555.043273987646
7624.1798329230805
7741.177122045784
7849.394782063969
7981.866798992873
8087.971373397205
8252.76129951172
8465.87542885355
8837.93445227408
9186.485947379215
9525.976654379234
9716.712284517436
9917.15888294963
10066.597088320706
10251.817169626915
10397.378455966347
10551.392084761172
10617.815898651801
10693.790332343904
10751.144571910645
10878.727058094828
10994.103289854722
11126.083278532586
11193.996356504496
11269.36893421095
11327.67647851409
11450.685737829206
11555.120930667503
11665.183696627088
11666.224863551166
11686.435363273646
11680.689176198977
11767.745228312982
11827.559609134934
11884.01765438728
11848.312657866372
11797.009926476503
11739.598576487764
11746.506740994577
11750.076142369324
11744.018044528371
11667.749272507523
11601.494593328185
11526.961099514136
11520.077097108937
11498.131319179663
11469.646397931856
11362.217301048155
11252.257773159094
11145.924757066774
11119.588066307891
11098.369347981721
11090.031226370318
11005.41993962868
10907.104348162718
10775.87997429895
10676.870271550266
10556.586936608106
10414.428113486816
10212.215485082132
9998.10192335537
9798.839267902245
9680.537225292406
9588.209441917244
9517.631943103755
9411.542744582266
9323.427953106648
9245.101009339254
9209.587113076566
9169.431896749365
9123.4733829255
9032.742494811528
8965.398324504886
8930.451139352768
8973.52557686584
9030.218653470247
9089.510254275468
9094.878633943084
9100.919159346498
9113.050730911247
9185.74790500266
9271.980249107102
9390.471195420467
9488.439731245075
9633.548527317922
9818.20409406825
10104.03516649372
10402.48983873498
10708.98170459482
10943.670394122948
11174.903903120328
11394.414399725696
11670.200627543962
11930.132123594283
12181.956136275883
12359.031392783596
12531.45434645334
12697.250294616859
12922.810102844414
13142.700603411527
13346.894524148529
13455.180277362162
13562.218387510655
13647.027364174588
13810.787106138489
13951.423716858122
14109.450451075507
14181.433744891974
14259.675023026371
14318.459219697697
14461.252847125017
14595.550201003096
14737.799082866766
14789.769566883047
14855.894649335552
14921.80227287353
15065.413018646335
15208.97104710652
15349.073895035957
15401.870283616483
15448.944647223965
15485.086758128606
15606.062007798793
15717.15276135431
15831.531757283978
15856.282535555132
15872.982940879554
15881.03990349036
15981.804653438076
16088.416631976294
16180.878405187674
16174.714872721497
16168.628219669552
16182.622469613241
16297.484707575175
16404.808369833645
16521.208196080086
16521.709010549894
16510.882192472287
16505.458898937366
16627.253463507728
16753.937558822818
16855.952148390366
16832.088778214846
16803.146973591065
16769.968014966133
16829.6374231784
16882.497511845006
16931.449929714272
16864.310038993997
16803.66536049841
16729.861122842147
16739.71486719114
16707.741817092192
16640.98632344305
16441.16134998873
16207.788396721206
15936.329381646477
15705.732873509825
15422.21696972988
15068.2751294102
14597.7072177108
14066.944921227698
13536.977777543158
13044.648598508613
12561.255003961742
12045.453441486881
11504.213579122224
11002.667656599422
10611.213055247197
10405.097149154559
10328.294614343513
10306.952888954578
10245.249471097379
10149.266620714485
10057.437455254443
10018.714392586522
9984.88525377271
9927.724311018874
9807.957166429363
9681.980361725151
9575.166300155257
9528.19517461831
9510.41406438535
9524.46762130573
9521.368282635105
9545.881832999507
9571.179553389004
9646.139178813331
9694.975179283909
9705.09909986003
9609.70931924401
9480.048892321056
9327.335623903984
9215.267403510465
9101.277197761317
8999.256018529692
8851.85401935824
8755.61636863105
8694.488448103195
8749.69445718101
8825.903922225172
8942.808956050807
9049.368217276415
9179.1867961372
9339.37274361697
9553.86191619608
9789.97616971942
10012.3377943152
10165.009328193124
10301.417571130363
10433.382183925381
10612.30913603858
10772.16999342391
10908.819857377288
10970.174023038438
11002.17782490307
11027.71496975401
11085.585399673408
11123.449609456695
11126.083278532586
11056.18890822836
10978.195840774175
10897.31430389981
10870.380150264658
10834.051332211175
10772.901446136393
10634.6063627186
10480.641058127001
10317.542479125443
10197.74897587963
10062.421437850928
9910.096959614364
9703.368214762615
9492.481391878626
9297.737049427256
9151.46407936757
9022.664701883941
8919.707790353457
8804.067972030502
8728.207759182393
8681.649585927573
8722.89209682739
8776.400169128176
8830.376107578386
8829.646851420592
8822.644235062018
8815.215487093163
8855.665041749115
8906.012271847898
8976.85555377914
9028.494358036907
9131.216238215324
9276.825848757984
9525.361619065428
9797.683880134178
10097.689319988094
10344.250387627304
10587.714313150573
10822.464506210084
11090.288223269306
11336.493449048381
11534.607306397511
11640.911767278822
11698.314331048789
11729.821711553
11774.229457764211
11797.187847406574
11757.373097056654
11639.773951948295
11471.104910247437
11283.360987599948
11127.871274051999
10974.358459726982
10832.276516019918
10614.378290558581
10418.015087299093
10280.79631568045
10228.342589631897
10131.54481745821
9995.395767974645
9857.843120042791
9771.232968531296
9679.636637868623
9580.534679822871
9462.012981743812
9322.755807370851
9132.099253201568
8869.66807791158
8565.168487157522
8256.969898301882
7938.726464839037
7633.800742474701
7368.981912234342
7251.633174360893
7246.928154210305
7282.962633935033
7345.2810871060365
7367.404785965377
7358.258332227261
7304.647021855942
7243.121524928807
7289.176687159127
7314.799497643064
7328.912361540129
7317.444149492413
7301.85520084222
7321.993214259858
7338.322401841305
7399.9709058312
7486.629381545924
7552.262435747384
7599.503737511467
7659.078693871973
7753.280138399537
7854.591830465593
7909.951598371862
7902.599729817234
7854.754375512814
7801.288037751179
7739.444040393682
7651.403931777597
7510.334599783612
7295.6960614854315
7044.684774039931
6779.362932775068
6536.377856174685
6299.5738844780135
6067.538633018001
5816.448269603585
5580.066036407807
5351.059833868271
5154.5933925382515
4974.196945336003
4813.620011121032
4664.665047782229
4544.783682348731
4468.91248672716
4440.517624221731
4426.641988231416
4400.224024948921
4345.02680208987
4275.369659692394
4210.75141375871
4178.712467019003
4167.723103894175
4168.041604324537
4164.12295075374
4157.375134739453
4162.873111133906
4183.762346256258
4215.340016510614
4235.038718989817
4237.6218673077865
4225.329947250513
4210.973265782619
4207.803637361845
4206.121076467659
4203.931111439585
4178.666339370468
4163.160859798577
4145.307263260777
4154.003423287001
4156.84137194926
4168.742305271333
4150.719574022236
4137.590766627251
4123.152812635743
4138.779102715704
4154.622851710188
4167.501251870267
4155.888067212866
4139.46882088904
4122.537777321942
4127.8666190051
4137.601749400712
4141.507223643356
4132.387128561547
4111.750497228791
4094.1560941446637
4090.6306238637612
4098.202147887605
4099.265280358606
4080.6714448895514
4061.864543615358
4055.7844802274844
4066.2708323278107
4080.1991856307377
4099.831991469179
4106.6325247960785
4117.725125991438
4134.023561807197
4179.525192255098
4233.061819766882
4285.381555979213
4315.32938265199
4349.323263067713
4394.4888206477135
4468.89271773493
4548.27620430925
4623.677337226701
4681.837712365464
4733.601720240682
4796.866888484002
4873.157626051773
4960.011595134097
5033.097559406022
5090.357347121001
5137.776569815148
5198.443213857652
5278.894226012357
5376.047840046174
5465.930858048973
5542.9398690010785
5615.250449466675
5713.304650924273
5850.525619097608
6020.275365707002
6194.679611709063
6356.917141271298
6501.602002288561
6667.7186474371365
6850.157890503084
7049.242625026144
7211.108936845406
7331.978751890372
7419.572959903951
7515.083551028044
7622.826755232719
7743.356104300401
7827.947622049808
7874.053305038047
7883.546814417522
7906.421734981578
7951.213878263913
8001.989436527666
8031.6165662153935
8024.396490942294
7999.632533342988
7980.063427590619
7984.85630992889
8006.053062708143
8005.470975714725
7964.094474978684
7897.773899158582
7842.901766393967
7809.593211042197
7793.064136983766
7743.850329106135
7669.424466471999
7550.674326704958
7449.5757004440375
7350.403452648131
7265.313316983605
7145.4055928938005
6993.907019221487
6799.966615787442
6614.542254894863
6438.62018960053
6274.019167189536
6070.710457993467
5845.122094554917
5600.179887723828
5382.648486896085
5191.64048397606
5026.874719963158
4849.990563713662
4681.334701340961
4507.606994184082
4365.966557970142
4235.2715537871845
4131.561223997299
4031.936485934811
3934.611540635004
3836.1795317703545
3751.601193349099
3695.0399100262243
3641.830569163569
3591.67004621362
3526.1446231920786
3472.6189784537546
3420.193807616197
3393.8637065213875
3367.494067442122
3345.717424224142
3305.5644044516316
3271.9065969038093
3239.3470667020624
3219.6813125432395
3203.011658984508
3188.784574243448
3167.20342439307
3145.905630097978
3126.112475767011
3113.864486803581
3108.0238478771535
3098.3018968096962
3088.672201039306
3070.7109733215875
3054.6431757485043
3043.254039669704
3040.0997871317763
3035.781360607009
3024.969918412245
3008.8494035265553
2993.9743351513143
