7010.611817655297
7129.88913054845
7242.81840038129
7338.118122254935
7455.3306737374705
7523.713814413506
7603.407015199416
7673.628672152776
7791.260765581512
7900.154964444878
8033.239820132893
8140.359202804994
8306.774579391702
8522.825502356936
8900.560423101988
9252.575884956646
9594.807892212464
9785.815895132486
9988.296503209616
10139.522704100104
10325.843259307077
10472.792768211948
10628.633930510643
10695.986887036057
10772.754276972026
10830.376496211209
10960.38397877552
11076.408194169606
11209.411777334011
11276.997568656787
11352.840209067363
11411.573884980775
11535.863735681423
11641.12922619335
11752.793280523512
11753.845430221054
11774.657785929181
11768.158180595106
11855.950078530977
11916.460767190341
11973.292226740354
11937.490581812992
11885.95281907106
11829.54090146725
11836.89277002188
11841.668079922616
11835.97021705118
11760.384573539588
11693.958563094262
11620.07744602378
11613.10997454028
11592.055997816018
11564.02356683479
11457.051353327062
11347.34223267291
11241.65500366009
11216.407804028511
11196.085280016736
11188.287510859604
11104.721784151427
11006.937758920956
10875.533267572435
10777.395597036537
10658.37528104236
10517.154386774617
10314.724299455407
10100.612934283346
9901.916989940795
9784.412296684208
9692.670993411848
9622.198929223576
9515.512267825825
9426.718740950333
9348.391797182941
9312.836166381101
9272.88522964027
9226.313877057293
9136.66149729717
9069.05813353685
9034.444824697943
9077.21174455411
9134.53303580047
9194.652737724633
9199.157871398233
9205.33458319256
9216.923605748349
9290.549922474544
9377.10076700935
9496.69877688756
9595.018761462909
9741.21485210837
9926.030767351225
10212.41097844973
10510.73166085477
10818.16365212285
11053.232345612725
11284.360419984878
11504.011496090547
11780.041541479643
12041.273397907722
12293.413714464985
12470.552671058771
12643.256783729104
12808.995621470627
13035.359368715508
13254.907206750644
13459.918245833132
13568.590592672588
13676.191020822274
13761.030749251891
13925.286912576223
14066.34306524205
14224.921134687165
14297.642470880184
14376.158318351105
14435.151187718197
14578.29187078688
14713.579870831125
14856.896278275179
14909.53890802726
14976.2131291528
15042.661105145045
15187.036251950709
15330.40537670737
15472.315989148441
15525.56926110494
15573.550801800278
15609.594067743776
15731.507246267518
15844.563916272513
15960.241076025239
15984.994050851086
16001.91630819941
16010.276395357732
16112.725902754319
16220.67777965474
16313.657939773468
16307.265965619308
16301.561513083792
16315.856691020314
16433.236180659453
16541.097998817506
16659.219923942594
16658.92997872323
16648.80605814711
16642.633739462166
16765.8648508012
16893.43196110254
16998.253747566658
16974.284942765906
16946.252511784685
16911.93354127453
16972.857182216016
17025.972071226905
17076.664160412347
17009.17282094133
16949.788964839045
16875.035815555788
16886.075699438534
16853.30969309572
16787.48334208135
16586.38656346027
16352.387592105471
16079.259195464712
15847.155850809244
15562.660283636602
15208.3054910348
14737.654110257097
14206.872044781769
13676.542469573023
13184.384621804465
12700.479230014322
12184.40529475763
11642.464731446176
11139.677755522309
10747.162218253776
10540.143528182663
10462.993937730262
10441.423770653346
10378.437564855929
10281.35204401757
10188.264252718924
10150.41761537317
10116.258993355534
10060.339104002765
9939.992068974527
9813.233290799908
9704.87505128143
9657.506349345203
9640.111832738063
9654.292789830588
9651.191254605272
9675.665266985214
9701.064028890549
9775.547001946687
9824.905782434003
9835.242768815262
9740.59762023988
9609.6566019314
9455.519966073814
9341.663750160884
9227.27596801245
9124.422294552502
8976.466763598628
8878.85187307946
8817.291231277251
8872.249029674857
8949.106478353204
9066.101570921217
9172.985922241263
9303.013173797806
9463.789994489764
9679.722303501621
9916.671247807973
10140.04109100745
10292.71042833068
10429.869892972634
10562.877869246426
10742.749339877248
10903.783157468186
11041.20840522789
11103.45217553936
11135.638291443445
11161.480757396595
11219.353383870684
11257.430659459113
11260.409187621668
11190.587303622278
11112.629381043162
11031.145988183147
11003.827437476872
10968.289379112568
10907.08897227987
10768.583019611624
10613.57874465064
10449.926633866658
10330.03208910501
10194.168591731423
10042.188972581529
9834.40588147755
9623.097320092673
9426.171798831992
9279.299169341344
9147.833174461442
9044.065734249562
8927.013531259554
8850.588803855562
8803.731899162607
8845.068861914187
8900.733950922664
8955.564349148128
8955.390821327448
8947.593052170314
8940.755177413648
8981.920808899242
9032.423994381164
9103.862542633977
9155.316836297601
9259.284162986472
9405.434125983398
9656.76171730457
9931.12457768232
10233.39027231446
10480.85632048683
10725.941303372907
10961.495435449746
11231.509117537042
11478.957593271878
11678.672738991585
11785.79212166369
11843.89977948984
11875.629012017956
11919.347040055827
11942.11213288527
11901.50881940087
11783.938229503512
11614.590452402786
11425.746055854528
11269.705007078848
11115.878085432852
10973.954293663626
10753.501475095325
10554.906572268608
10416.813571882487
10364.713491139371
10266.760331197613
10127.973219528774
9988.333844639383
9901.14160613447
9809.560651354639
9709.962271948452
9590.478482914232
9449.50360277201
9257.182060146084
8991.315473317565
8681.856062068633
8368.392331615907
8044.501556039545
7734.137164257448
7464.666031179113
7344.666051792238
7341.445902613542
7378.233800597682
7442.9992156957405
7466.181653916694
7457.933591047668
7404.008173355374
7342.205910537028
7389.976581981918
7417.150160078512
7431.849504078383
7420.680023468798
7405.047143724764
7426.1736067538695
7442.977250148819
7505.728424594174
7593.691653796031
7661.486117814565
7710.438535683829
7771.461021586464
7866.523515553356
7969.350830357001
8025.710030648198
8019.702453565166
7972.02623397204
7918.753193023316
7856.017394460804
7767.096467413167
7624.166653594931
7405.75882744502
7149.989802536319
6879.35010236176
6631.574339977797
6389.874247872322
6151.565636211527
5893.597860055987
5649.411268038998
5413.279442078125
5208.459503253855
5020.570607996683
4852.839495149379
4698.375572642663
4573.602479909744
4494.55067309394
4464.607239530544
4449.666274514538
4421.5284089080915
4364.2181004351905
4292.254575610954
4224.8115603431625
4190.470624286084
4177.97222808775
4178.060090275437
4174.246871329864
4167.861486839783
4174.328143853471
4195.869755719389
4228.580848194894
4249.136207004038
4253.026305363835
4240.6355403454145
4225.079540015606
4220.433826841708
4218.586524345609
4216.1922797311645
4190.96704564651
4174.343519736316
4156.483333534442
4164.66330320801
4167.32992060428
4179.233050481044
4160.7754014029015
4148.722905807071
4134.052117018197
4150.10893181782
4165.4804215534905
4178.705877354929
4167.428765565427
4150.616335951706
4133.287715985331
4138.583609348106
4148.033187633738
4152.397741807042
4142.866890997799
4122.682749931625
4104.684180784141
4101.112582854704
4108.354623674725
4109.283766309505
4090.0836817454165
4071.3756254323675
4064.6783301760006
4075.6039932147564
4090.0836817454147
4110.318343569508
4117.501077412841
4128.751830546037
4146.644965068295
4194.00048767637
4249.771011310068
4304.930892739353
4337.468457394178
4374.631966230676
4422.277434058114
4499.901480324021
4582.509509186416
4661.548136674068
4723.22299932027
4777.875476615667
4844.163104115386
4922.667968812845
5012.950759769616
5088.343106468297
5149.36339581624
5198.66726243625
5262.187231023859
5344.371324830671
5444.400228956514
5536.240377190021
5615.948953858778
5690.335278508454
5791.969864114258
5931.793749597794
6105.8465468491095
6283.800425233683
6450.378346867609
6597.202652155025
6765.2918034171535
6950.246101605611
7151.665773766428
7316.279975505574
7438.265640334153
7527.346915874318
7623.887691149025
7732.021882088903
7853.39251160368
7938.30033322876
7984.678388998825
7993.772125424327
8016.455945730166
8061.777458693311
8113.761122037743
8143.276227436167
8135.755224170242
8109.708478630724
8089.915324299759
8093.207959783293
8114.365174578085
8113.618345982754
8073.267636287947
8005.310627222197
7949.496172494649
7915.060784585808
7898.639341707293
7848.052687147067
7772.5197609480865
7652.434115928213
7550.450278126358
7449.527376240808
7363.165435409527
7240.997456541499
7086.887179340219
6888.764535772316
6700.29575007642
6520.428672554982
6352.86449786428
6144.925451377157
5915.939017829849
5665.624038221761
5443.9631145727735
5247.698756274435
5079.089021550269
4897.56574179095
4725.362443590425
4548.096086824494
4402.79838704812
4269.269827312291
4163.521094768086
4062.514723804239
3962.9185409527477
3862.3426947085622
3775.207566625641
3717.4733230971583
3662.737376723458
3611.8124527406403
3545.4084078422384
3490.2419367488797
3437.480693043423
3409.678900304872
3382.984171131166
3359.623811980148
3319.257726402498
3284.556555375903
3251.770780040863
3231.6020148575403
3215.7077451051396
3201.4015843951624
3178.8934884646937
3156.813720699196
3135.880554483001
3123.9774246062407
3117.3877605297916
3107.7339026577924
3097.374950729609
3079.2401951912107
3062.58372096063
3050.867298232697
3047.6735077103094
3043.115656724096
3033.0752052262796
3016.3638171284015
3000.241105688022
