6897.104853938412
7013.006062269738
7122.884317635183
7216.139047090433
7331.502099522176
7398.288344937013
7475.495045811414
7543.542113619546
7659.159966395579
7765.5369135817355
7896.275848858536
8000.161903023795
8163.012271345142
8373.136889750955
8743.882373465582
9087.010575035796
9421.007698750742
9604.74730219444
9802.239534565699
9948.604759922455
10131.296606777998
10274.51856237029
10427.236223896749
10492.19054269833
10566.811898700065
10622.815257131137
10749.295072859857
10863.381927015464
10994.305372886402
11061.025721660471
11135.425225638302
11192.704782345514
11315.386755011505
11418.74783260534
11528.44816704072
11528.544815447174
11548.449994067443
11541.864723100376
11628.244236369193
11687.002074384223
11743.001039705907
11706.78424594173
11656.120711967276
11598.702772314462
11604.976132515243
11607.763560419582
11600.949847764534
11525.40154568271
11459.010680112457
11385.10759749505
11378.175270886624
11356.339320691957
11327.259133122576
11219.869574223334
11110.015480959502
11004.802707760186
10977.818033367119
10957.396664394195
10948.946518493489
10866.013399536658
10768.319433048571
10637.7408462643
10539.640517158163
10420.29291451486
10279.649714131154
10078.90658081552
9868.085654572295
9671.289730038452
9554.793255385555
9462.821313870521
9393.405792489182
9288.217181391476
9201.196274152548
9123.038465096446
9088.069314397411
9047.466000913011
9002.050036098108
8912.525056510129
8846.678936503531
8812.252334813456
8854.819368192642
8910.418560560358
8969.207150341073
8973.479449217308
8979.357429573502
8990.283092612259
9063.046163344434
9147.95178841482
9265.715675125088
9361.861070555213
9506.10442407935
9687.654062494972
9969.970647413002
10264.05197926219
10567.281961404185
10798.467146198333
11026.904441072606
11243.680227086254
11516.659258007947
11773.15753907444
12021.917357960483
12196.561028423988
12367.534255996909
12531.619088055248
12755.452404294772
12972.612587379534
13174.651687963544
13281.362511462905
13387.666972344226
13471.373278552695
13633.239590371964
13771.998146829807
13928.230295863706
13999.69520277282
14076.719589607774
14135.152337528363
14276.237045405185
14409.901791531927
14551.353324042342
14602.8273866982
14668.111188703604
14733.173138685108
14875.450575759774
15017.121763739406
15155.311412531979
15208.00895615136
15254.894416055315
15290.48738828692
15409.364928226103
15519.660528983057
15633.617786411827
15658.590416706887
15674.732897139504
15682.686621679779
15781.604069131397
15886.540076439502
15976.805294958729
15970.670317703552
15964.867020206895
15978.946935783579
16093.057952040801
16198.501363482794
16313.291115139893
16313.695281203249
16303.288005071838
16298.290843147195
16418.093132611775
16543.23744308767
16643.681496050325
16620.580330352983
16592.288705918083
16560.55288372589
16618.57926902843
16671.845720313082
16720.005181938483
16656.570878983868
16596.429211512786
16524.57551442316
16532.823577292187
16502.080597820845
16435.366838710852
16238.052527269661
16007.135322147953
15737.934365296753
15509.02700771836
15227.222220043599
14877.1485125368
14410.888044588704
13885.397479366768
13359.344596143645
12872.194893073189
12393.398687496985
11884.129678676574
11349.477283833678
10854.819756825455
10468.733535140855
10265.547833007548
10188.885877696806
10167.825311308465
10105.908827646124
10011.178013437746
9920.223076745175
9882.56534310295
9848.727418070375
9792.864639139603
9675.419252859698
9551.63021662886
9445.881484084659
9399.507821423978
9383.079788881385
9397.331035724057
9393.730882583624
9416.860603491967
9440.928253253862
9514.510638886206
9562.316455206166
9572.855524619104
9479.231773975576
9351.559229049022
9201.24679491047
9090.76229044999
8979.175115534052
8879.251646033434
8734.316377781264
8639.778860385799
8578.932098858537
8633.900880029601
8708.326742663738
8823.325167016588
8926.734568813652
9054.27751701337
9210.78643193848
9422.567252582174
9653.372433414583
9872.180032518461
10021.402975529707
10157.046817434079
10287.14875185015
10463.81544918513
10621.00309951011
10756.603010320638
10817.247688816222
10849.361318415458
10874.142848452302
10931.303791206132
10968.44533449571
10971.311838368963
10901.683251182489
10825.181644364273
10745.158960374543
10719.402160054386
10683.855315471314
10623.722434218997
10486.78482160095
10334.52624000515
10173.147563327546
10055.502290570652
9921.975927389516
9772.731018831346
9569.046698782922
9362.693564783529
9170.514798212589
9026.737114283185
8898.142016385927
8797.517845938512
8683.734116330419
8609.259929493055
8563.00268423106
8603.364376699325
8656.589093444823
8709.822596409089
8709.231723196903
8702.576162479687
8695.34730098782
8735.353151595957
8784.577942247053
8854.489884988821
8905.162205182045
9005.702906551154
9148.406475236097
9393.612268630242
9661.92142427643
9957.399764909826
10199.46668164889
10440.222255236744
10671.833571641166
10937.274026859406
11180.283265561398
11376.672827477196
11482.38202203694
11539.729671939609
11571.72249103078
11615.36363965443
11638.530701992544
11599.315611073578
11483.47151316425
11317.660189117882
11132.435714702287
10980.034357051496
10829.339722396511
10689.40381262368
10474.576370621979
10281.037936696592
10147.669725453288
10096.621794407707
10000.950854791092
9866.106558794665
9730.322137389998
9645.210036178545
9555.004124636
9457.821955391186
9341.444094691671
9204.636078800455
9017.015163215727
8758.608076121754
8458.332460040705
8155.803178845505
7843.013790683271
7543.159913103108
7281.892911799958
7166.119103640781
7162.0840326713
7197.789029192204
7258.899377282523
7280.845155211802
7271.250604316493
7219.198847776599
7158.327924147726
7204.563203862802
7229.58635491578
7243.648698054926
7232.118982475825
7217.224145108354
7237.087589189469
7253.992274100262
7315.372798417714
7402.301450359572
7467.2843243721545
7515.573382724394
7574.458620911566
7668.910472674037
7768.798797299579
7824.835104051029
7818.021391395978
7771.59940453207
7720.022103805685
7660.174774663355
7574.37295527857
7436.627010533809
7225.2745180550855
6978.722236634651
6717.690266683562
6479.864897055041
6247.899935345177
6019.322060970609
5772.148154572293
5539.44075737648
5314.77275035394
5121.80761720321
4945.077219782165
4787.353610112295
4641.148733248065
4522.905997614908
4448.097934464339
4420.32689349148
4406.64894742346
4381.245792408742
4326.584528894575
4258.346360828225
4194.314594997345
4163.323404845795
4152.421903908654
4153.087459980376
4148.828340432296
4141.680751464038
4146.152936817256
4167.02459950207
4198.380417732515
4218.085709875796
4220.32619566179
4207.829996018147
4193.587535394243
4190.218020496483
4188.941822220345
4186.749660637578
4161.987899592968
4146.275943880016
4129.336114094153
4137.854353190312
4141.17115077546
4152.944683925385
4134.985652762362
4121.854648812686
4106.432638319097
4122.528991103179
4138.078401768912
4151.549871695869
4139.637955600337
4123.6009097929455
4106.597379921009
4111.4978934391975
4120.525733223937
4124.7958355454775
4115.919558034496
4095.8342619294694
4078.1366207748106
4074.811036970894
4082.6000199092614
4083.753211122641
4065.25382750535
4046.6951369113685
4040.6480218438774
4051.6264021952443
4066.165397702589
4085.609299837508
4091.542194061008
4101.824266574967
4118.636696188684
4164.087805878663
4217.222463881782
4269.067744280612
4298.477415053815
4332.4910644617685
4376.30134779671
4450.257147726726
4527.643966085879
4602.074221829399
4659.145105840854
4710.4324613478775
4772.315996689835
4845.520574915135
4930.333944688449
5001.486940831282
5058.415048787747
5104.039686298405
5163.526780471226
5242.284248958283
5336.795407697443
5423.530762826391
5497.750149319465
5568.0574719058195
5663.675694209825
5797.366798992875
5963.711885829432
6134.724651386809
6294.082497747637
6435.2770333590715
6597.343231655322
6774.903926750002
6969.06837876265
7127.547603246618
7245.917739051918
7332.3499696333465
7425.65741640121
7531.693897610084
7649.325991038822
7732.603969082324
7776.937032434001
7786.160365586339
7808.409268063132
7853.306845970687
7903.761707249384
7932.969294990911
7925.195687935392
7900.816127407212
7881.196500896921
7885.815855414515
7906.669945661793
7907.2344602176745
7867.863413915568
7802.511518714707
7747.6833170439395
7715.547721897777
7699.337148269704
7651.35780412906
7577.118648643757
7460.718822397318
7360.995239373683
7263.892146097787
7179.915663662181
7062.9117848754
6913.348375886871
6723.038877358948
6540.992817582897
6367.884538849207
6206.527827718521
6006.641350732824
5786.14679762537
5544.989254528856
5331.115117263543
5143.120787381149
4981.781648688
4808.038565648276
4642.247010594138
4472.077722038546
4332.089094953102
4203.7575836189
4101.782532035811
4004.743138845986
3909.0370543542963
3811.701126281029
3728.2364410886935
3673.1512425189444
3621.0006410179085
3571.549605233524
3506.784190135464
3454.161329375615
3403.6603404483817
3377.76735373731
3351.580028697492
3329.1378294077913
3290.030369668744
3256.4011173319177
3224.564253623888
3204.896302910373
3189.590709815469
3175.936925849061
3154.276700029763
3132.9174022032917
3113.1066754347853
3101.5396184259225
3095.292616881447
3086.23402533102
3076.637277881013
3059.2164026175647
3042.5423559494484
3031.3003890350205
3028.785333912508
3025.1258737953854
3014.571428499605
2998.0072095661003
2982.567626634977
