6982.104930860565
7100.310325063948
7211.5131029087615
7305.978133999387
7422.566863949353
7491.149891102366
7570.0655115272575
7639.615022744824
7756.757284477212
7864.847544323249
7997.269040494233
8104.078708954745
8269.604480891128
8483.931108423025
8858.623800919444
9207.939697057458
9548.27827416864
9737.2610536625
9938.9640813786
10088.826221805264
10274.59324522982
10419.86678290458
10574.288970872147
10640.945619560147
10717.513123019127
10774.880541914024
10903.315291318759
11018.70250585212
11150.757177389516
11218.887714275945
11294.238326435478
11352.769919317214
11475.867040820025
11580.682237620058
11691.808136050646
11692.90860995141
11713.180613205272
11706.320772901687
11793.721684102356
11853.955606870511
11910.791459529903
11874.159516928907
11822.751350913817
11765.326821596924
11772.656724604632
11776.22612597938
11770.37450427949
11694.272670415245
11628.30573990058
11553.357097249716
11546.688357204346
11524.022109336045
11495.873260956134
11387.965315149542
11277.592834978357
11170.947908119759
11144.336648024359
11123.201398776488
11115.067556751455
11030.377194040899
10931.817785004103
10799.8202238887
10700.329475662435
10580.155968454883
10437.180026988111
10233.93721443281
10018.547454429914
9818.37762188893
9699.78124095034
9606.853798144215
9536.517920346865
9429.521544737521
9341.712074364114
9262.822812595527
9227.161747168464
9186.130105519087
9139.730084202101
9049.264979205882
8981.909826125777
8946.646337097989
8990.039275041423
9046.503909957844
9106.704884405617
9111.071635133614
9117.815058038514
9128.578176030052
9202.050733927796
9288.127122649099
9408.074384723363
9507.018190831282
9653.449312828807
9839.203156925207
10126.134703251446
10425.95343595653
10733.216292513313
10968.122440955967
11199.648091727402
11420.454555601138
11697.431316062552
11958.630224170243
12210.58163702399
12387.9380525323
12560.527944358642
12727.949342994356
12954.354824778382
13174.212377025115
13378.333811457276
13486.674478538212
13594.725200399791
13679.810942954937
13844.554741420923
13985.463724922376
14143.497048803833
14216.229367770318
14293.411906543102
14352.446510449343
14494.745913070938
14630.26455135786
14772.935171722418
14824.925424730924
14891.489818121854
14957.661028222885
15101.684726277808
15245.23616507392
15385.903527559247
15439.662007094943
15486.925274405949
15522.726919333307
15643.623093034585
15755.70888586564
15871.271824774363
15895.581095552392
15912.527515002332
15920.21984953424
16021.10101688063
16127.2231637225
16219.195105237544
16213.06452109175
16206.922954172498
16221.468539343916
16337.442233980088
16444.792254894866
16561.310695094686
16561.580871321818
16551.21313317487
16545.794232749333
16667.766718249757
16795.050472995794
16897.65373922083
16874.056152163063
16845.746955290633
16813.060024916744
16872.301104964037
16924.517603105833
16973.948869897984
16906.710134216573
16847.41853341136
16772.513821854347
16783.30769161157
16750.48677140146
16683.535784384712
16483.238551671573
16249.314263176304
15976.950267568413
15744.493277607515
15458.46451525975
15103.092717835481
14631.248607859932
14099.8251484145
13567.929429710246
13073.544275483853
12587.842101955537
12070.531506407171
11527.327924147727
11023.253767174254
10629.885966685166
10422.796986863907
10345.783582802416
10324.103587990894
10261.264551357852
10164.488744731083
10071.95668176955
10033.505991883454
9999.028869435459
9941.933823322392
9821.863554185367
9695.508942074102
9587.467006431292
9539.474482962496
9521.763662479687
9536.845206995995
9533.86887538813
9558.50543281529
9583.27378352398
9658.822085605805
9707.787682803226
9718.315769442705
9623.150037405281
9492.988796012518
9339.583612867418
9225.391324086588
9110.900303867624
9008.002699313833
8860.985097213508
8764.479466813877
8703.487732676933
8758.70252797352
8834.64840645463
8952.069630632917
9059.14947532056
9190.00263144135
9350.37308951526
9566.443781472726
9802.808442230966
10026.268344172824
10179.289130246798
10317.215192476311
10450.418662117705
10630.452677795744
10791.541409253989
10929.076484748299
10990.973199418411
11022.79688379829
11048.050673093943
11105.842027044424
11143.892943976549
11146.46291296636
11076.381835513299
10998.180095363352
10916.507798799812
10889.222196413917
10851.962039170969
10791.431581519377
10651.581337379539
10497.420539420336
10332.569109774442
10213.127055279374
10076.338808380393
9923.96161283122
9715.952276593947
9504.834815467286
9308.427681113955
9161.223371864795
9031.009413159421
8927.343014463377
8810.96954687324
8734.540426359861
8687.36062812716
8728.192383299547
8782.576880922505
8836.967968209538
8836.530853825801
8829.345923427774
8822.020413529453
8863.153096694665
8913.223560902234
8984.519333100054
9036.560106866482
9140.395640273824
9286.92121412311
9536.704627495701
9809.474985721643
10110.74564107824
10357.963478570395
10603.3757481056
10839.013349260742
11108.069333502257
11355.73526815162
11555.872152372218
11663.586801365893
11722.11400113824
11752.848194390812
11796.821022772972
11818.854662889937
11779.1277747277
11661.133249774763
11492.332414792378
11303.516573455121
11147.258065764918
10992.240611475781
10849.104321516485
10631.153378742541
10434.309130005475
10297.707590255324
10244.5180183849
10147.674118562674
10010.69916451486
9872.577608917742
9784.680276356645
9692.506251809937
9592.697003153306
9474.53554004376
9334.21303664511
9143.940879546957
8880.343333715433
8574.984890076743
8265.09934721753
7946.352902730185
7640.544165379604
7374.899430574994
7256.338194511477
7252.23503034654
7288.315637719806
7350.4737423982815
7372.353623686795
7362.152823696447
7308.258157769839
7245.766176778155
7291.783997578711
7317.046573093136
7330.414804949563
7318.092133126597
7301.9891906784405
7322.039341908393
7338.770498998504
7400.241082058336
7487.334475602106
7553.512275367216
7601.34884345287
7660.820561742846
7754.198298260856
7855.477042006532
7910.713802850044
7903.570606991171
7855.231027881014
7802.520304933475
7740.302893278309
7651.955267005323
7510.0556373377085
7294.176045638465
7041.875380588671
6774.330625975354
6530.7217278424
6293.159944776937
6060.105491939765
5808.000320257573
5570.666978880094
5341.557538270026
5144.46068574336
4964.132331736572
4803.867308287885
4655.823915146322
4536.280819135415
4460.635868647137
4432.093836977336
4418.725605120907
4392.714004456459
4337.855051019999
4268.909592342778
4204.983261137122
4174.275426540861
4163.308028962955
4163.6594777137
4159.193882024557
4151.7717237197785
4156.775475308496
4177.28909957849
4209.560881115564
4229.283745696382
4232.115104694562
4220.042840106505
4205.615868888463
4202.3386092877745
4200.6099207450525
4198.795566569336
4173.513222062683
4157.181837926545
4139.673100475414
4148.314346634333
4151.240157484278
4162.668831547538
4144.6702624000545
4132.415683772546
4117.92720902312
4133.841247767752
4149.386265324103
4162.501893390935
4150.941426046145
4134.047723908814
4117.180380427789
4122.559742868865
4132.446435538236
4136.505668609331
4127.174704277074
4106.948828671751
4089.3214772672404
4086.4000595266803
4094.00892498029
4095.1533299749008
4076.6451601388394
4057.943693489869
4051.413336390105
4061.8996884904323
4075.994979949963
4095.928713781231
4101.999990950335
4112.723570957415
4128.786975421112
4173.88883291504
4226.75770780041
4278.581022652315
4308.131272925814
4342.120760232153
4386.157288700388
4460.668816967518
4539.777734205319
4615.925695718101
4674.094857075631
4726.26742412359
4789.774213383045
4865.304943027334
4951.94584630452
5025.003255365446
5083.174613277668
5130.644356729733
5191.293428334703
5272.038778818156
5369.3373654616535
5459.057838417232
5536.369973916854
5609.012234140966
5708.61281010184
5845.888692142479
6016.4775226442725
6191.250789834612
6355.5179359323965
6501.208818998665
6668.054720305036
6850.491766816289
7049.980667402706
7213.334046748555
7334.796931560403
7423.7573965925
7519.13619443506
7627.129805874639
7747.795341333236
7833.168832553051
7879.856602534713
7889.389649898646
7912.036128774719
7957.29394165179
8008.658176573036
8038.750975855494
8031.052051659509
8005.411668738037
7985.642676508684
7990.294979346659
8012.078212228713
8011.761908353044
7971.53640227569
7904.864377704846
7849.686923838027
7816.062064610585
7799.416573153467
7750.1742100648335
7675.089381023053
7556.892773038435
7454.731014306518
7354.851475899738
7268.87173558489
7149.704250426338
6998.212266418103
6803.962148772462
6618.155587363447
6442.011670045208
6277.1470610711585
6073.456151358657
5848.087443389321
5602.394014853518
5385.119610924755
5193.193448143411
5029.1854954993005
4851.422717372943
4683.252293587206
4509.638807274322
4367.4602151608005
4236.341275922262
4132.220190404939
4033.684943469763
3936.384160271569
3838.0773550243744
3752.3721840460444
3695.90315602024
3642.491732125907
3592.880347848995
3527.2516867569225
3473.853442190744
3422.4277037381144
3396.4929824878923
3369.662066923275
3346.92992241421
3306.886730376307
3273.2003676174863
3240.803382462959
3220.751034678317
3204.7381509725387
3190.805404560226
3168.965061256173
3147.353159640106
3126.885663018648
3115.5887822369186
3109.825022724717
3100.291975360784
3090.0472442765918
3072.094802777643
3055.81393939942
3044.2205237342496
3041.050895313476
3036.899406945311
3026.718375947196
3010.307915842143
2994.7189671919546
