6988.734132921469
7107.594100423124
7220.270766466372
7315.3222776598
7432.495291157874
7500.472069215852
7579.238323921679
7648.750493709477
7765.8026966994885
7874.380591687178
8007.221629804363
8113.987367171033
8279.803084326784
8494.470177835965
8870.540110124364
9220.156934255196
9560.85135322651
9749.60569103239
9951.662364053927
10101.799073817108
10288.695126353427
10434.098260755025
10589.06299773155
10655.464846075263
10731.817087174415
10789.094447326932
10917.665383122576
11034.517699635602
11166.708557563916
11234.246024683465
11309.159522459255
11368.407192170629
11492.28189403446
11597.290387647408
11708.370158429461
11710.048326214264
11730.408191655806
11723.69112740721
11810.949262552887
11870.746070937303
11927.757647972074
11891.527674879742
11840.754313170679
11782.75208996975
11790.088582641532
11793.697522000735
11788.175383504667
11711.284986505945
11644.7820966464
11570.604444692484
11564.23663263994
11541.838364444078
11513.164539492742
11406.154984555242
11296.748988448606
11191.136442295317
11165.025996669729
11144.527748282584
11136.91448971959
11052.751300135147
10955.898614094149
10824.285450049869
10725.98523446675
10606.185141556864
10464.843436781053
10262.905377712887
10049.046616330419
9850.559344683623
9732.931644364273
9641.104675458919
9570.918163380633
9465.169430836431
9377.469788197632
9299.101109891088
9264.40872508326
9223.818590927007
9178.204936189804
9087.014968145175
9019.486287244394
8984.611588397123
9028.226378364465
9085.55645582959
9145.35765732339
9148.876537940214
9155.248743102142
9166.047005968754
9240.461885829433
9326.68324716042
9446.21096728848
9544.15753756616
9688.299849574461
9872.448012190904
10157.352138536287
10456.698611982561
10762.885156740193
10997.622170471552
11227.836478091775
11447.599578486734
11723.218868148402
11983.288747144326
12235.317039412299
12411.726739848289
12584.371545541937
12749.956624455013
12976.199561191817
13195.595836953204
13399.723861049444
13507.721865598412
13614.898358692508
13700.293815459241
13864.923393081228
14005.856538684295
14163.874486682917
14236.03570142945
14314.16715182925
14373.715749533449
14517.117822610491
14652.370677779656
14793.991345001365
14845.95084624419
14912.42737744743
14979.16090554965
15123.467959159863
15266.437310962569
15407.368260010948
15461.243156945324
15509.77603286838
15546.260806305005
15666.739634614763
15778.78149635198
15893.65032397799
15918.458212671138
15934.831331346426
15943.296853129972
16044.171430812296
16151.093123562112
16243.076047850613
16236.97621547051
16231.706680764042
16246.195155513467
16363.30666548016
16470.518303449328
16587.893399979086
16588.135020995225
16577.479534183596
16571.386291467574
16693.44883571038
16820.88415273019
16924.100257714334
16899.964514756986
16871.659710993936
16838.32919009525
16898.03593973728
16950.724697137888
16999.982436109367
16933.554229109348
16873.651986099718
16799.498496247412
16809.574092620307
16777.11340737971
16710.62369684831
16510.686699104695
16276.711889851505
16004.547780720597
15772.264318580368
15488.133379486624
15134.292580682784
14664.14421092958
14134.387936495486
13604.111078599351
13113.088849606638
12630.310290373565
12116.62620662194
11575.91132082871
11075.147371776313
10683.659822103706
10478.420341333236
10401.057685075692
10380.702212743532
10317.84121056357
10221.60136328169
10128.660741147416
10090.141958065862
10056.192008743985
9999.920670640475
9880.16670537912
9754.345856058048
9646.488431009378
9599.35256387052
9581.727409020705
9596.396001254887
9593.450421412714
9618.14628581656
9642.473129032129
9716.920957213188
9764.950822111752
9775.927005908428
9681.455385153726
9551.759813355697
9398.853248125715
9285.70651937835
9172.239093645932
9069.321720099906
8922.042727991213
8825.17027295799
8764.14998361005
8819.591024039932
8896.180493045837
9012.564943409428
9118.394948477238
9247.282188148556
9407.512066722169
9622.086904934278
9857.588319698503
10079.396412511864
10231.246434934923
10367.828205692846
10500.223343207525
10679.881748033204
10840.818917217688
10977.730171179433
11038.948150449673
11070.653220876173
11095.849899749832
11154.010274888593
11191.619684327592
11194.826654178136
11124.431469404095
11046.607536661199
10965.444840786235
10939.428847012401
10904.075299242239
10844.06981816207
10705.460627423296
10551.580988464693
10387.61037725035
10268.306705700888
10132.208176975242
9980.828217256303
9774.00941366218
9564.093467952122
9368.395820764357
9222.261233650275
9092.02750595267
8989.696612509453
8873.316555255238
8797.651835774728
8750.061281814595
8791.925417692297
8846.96009550413
8902.319863410397
8901.43465186946
8893.983938353687
8886.014837930567
8927.066248572162
8977.406889006872
9047.848201429444
9099.689088718891
9202.410968897308
9348.949722074749
9598.594752501727
9871.356324508904
10172.007551442315
10418.17763234632
10661.656933752434
10895.590008466466
11163.547715361907
11410.407514439246
11609.380224673005
11716.139372375595
11773.016959574137
11804.313470827898
11848.47520291359
11872.035448541597
11832.394226012353
11713.951603902215
11545.387996826583
11357.174011474975
11202.145574412376
11049.291726495007
10907.438224475924
10689.480692037901
10491.516200407836
10354.670843086857
10302.111682413082
10204.986623590265
10067.26264439243
9928.879698786946
9842.107002228231
9750.714951151924
9651.498772262175
9532.774991151438
9392.8412779333
9201.7695749272
8937.433986719117
8630.392982186238
8319.136789199125
7998.479342129606
7690.421332774265
7423.0698749738585
7304.040772760914
7300.647095761542
7337.711759636892
7401.323983521569
7425.112670837559
7416.379169381566
7363.020462799846
7300.789871816533
7348.523201831656
7375.156427473979
7390.044675177374
7378.121776308381
7362.899652291778
7382.868530998119
7399.685353721224
7462.1707450488275
7550.443688462282
7618.110752308672
7666.606286801975
7727.01813050019
7821.426051168816
7923.475785611435
7979.591168331802
7973.038845685119
7925.463667607831
7873.163700387729
7811.14617520955
7722.625021115884
7580.24654252538
7364.373540490208
7111.172288016634
6843.388108941871
6597.9363014222035
6359.1839857135965
6123.93737129366
5868.930550863137
5628.0475771031415
5394.43959248355
5193.309865542096
5008.041460032661
4842.744129784256
4689.523457233295
4566.696511957621
4489.028534597871
4459.654008699742
4444.996399239023
4418.040280056955
4361.667900437604
4290.35235924755
4223.291544496194
4190.125765199416
4178.038124728514
4178.220438767963
4174.260050658015
4167.712121120713
4173.117842218096
4194.211356926814
4226.566607542189
4247.715036118212
4250.774836804377
4238.4851133017955
4223.539755176403
4219.755091441828
4218.314151563778
4215.502561557826
4190.182875621409
4173.638425680133
4155.536618462123
4163.885722846989
4166.348060656889
4178.457666674715
4159.877010533813
4147.36104189794
4132.336607803631
4148.685564377306
4164.298675129113
4177.741589845074
4166.247019141049
4149.84534525476
4132.727594538831
4137.762097893241
4147.246821053947
4151.5652475787165
4142.339717871684
4121.753607296848
4103.6737656257565
4099.799043148802
4107.423284485257
4108.536937714178
4090.23744057387
4071.0351594550884
4064.467460925558
4074.714388564442
4089.132573563719
4109.393594044116
4116.323724097852
4127.886387997333
4145.177666533942
4192.49145460286
4247.374570140934
4301.818374740576
4333.119279103725
4369.724863048413
4416.263267311006
4493.169040192578
4574.593126075905
4652.223762005889
4713.074916642535
4766.765302982768
4831.941473808259
4908.5001910484725
4996.586427313095
5070.992520955
5130.147935369304
5178.689597511139
5241.491292714417
5323.730300388533
5422.884975746899
5513.099673508212
5591.283841220618
5663.860204803964
5764.416282055925
5902.548820426502
6074.952005104012
6250.577535514905
6415.18954069936
6560.682733843333
6727.796614822146
6910.923379506734
7110.818642711199
7273.649242040316
7394.754088437342
7483.090731936866
7578.814388866096
7687.025459220201
7807.196769873066
7891.6674771144035
7937.008759069776
7946.453944246023
7968.669898402432
8013.716842029052
8064.608817691489
8094.246930152679
8086.33274359686
8060.971323121288
8040.730071633118
8045.164915556571
8066.238661273065
8065.746633022022
8024.963202052865
7957.5663144336095
7902.30539148849
7868.682728815741
7852.757707297649
7803.150716130123
7727.540910516917
7608.373425358368
7506.161145868526
7407.2942191748325
7320.802681616714
7200.734609034381
7046.72756990363
6850.711422285501
6663.428776123364
6485.670391106391
6319.839298067795
6114.241778882508
5886.924726901234
5638.718439797609
5418.704932167737
5224.531693936325
5057.898858435095
4877.908773850893
4707.150808637803
4531.65926806313
4387.65094589105
4255.550146705119
4149.999104083207
4049.774706589765
3951.0439662869817
3851.3709040212684
3765.296711854659
3708.1643243118247
3653.909423415708
3603.5863554185376
3537.1449690903687
3483.281054929454
3430.8470978731293
3404.1216169337317
3377.2731289315766
3353.879821460174
3313.344601171228
3278.8696752779256
3246.2200863338016
3226.147969556931
3210.403065523595
3196.09910136831
3173.834823008672
3151.761644907252
3131.885021497983
3119.8325259021535
3113.313151575852
3103.0069169602816
3093.071900087683
3075.2336794327257
3058.891312523123
3047.183676013961
3043.779016241128
3039.4627862710527
3029.066492913106
3012.708750120664
2997.447088119604
