6975.8908776364715
7094.1907236916195
7206.076630045692
7300.840392574452
7417.63779522017
7485.546480082695
7563.926141162701
7633.157151949901
7750.325772338595
7858.448980505011
7991.232908200203
8097.337482604533
8262.880826978459
8476.9987818146
8853.953925643937
9202.97548345319
9542.413473140597
9729.089870207701
9929.769303437266
10079.547974785624
10264.985515006358
10409.84610039899
10563.550014982224
10630.015563412004
10707.239836723942
10765.053156221344
10893.518657391767
11008.956392683045
11140.951757243754
11208.548531339999
11283.771743327387
11342.503222686106
11465.89687907235
11570.60883780186
11681.47114966939
11682.775903156527
11703.278544653056
11696.78552898306
11784.048057238126
11843.420930566952
11899.747182537767
11863.53258532828
11812.210084946184
11754.247399729715
11760.404342531814
11763.644260702737
11757.65205950255
11681.870922623355
11615.122018638285
11539.883430768052
11531.174091413675
11508.731892123973
11479.989973977184
11372.317059522662
11261.588737491353
11154.570396335088
11127.811967075308
11106.24399655308
11097.864140402526
11013.360484840805
10914.68685496002
10782.634379977317
10683.473114954875
10562.69555520698
10419.92608988127
10216.821660271571
10002.183121973389
9801.769471861575
9681.929840967232
9589.459281537078
9519.173924497647
9413.554788680276
9325.070976016375
9246.063100294414
9210.322958898436
9169.614210788812
9123.51511746465
9033.430016430168
8966.03093225622
8931.031029791497
8973.833094522743
9030.765595588593
9090.549224644854
9094.951120247924
9101.119045823483
9112.093033065465
9184.535406812587
9270.704050830958
9390.3503849124
9489.61708456007
9635.650630158312
9820.934411550592
10106.780859858905
10405.66605681983
10712.318271172193
10948.518190328521
11179.96696168573
11401.384067763887
11677.939089724408
11939.26539800425
12191.609994147884
12369.080630500184
12542.915968836978
12709.15342449362
12935.701682332641
13155.007899351638
13360.445070044405
13468.895564859951
13576.92871428399
13661.76624615892
13826.595710257898
13968.460195050438
14126.796643479414
14199.289537984458
14277.12445350081
14336.328192118346
14479.376619889961
14615.139075747706
14757.684492494815
14810.06353568383
14876.419256379006
14943.10885338739
15087.859611045416
15230.264448292231
15370.778051949099
15423.438254138717
15471.648236522038
15507.937516591055
15628.906176597166
15740.506530841254
15856.137562945443
15880.578627005
15897.314177204491
15905.07240837717
16006.533466162298
16112.943361668838
16205.587448919667
16198.839632905385
16193.631601730294
16207.47648595492
16323.922439849901
16430.916618904557
16547.145113885006
16546.83100656403
16536.305116479245
16531.301364890525
16653.576974938467
16780.74650884052
16883.82862398846
16859.927912383162
16831.19258390045
16796.137767568416
16854.97028844298
16907.738121812512
16958.379690240046
16892.698311835356
16832.47537184067
16757.917715925
16767.180587061797
16734.77042257911
16667.21318646733
16466.406353065617
16231.500204622971
15958.828691358174
15725.758862638162
15439.481889610184
15084.246278576831
14612.325289187058
14080.387835943657
13547.018229040978
13051.870870336405
12566.164303698699
12049.765278347571
11508.384836482617
11006.658796475056
10614.051003909457
10407.563880073845
10329.265491517448
10308.062149074116
10245.26924008961
10149.442345089854
10056.92785456586
10018.58259930499
9983.984666348928
9927.65621782342
9808.27347030504
9682.564645273264
9574.5380855133
9526.490648177201
9509.304804265816
9522.901477810226
9520.351277812637
9543.7006541902
9569.486009721353
9643.722968651964
9692.451337942628
9702.634565495435
9608.083868771819
9478.90009421706
9326.274687987676
9212.717203512877
9098.795090959185
8996.624546008492
8850.342789730037
8753.93380773686
8693.040918561066
8748.38970369387
8824.737551683638
8941.308709196068
9047.626349405538
9177.543773227471
9337.354109854887
9552.234269169197
9787.39961106553
10009.576725067167
10161.404781943302
10298.878353906237
10431.512915882362
10611.371207185033
10771.800972235627
10909.169109573339
10970.622120195634
11002.658870380648
11028.244339434817
11086.064248596296
11123.399088698776
11125.564891625238
11055.442079633023
10978.026706062874
10897.678931978702
10870.573447077566
10833.90855615619
10772.249069392828
10633.374095536305
10479.072718076808
10315.304189894141
10195.468952109177
10059.732854907734
9908.065146524124
9701.621953782358
9491.453404282702
9295.683270790096
9149.230183245652
9018.482461750085
8916.05491990041
8800.015328623484
8724.122167454994
8676.573348034015
8717.613775902153
8772.633077831137
8827.052720329162
8826.275139968142
8819.219806296955
8812.032679344238
8853.053338220147
8902.730619137825
8973.925349819812
9025.832133750024
9128.804421163346
9273.785817064048
9522.40944955918
9794.615293229244
10094.890909310298
10341.708973848485
10586.108631670611
10821.107035410334
11089.356884079834
11336.273793579167
11535.835180470427
11643.859543675693
11701.76731502486
11733.74695478788
11776.946595918407
11800.164179014437
11760.081448992074
11642.513055649406
11473.549675619804
11284.8590379
11129.911873361008
10976.07177238686
10834.20948414901
10616.443051969209
10420.279735186703
10284.580979415026
10232.177774124391
10135.287746653637
9998.63568614557
9860.790896439663
9773.732647770965
9681.910071974999
9582.568689467802
9464.020632732436
9324.350506077351
9134.010255783738
8871.735035876894
8566.11739878453
8257.677188912754
7939.826938739804
7635.3295445404365
7370.084582689804
7251.830864283188
7248.090131642457
7284.574905079076
7346.983416992455
7368.511849530223
7358.4164841651
7305.031418927072
7243.486153007707
7290.110222903296
7315.99661995029
7330.177577042811
7318.819192729701
7303.6014618224835
7324.174393069166
7341.2460161365625
7402.580412805478
7490.0472206469085
7556.479820756307
7605.252121140821
7665.132398603538
7759.057077239893
7859.903099711214
7915.598940485382
7909.507894324048
7862.618041310714
7810.392756950147
7747.766786122243
7659.919974319065
7518.600235090176
7304.097883182909
7053.255730448703
6787.564867995558
6545.166271497979
6308.346923918463
6076.608207341892
5825.309171231718
5588.362423480056
5359.072865385232
5161.960636975723
4980.9733165612915
4819.715450391752
4670.013658457615
4550.05761016458
4473.55600334636
4445.132585629934
4430.969200974951
4404.680834419296
4349.661532490308
4279.628779240472
4214.327404797529
4181.651457197103
4170.150296829004
4170.080007078857
4165.473831889416
4158.701853773514
4164.456827066945
4185.480052025515
4217.677150703055
4237.147411494276
4240.530105720188
4228.216220115993
4214.217577062918
4210.503203078492
4208.83601806715
4206.705360015763
4181.596543329792
4165.774759882236
4147.457690304395
4155.967143181788
4158.403122335384
4170.530300790746
4152.2923071818195
4139.982814687006
4125.650295320724
4141.42595111975
4156.672237237967
4169.739541101572
4158.293294600774
4142.170583160388
4124.8221942017835
4130.1356600020945
4139.5610761861135
4143.894878593728
4134.893397465295
4114.412721515681
4096.662363048411
4092.9589718374446
4099.941819203792
4100.939055034029
4082.061864009685
4064.377402183179
4057.618603395431
4068.970398044466
4082.160708970831
4102.606240045369
4109.086076387215
4120.914523404446
4137.382093931499
4183.397718177359
4237.2506495648095
4290.708201107677
4320.572558702156
4355.63835780765
4400.727035973422
4476.222620742636
4555.74449026256
4631.255450914618
4689.861726655888
4741.693827726563
4805.521313971072
4881.159674795276
4968.050985307367
5040.895328563155
5098.442864942804
5145.558963089434
5206.098206959795
5286.45696381743
5383.4041017101845
5472.9005260871645
5549.476815764917
5621.460109581382
5719.47916616391
5856.129030117285
6025.654728148074
6199.4681009379465
6361.784706469102
6506.021470329168
6671.51209739048
6852.769594032048
7050.723102888653
7212.281897051016
7333.5690574874925
7421.198410376143
7516.607959984394
7624.450009150215
7744.909068467751
7829.520355209388
7874.725450773847
7884.07618409833
7906.652373224252
7951.545558022423
8002.82632386537
8032.600622717472
8025.101584998469
8000.161903023792
7980.085393137536
7985.113306827869
8005.886124551536
8005.5061205897955
7965.1598040043755
7898.883159278118
7843.920967771129
7810.324663754686
7793.725299946105
7745.060630741512
7669.54747353476
7550.915947721093
7448.8793926066255
7350.093738436542
7264.968457896939
7145.87565559792
6993.942164096562
6799.683260232155
6613.85473327622
6437.54168124668
6273.188869515903
6069.636342749007
5844.724518155638
5599.064037940214
5381.829171995913
5190.214919980856
5026.248701875897
4849.292059321558
4681.488460169409
4507.7387874656115
4365.544819469247
4235.166119161961
4131.805041568125
4032.960080421353
3934.736744252457
3836.107045465516
3751.566048474026
3695.2903172611313
3642.102941945397
3592.260919425809
3527.032031287706
3473.3328587287047
3421.463416228262
3395.4913535482733
3368.882290007561
3345.7877139742923
3305.1075210756644
3271.5375757155284
3239.206487201765
3219.769174730927
3203.701377157846
3189.720306542306
3168.0908324886987
3146.689800123076
3127.1141047066308
3114.96715725904
3108.823393785096
3098.7983181701225
3088.8545150787554
3071.1590704787873
3054.8210966785687
3043.5637538812957
3040.2996736087593
3036.1086472561365
3025.4992880930527
3009.862015239636
2996.102796648009
