6993.986095190399
7111.818075096126
7223.440394887144
7318.915841136157
7436.209665142301
7504.498353966563
7582.667145796127
7652.25399844346
7769.8860918721975
7878.485952406808
8011.412656156987
8118.130069320432
8284.628914985444
8499.594739932752
8875.943634667052
9225.898728220478
9567.238934271287
9756.36668637483
9958.552956123205
10108.298679151181
10294.56871360024
10440.474859026337
10595.584568612545
10662.647579918592
10738.632996384158
10796.701116225848
10925.51147648294
11042.427493082034
11174.367943775442
11242.22610788005
11317.39660255482
11376.360916710908
11500.41793261419
11605.874523384336
11716.63799029072
11717.56054326142
11737.402021795619
11731.405427486048
11818.74483515533
11878.996330361018
11935.366513425679
11898.710408723071
11847.135304551377
11790.34118643113
11798.169707353954
11802.406861355112
11796.142287373097
11720.130512251233
11653.752826009142
11580.097954071956
11573.633493612957
11551.733843332215
11522.627297106525
11415.044441394371
11305.016820309864
11199.41086382065
11172.929200452088
11152.60667644031
11144.909948799017
11061.40572562222
10963.533838204066
10831.883332730024
10733.695141436205
10614.097131557994
10472.69172669611
10270.167187525138
10056.174436306448
9857.173170861688
9739.242345994819
9647.538384152227
9576.862040377591
9470.898045473563
9382.90186795132
9304.368448042862
9269.074207249387
9228.563149062049
9183.373429380434
9093.09722808774
9025.28299507698
8990.722403550686
9034.014299978284
9091.4871534984
9150.422912443488
9154.901687460782
9160.551226128995
9172.430193904145
9245.617199691907
9332.563424071304
9452.273458238815
9550.459452977942
9695.94825301253
9879.826239401838
10165.76274645253
10464.180077264025
10770.98165733546
11005.145370292166
11235.744074983515
11456.12440724697
11733.01550207539
11993.441222931442
12244.263606673427
12420.994004094473
12594.0649413984
12761.060208423834
12987.081293136733
13206.378723936972
13411.308490495843
13519.425108998184
13627.24299606239
13711.162368076004
13875.523966025548
14016.865670801353
14174.870439471822
14247.299633890798
14324.174655006684
14384.0834876804
14527.353767475914
14664.297969758036
14806.786276083136
14858.868784388718
14924.159176058201
14990.492931206456
15134.887847004362
15278.103212932585
15418.506988854844
15471.14742205223
15519.221218044622
15556.187036958829
15677.99478085734
15790.515491517444
15905.483164104598
15930.266890696133
15947.145216950614
15955.325186624183
16056.447974986722
16163.780423463977
16256.795728457791
16250.913354992212
16244.657567228967
16258.921993399796
16375.130719388011
16482.89808569429
16600.10185095805
16601.31654570281
16590.676434774028
16584.578798948623
16706.867588324723
16835.093665033703
16939.322381730937
16914.516689592478
16885.61661950786
16850.915448481264
16911.26798520279
16963.965528822173
17014.191948412892
16947.636341240734
16887.446349566424
16813.48176341764
16823.27839734463
16791.171357409465
16724.48176040108
16523.718858093216
16289.99445607494
16017.028604481393
15785.206418826516
15500.879986365173
15146.850283857808
14676.534975947996
14145.590365425445
13615.287148873009
13122.881090424242
12639.595127057286
12124.043971817335
11583.627817462235
11081.783163501299
10690.209948195701
10484.109417985908
10406.62155811091
10385.998106106306
10322.862534589827
10226.998298160304
10134.000565604036
10096.127569601977
10061.793223208972
10005.115522487411
9885.196815624147
9759.204635037082
9651.30986855865
9603.780818129897
9586.294046225688
9601.397556288915
9598.113707024151
9622.513036544557
9646.870631525815
9722.036733091207
9770.246715474526
9780.781391778082
9685.778204787877
9555.948643153626
9402.569818664833
9289.774538668209
9175.845836450442
9073.77852957028
8926.077798960696
8829.269044013547
8767.794067844328
8823.325167016586
8899.512666513829
9016.244172518782
9122.441002220185
9251.769749384619
9411.720665512328
9626.838052733397
9863.450924171853
10085.97948692424
10237.601067659314
10374.527697503901
10507.41266671493
10687.082054314074
10848.315758382
10985.270943437587
11046.937019865021
11077.864509930501
11102.916216194479
11160.485718121054
11198.516866060947
11201.541521872037
11132.582883866664
11054.28888841965
10973.620417350421
10946.51273589459
10911.528209312704
10850.971393004807
10711.85699468684
10557.597351766492
10393.365350543785
10274.149541182009
10137.79181900269
9986.414055838444
9779.221837946652
9568.936871048312
9372.683495523432
9226.133759572536
9096.152635664528
8993.518617673793
8877.276943365183
8800.551287968367
8753.50547957189
8795.270770488441
8850.307644854964
8904.738270126452
8903.839879257363
8896.435293390125
8888.786889952056
8929.820728156119
8980.859872982926
9052.579580236334
9104.145898189263
9206.079215233198
9351.840388049613
9601.51836679698
9875.130005470019
10175.177179863085
10422.078713479577
10665.979753386586
10901.81284790933
11170.258189946428
11417.719845009415
11616.839724407548
11723.721879172897
11781.087101513098
11812.572516470384
11856.659565696536
11879.33459978361
11839.201349003328
11721.503358933827
11553.032007155265
11364.760911381663
11209.014200934727
11055.666128211626
10913.089959698826
10694.712885314604
10497.099842435282
10360.570788989973
10308.002842097429
10210.664717469472
10072.786979443184
9933.47269464823
9846.388087323232
9755.059736332996
9656.441020319517
9537.394345669032
9396.463396620655
9204.989724105888
8940.500377069357
8633.874521373296
8322.833590746015
8001.941112324435
7693.89847885194
7426.415227770002
7307.170863197226
7302.975443735219
7339.523917257913
7403.878576628536
7426.973152661808
7418.228668432355
7364.312036958832
7302.795326250464
7350.100328100619
7376.926850555851
7391.454863289735
7380.803769587498
7365.214820937307
7385.546131167852
7401.886301522759
7464.235506459449
7552.4403566774445
7619.343019490967
7668.288847696159
7729.350871583251
7823.899371752176
7925.837081905495
7981.3835569605935
7975.437483408944
7927.144031947325
7874.123594788199
7811.833696828197
7724.224112931773
7582.792349413582
7366.816109307879
7112.861438574895
6844.255748045268
6597.540921577616
6357.8374976873065
6121.433298944608
5866.332026662322
5625.123962807888
5392.135406611483
5190.7289137788175
5005.4363461677685
4839.877625910998
4686.582270500507
4563.55983185723
4485.039591276923
4455.924258832467
4440.9020212928535
4413.9349193373255
4356.96507684171
4285.899942886563
4219.5508118554635
4186.121445995627
4174.345716291009
4173.82513282897
4169.83179639864
4163.202594337729
4169.467168319742
4191.061497498271
4223.691317450165
4243.506437328052
4246.238951365088
4233.81963113567
4219.210345878178
4215.38175104976
4213.578379647504
4211.531190674421
4186.062139018937
4169.390288905516
4151.393916312728
4160.2877662612445
4163.466180900786
4175.527462715384
4157.542072896055
4144.9272592990355
4130.140053111478
4145.742181089823
4161.115867380186
4174.090915946718
4162.699583313227
4146.326464637937
4129.136227617166
4134.379403667329
4143.622505811897
4147.916770235052
4138.524302371417
4118.562013329154
4101.084027643712
4097.659598878649
4104.877477597055
4105.303609207332
4086.4615630580624
4067.402057994271
4060.9397940899635
4071.676553425197
4085.864100181799
4105.828585778755
4112.611546668117
4124.59594906849
4142.390238629602
4189.172460463021
4243.791989438036
4298.20723882668
4330.120981948937
4366.689224463858
4412.775138459868
4489.474435200379
4570.681062169184
4648.775171139212
4708.789438438149
4762.787342435284
4828.49068638689
4905.989529035345
4994.818200785912
5069.200132326205
5129.196827187604
5177.9493585798855
5240.276597969659
5322.265198408868
5420.191999694322
5511.230405465191
5589.172952161462
5663.168290075936
5762.909445537109
5901.8591022531655
6073.708755148254
6250.441349123991
6415.088499183519
6561.012217047156
6727.87129768168
6911.371476663931
7111.8817751822
7275.18683032482
7396.236762854544
7484.243923150246
7580.266311517607
7688.196222871119
7808.798058243644
7893.088648000224
7939.247048301074
7948.4176641408
7971.068536126259
8015.873858736743
8067.440176689671
8097.0475373851705
8089.544106556784
8064.050892799682
8043.616344498604
8047.594305046087
8068.775681942498
8068.75810950496
8028.416186028924
7961.42785758241
7905.75837546455
7872.197216323184
7855.013568966492
7805.05293249353
7729.137805778111
7610.110900119856
7507.968910380164
7408.388103411522
7322.217262838459
7202.103062607588
7048.234406422443
6852.361034859302
6665.095961134703
6487.436421078877
6320.722313054041
6115.019359243529
5887.568317426037
5639.135785189118
5418.909211754107
5224.285679810804
5057.727527169107
4877.379404170086
4706.764215011984
4531.27047788262
4387.042500241326
4254.928521727243
4149.373085995947
4049.612161542546
3950.7540210676175
3851.2632728413514
3765.437291354956
3707.905130858151
3653.47230903197
3602.5276160569215
3536.174091916438
3481.991677325161
3429.7488205270533
3403.2935158147907
3376.831621438454
3353.710686748878
3313.370959827533
3279.045399653298
3246.2069070056477
3225.715248282577
3209.5595885218095
3195.3742383199005
3173.2747015621735
3151.401409937738
3131.162355004264
3119.353676979264
3113.00563391895
3103.5758246255496
3093.6232353154132
3075.519231542706
3058.5684189833773
3047.1287621466577
3043.836126663124
3039.9042937641752
3029.064296358414
3012.9877125665676
2997.8820059486507
