7003.778336008008
7122.181420133692
7234.451723558891
7329.905204260987
7447.702039291634
7515.641475919848
7594.170502718921
7663.834234780475
7781.538814514056
7890.830589776696
8023.649662346962
8131.417028653249
8297.55124623936
8512.886092374954
8888.854983147516
9240.215871703913
9582.04810600576
9772.408125291598
9974.335201586306
10125.491112726646
10312.723238130864
10459.132394581464
10613.804989783936
10680.154120815036
10756.332834093506
10814.183495020674
10943.655018240102
11060.667683245652
11193.152879502712
11261.18676798269
11336.157376180478
11395.038221258268
11518.726215973264
11624.595759025533
11736.031371667714
11736.885831442958
11757.559804205483
11751.802634357353
11839.6296771683
11899.450647654325
11955.166257420724
11919.410740141897
11867.686270251137
11810.507755059769
11817.189674433292
11820.669017065658
11814.45716039626
11737.86110172628
11671.252777241503
11596.591883255307
11589.558515131042
11567.171229708643
11537.853814232512
11429.682281862866
11318.729911252958
11211.838970268838
11183.96908433483
11162.199030780926
11153.12286679296
11068.854242583298
10969.473322091639
10837.504316187236
10737.589632905387
10616.416693312904
10472.955313259168
10268.091443341054
10051.95705129752
9850.45171350371
9730.645030929745
9637.972388467913
9566.665633496626
9459.697813098282
9370.708792855194
9291.547158304786
9256.323207261457
9215.18613098686
9168.054656957383
9076.829544037675
9009.351383894807
8975.515655416917
9017.9443058505
9074.951489775887
9134.34632865164
9139.802570506943
9145.671764644367
9157.210266442235
9230.234727182784
9317.352282828166
9436.695492362085
9536.489365135867
9683.15551848545
9870.306371366061
10158.667874796885
10460.030785450554
10769.455051824412
11006.390816802616
11239.238793498725
11460.980989671318
11738.831978900205
12001.56188562833
12254.910307266278
12433.613210800875
12607.281610981066
12775.30925871181
13003.320421975803
13224.70677628827
13429.977008824428
13539.013983742783
13647.25141275319
13733.185025419503
13897.992523971558
14039.455039255432
14198.140739880464
14271.121269527166
14349.18901984089
14408.779352084239
14551.476331105107
14688.156946824174
14831.591968221604
14884.70026756842
14951.662237358623
15018.06847881172
15163.385947580318
15306.144430132568
15447.64428684621
15501.202879904915
15549.575407335456
15585.921797826473
15706.459933112934
15819.51660311792
15935.266249175476
15960.87148722187
15977.912358523574
15985.964928025
16087.384251270973
16194.17854384864
16287.141131529832
16280.9666162902
16275.857430076256
16290.273418520841
16407.53209765191
16514.504311159646
16631.618017681045
16631.393969102446
16621.307389956088
16615.64027885034
16737.887333687286
16865.854216942585
16970.15322338996
16946.37551884743
16918.03996331869
16884.133945090656
16945.26845528259
16997.581601830843
17047.616921163335
16979.747774285275
16919.841138166263
16844.631105507033
16855.012022982133
16821.622195106753
16754.183572948354
16552.346555396023
16317.17682039031
16043.130263888224
15808.909440509517
15521.788990479758
15163.891155159517
14689.903207804435
14154.334849654906
13619.278288748648
13121.011822381226
12633.299801309584
12112.771253137216
11567.366723076242
11060.296465502683
10664.514651406924
10456.142883645449
10378.461726957537
10357.13757400614
10293.78674012983
10196.91208854192
10103.989038845188
10066.025984100748
10031.263309542768
9974.021094265323
9852.936016860527
9725.674227661406
9617.605933362292
9569.064271220455
9551.645592511699
9565.611287244394
9563.063283801499
9587.81845518204
9613.397334572135
9689.002747075961
9737.63227140548
9747.617809035997
9652.243404302815
9521.377068853872
9367.532574770341
9253.592889779115
9139.038169474074
9035.70564709123
8887.427222597611
8790.554767564394
8729.336788294162
8784.430773082682
8861.51666344901
8978.878580650611
9086.916123184032
9217.762689640751
9380.14299525798
9596.995660685847
9834.649699048381
10057.861390310023
10211.527963463488
10349.383735942853
10483.494382672105
10663.998461054265
10826.084428342745
10963.973149142495
11025.637029015239
11057.91100710701
11084.087349373367
11142.618942255102
11180.676448851298
11183.382604232023
11112.835857184225
11033.893878103025
10951.964584640504
10924.437361238472
10887.082752143759
10825.768124467071
10685.777300826936
10531.014646882088
10365.436157633088
10244.919987893563
10107.565029884005
9954.019267238607
9744.878705334873
9532.948518972122
9336.099877125667
9188.739612493366
9057.262634839997
8953.238197729135
8836.858140474927
8760.793648040451
8713.87084670673
8754.893702137337
8809.55276909681
8863.581424859638
8862.823613490846
8855.489317373756
8848.79202211739
8890.177309072193
8941.38558861029
9012.600088284498
9064.63207583216
9166.934414064386
9314.386933993757
9564.66237561739
9839.620502316717
10141.550124080957
10390.799774663355
10637.758418701835
10874.597535273584
11145.182321580834
11393.34687414531
11594.382149235002
11702.602005807872
11761.900196277167
11793.78318763373
11837.694512484513
11859.598555874638
11818.856859444631
11700.897479366768
11531.334439906206
11341.969459895912
11184.702733602011
11029.129550975757
10886.210719930981
10667.124158381192
10470.328233847353
10332.549340782209
10279.195027309877
10180.956315258134
10042.764469910868
9904.131117070478
9816.569857377288
9724.591326198182
9623.940797094456
9504.478973607156
9363.618314308927
9172.091924481558
8907.780498375081
8601.027242506878
8291.016496030215
7970.815932336666
7663.665100069181
7396.783704972889
7278.367441519057
7274.868329894461
7310.538181540293
7373.082879844588
7394.099515139084
7384.748781814599
7330.5927258796255
7268.715780201744
7315.135570510963
7340.694680908827
7354.5241892506065
7342.873663163441
7327.100203919108
7347.82689399424
7364.257123091526
7426.265862050938
7513.302145172708
7579.87312822771
7627.986462204572
7688.180846988267
7782.061594530787
7883.8082044258945
7939.851100841423
7934.570583361493
7886.654939306921
7833.496119202185
7770.285864826167
7682.001938639253
7539.500452985987
7322.261193932301
7069.084103560338
6800.882579094067
6556.32037622472
6317.3352257187435
6083.573482270699
5830.673157789951
5592.8148398410485
5362.49949070499
5164.532802520231
4983.031488307833
4821.521018348697
4672.42986861898
4551.601788113164
4475.080412302716
4446.10565935856
4431.962043695804
4405.93067403913
4350.210671163346
4280.309711195038
4214.654691446659
4182.552044620881
4171.439674433293
4172.08985462217
4168.089928527764
4161.616681849996
4167.08610303345
4187.894065632191
4219.410232355164
4239.466973249188
4242.561918810427
4230.790582215194
4215.469613237446
4211.597087315186
4209.780536584778
4207.968378963754
4182.598172269417
4166.446905618035
4148.97331304198
4157.875949209265
4161.058756958191
4172.983852381875
4155.2247076958365
4142.355093754527
4127.537135801281
4143.347936475381
4159.112609500945
4172.302920427308
4161.003843090886
4144.294651547698
4127.231814699072
4132.07961090465
4142.308966105994
4146.179295473564
4136.868100133536
4115.623023151054
4098.272437637756
4095.1137919904445
4102.707281561209
4104.4447563227
4085.365482266679
4066.2247046792777
4058.8376912495746
4070.0598891717723
4084.4758776163567
4103.972497063888
4109.857067084161
4120.547698770858
4138.032274120375
4184.465243757743
4239.104541724985
4291.580233320462
4321.971764041058
4356.220444801071
4401.337678177841
4475.414288615925
4555.041592761073
4631.883665556575
4690.804048618819
4743.666333840113
4807.16214032611
4883.419929573499
4970.26071932767
5043.32252149798
5101.660817566807
5149.416113128852
5210.779065008769
5291.546381039144
5388.774677932494
5478.156881465482
5555.269130488118
5627.588497172481
5726.874965812377
5864.757096948051
6036.294839076854
6212.0192144489
6376.288557101375
6521.977243612949
6688.208109605514
6871.249208657112
7071.142275306884
7234.785599872098
7356.703171505222
7445.463750060335
7542.703029727145
7651.098610675387
7772.451667752627
7857.054168275499
7903.469565475335
7913.0772956988
7936.336613333984
7981.427488054447
8033.30132366427
8062.866949820611
8055.08235999163
8029.879091453899
8010.411027217371
8015.7200999083
8036.655462679183
8036.000889380924
7995.788562631725
7928.556416614384
7873.609600990239
7839.806820832734
7823.477633251287
7773.923359396368
7698.245460587706
7579.249306695143
7476.437367774349
7376.999336860692
7291.096475960068
7170.993258502662
7017.588075357561
6822.112280193702
6635.932304487024
6459.2436416051305
6293.491624535451
6088.614575289187
5862.11024854401
5615.281201232366
5396.803085332305
5204.187204377625
5039.241322879967
4861.241316846857
4692.22302294995
4517.94178401065
4374.990004645492
4243.460309679521
4140.02454922615
4040.839122102096
3942.82006551957
3843.2216861133916
3757.92287775311
3701.6581293136755
3648.4619677791743
3598.2948551651475
3532.7716286982977
3478.6067865445584
3426.9591960680227
3400.5983432075213
3374.261652448638
3351.294476587514
3311.3830778311385
3277.0838763132083
3244.3464251813966
3223.9558079741655
3208.4613111757353
3194.816313428095
3173.377939632704
3151.831934657399
3131.608255606769
3119.415180510645
3113.04517190341
3103.4088864689475
3093.177334712908
3075.262234643725
3058.961602273272
3047.774549226149
3044.9497798920434
3039.985566287783
3029.9736700009635
3013.071181644869
2997.2032705487777
