6970.355559812249
7089.112289243368
7201.088254339816
7295.307271304919
7411.841087387583
7479.971624274019
7557.988853829823
7627.861258587128
7745.071613514968
7853.205804454849
7985.379089945623
8091.4287504826525
8256.682149637212
8470.630969762058
8844.686661397749
9193.565443152018
9532.59267711199
9721.065855917275
9922.070379241277
10071.308698135368
10257.15699408353
10401.973648382325
10556.810985186707
10622.749360490372
10699.305881175891
10756.877579657159
10884.622610888562
11000.44913636035
11131.77235518526
11199.276873984423
11274.247482182212
11332.421036649132
11456.073886489052
11560.390465373974
11671.634977757933
11672.5114030801
11692.735082130734
11685.76761064723
11772.775338558009
11832.457926098432
11888.869843702245
11853.696413416836
11802.881317168625
11746.172864681374
11752.56264228084
11755.848688100297
11749.584114118285
11673.201121253442
11606.535686346673
11531.982423540394
11525.34004215133
11503.684209441422
11475.216860631152
11367.816318958445
11257.858987624079
11151.92354793104
11125.439688007784
11104.21657657223
11095.628047725922
11011.403354610104
10913.674243246938
10782.07206197612
10682.930565945908
10562.17936485432
10419.530710036683
10216.700849763502
10002.440118872366
9803.014918372026
9684.48223751951
9592.36751994949
9522.413842668568
9416.533316842833
9328.877605297874
9250.500140772563
9215.23665174478
9174.088592696726
9128.448579303222
9038.141626244833
8970.85236980549
8935.856860450143
8978.900546197528
9036.032933740367
9095.093896302913
9099.998802930486
9105.775741770844
9117.922689218436
9190.780211802377
9277.203656165037
9395.685816259635
9493.748803936003
9639.116793462525
9823.787736095697
10109.221232121887
10408.46666405232
10714.802574529016
10949.5879124636
11179.718751005523
11400.56035975433
11676.63213968258
11937.42248861753
12188.209727484436
12365.552963664593
12538.336152303842
12704.791066875012
12930.693537634541
13148.802632346318
13353.343608724681
13461.190050999881
13569.587828502818
13654.207901463224
13818.466261342246
13959.091889288416
14116.602433153146
14189.03162757212
14267.187240073523
14326.14057145615
14468.332342897826
14602.53304836945
14745.111413436942
14797.765025962473
14864.448033306784
14930.73566080651
15074.550686165683
15216.623843653977
15356.91779184163
15410.243550102969
15458.914808971642
15495.577503338316
15616.634025532117
15727.856572369155
15842.316840822436
15865.714541403222
15882.926743970917
15890.28739874431
15990.861048433808
16096.530705009092
16188.816753845107
16182.653221378932
16177.188193304863
16190.883711810418
16307.441689994695
16414.383151736736
16531.066333538463
16530.89500227248
16519.57176283444
16513.98153114292
16636.145116901556
16763.51014417121
16866.15294838071
16842.641026955927
16814.096798731433
16780.520263707218
16838.29184866547
16891.19586842592
16940.890721781132
16875.066567321457
16814.68547538893
16740.892220506128
16751.042499738556
16718.81684585002
16651.5495549576
16451.217177369403
16218.336252352916
15946.688333574659
15715.261527764373
15429.964218129093
15076.290357481863
14606.11123596297
14075.695995121228
13543.962821464194
13050.847275849863
12567.332870794924
12052.484613056455
11511.194229933883
11009.362755301097
10617.413929143142
10411.899879036151
10334.258260332701
10312.630982833785
10250.042353435652
10154.415344912884
10062.548838023078
10024.352948481272
9990.071319400877
9933.593505156297
9813.586936105346
9687.4234242523
9579.522068109793
9531.810703641588
9514.89942906672
9529.504321214828
9526.670765661956
9550.652749790856
9575.746190593985
9650.732174674618
9699.495688840358
9710.170944644206
9615.169954208697
9484.960388612706
9331.579367569218
9218.434835376547
9105.050878722433
9002.542064349149
8855.60573477243
8759.583346405072
8698.859591940574
8754.535663722512
8830.336569593932
8947.32507249787
9053.886530278165
9184.07852343662
9344.440195291761
9558.856881566031
9794.42858608041
10016.5068551209
10169.345327155428
10306.48062969577
10439.185481422048
10618.017981683479
10778.612488335988
10915.246976406517
10977.044846115488
11008.80483040929
11034.495734088681
11091.946622061872
11129.211172414209
11131.91732779494
11062.132785225322
10984.563652826719
10903.46465703783
10876.409692894607
10840.118216270892
10779.392265251698
10640.381105004259
10486.352100326589
10322.12009910388
10203.240362610004
10066.957323290218
9915.825574251494
9709.263767556346
9499.132559486456
9303.00438757903
9156.111989096158
9026.385665532442
8924.078934190835
8808.153563757898
8731.990226362273
8684.09654785463
8724.908534034786
8779.37430418135
8834.540775274703
8834.064122906506
8826.973644360247
8819.364778906638
8860.484282743693
8910.078094583068
8981.578146367261
9033.29602659395
9135.901489373684
9280.698374680245
9529.620738613512
9802.733759371433
10102.76995099104
10348.999338871732
10593.078299708803
10827.852654869928
11096.122272531655
11342.226456794893
11541.774664357996
11648.7820227408
11706.667828543039
11737.665608358671
11781.20571546648
11804.29809494506
11764.446003165373
11646.501998970349
11477.301391033989
11288.845784666248
11133.47248851698
10979.997015621731
10838.349989743714
10620.699974962592
10423.849136561446
10286.779730661867
10234.45560134015
10138.024653800052
10001.172706815
9863.163175507181
9775.529429509144
9684.4844340742
9585.114496356005
9467.899748318772
9327.935283334942
9137.920123135767
8874.465353359237
8569.54841721367
8261.305897264187
7942.957029176119
7637.974196389787
7372.22842006934
7254.209733014785
7249.9330410291695
7285.8554964646
7348.446322417428
7370.734762878678
7361.412584765191
7308.497582231285
7246.730464288014
7293.618120746658
7319.23653812121
7333.085815455218
7320.98499565616
7305.615702475185
7326.010712791803
7343.060370312276
7404.197077058899
7490.967577062921
7556.5742726080725
7604.724948014707
7664.427304547357
7758.14550704265
7858.982743295203
7914.129445396332
7907.181742905062
7858.646670427304
7806.476299934039
7744.485133412168
7656.855780523513
7515.167020106343
7299.871711955209
7048.623196602955
6782.567706070914
6540.11199915134
6303.558434689573
6070.925720353295
5819.321363140915
5582.6909192649255
5354.11304489036
5157.040354465306
4976.630727934907
4816.152638681083
4667.727045023087
4547.0065956971885
4470.610423504192
4442.268278311376
4428.6057081262
4402.510638383451
4347.095956609875
4277.849569939831
4212.677792223726
4181.264863571282
4169.992144891166
4170.409490282674
4165.500190545718
4158.54589839037
4164.333820004186
4185.286755212609
4217.439922796309
4237.020011322136
4239.600963085413
4227.370546559519
4212.381257340286
4209.057870091062
4206.878887836449
4205.345692661328
4180.746476663935
4165.082845154208
4147.574107703076
4156.217550416689
4158.939081680265
4170.576428439279
4151.984789524915
4139.482000217193
4124.582769740335
4140.490218820891
4155.749684267262
4169.10693335023
4157.5991833180515
4141.274388845987
4124.325772841353
4129.353686531686
4139.670903920719
4143.765281866888
4134.730852418071
4113.694448131344
4096.097848492525
4092.7437094776105
4100.40309568914
4101.229000253389
4082.448457635501
4063.905142924365
4057.6186033954305
4068.4344386995804
4082.364988557199
4102.0373323801
4108.220633838505
4118.917855189279
4135.620457068392
4181.368101641812
4234.983805122513
4287.2068929283905
4317.095412624482
4351.2496415327305
4395.692532619012
4470.423716355358
4549.800613265601
4625.948574778384
4684.122129245299
4735.910299222132
4799.298474528212
4875.189439142014
4962.462950170538
5035.441283262547
5093.647786049842
5140.563997719485
5201.450297231205
5281.3675465957185
5378.802319630132
5468.4942373747135
5545.619665725502
5617.899494425408
5716.164565133452
5853.732588948146
6023.737135901829
6198.453292670176
6361.630947640654
6506.131298063777
6671.830597820842
6852.995839165339
7051.935601078719
7213.40213994401
7334.807914333862
7422.59541916035
7519.316311919817
7626.712460483133
7747.470251238799
7831.730089229692
7877.58975809241
7887.05690881558
7909.83518097318
7955.046866201715
8006.771336092475
8036.571993600883
8029.314576898015
8003.5160420387065
7983.766818801582
7987.7535655678375
8008.811935401485
8008.333086478597
7967.468382985827
7900.728265219524
7845.7375185015335
7813.052784682336
7797.5824499855225
7748.023783021224
7673.105892136045
7553.622103101824
7452.125900441623
7353.146949458627
7267.909644629727
7148.5093246738115
6996.235367195167
6802.013804760524
6616.035912085525
6439.870029220362
6274.96368570716
6071.714283487778
5846.567427542349
5601.693313906719
5383.621560624709
5191.873318773429
5026.92963383046
4849.882932533746
4681.233659825121
4507.835435872068
4365.762278383771
4235.161726052577
4131.337175418699
4032.4702487250033
3934.859751315218
3836.0103970590603
3751.1530961919016
3695.0003720417662
3642.1688385861617
3592.368550605725
3527.4361973510645
3473.198868892483
3421.518330095565
3394.450186624192
3368.623096553887
3345.2407718559457
3305.186597044581
3271.0016163706423
3238.927524755861
3220.085478606595
3204.217567510499
3190.5352283330926
3167.948056433708
3147.047838537896
3126.8197663778824
3115.3581439942413
3108.7443178161775
3099.5297708826074
3088.9511634852083
3071.499536456071
3054.4586651543636
3043.2869879900863
3039.8669523344083
3035.867026240003
3025.2159325377656
3009.172297066301
2994.975964090935
