7048.845048626866
7167.94663714465
7280.829779328958
7377.372751158361
7495.782424948117
7564.668576648645
7644.284898020331
7714.394530684392
7833.480743319337
7943.53252650546
8077.930921899383
8186.014592081342
8353.477725256207
8571.096988271633
8951.50950918641
9305.853319014752
9650.749747112151
9843.231638230613
10047.950535539037
10200.635248745113
10388.87778930772
10537.290203637562
10694.016577477196
10762.046072847786
10839.149535651657
10897.571300798782
11026.750682244156
11143.849012882698
11276.79328907042
11346.138520701614
11421.768095307047
11481.499007050696
11606.162272049003
11713.275065057032
11826.12306236627
11827.096136094891
11847.66906734157
11841.494552101934
11930.492358563797
11991.191950926683
12048.787811509565
12013.153104738805
11962.368760256286
11905.414293643515
11913.752415254918
11918.637552890263
11913.719466934539
11838.579724025452
11773.010369910067
11699.131449394275
11692.693347591581
11671.030925217588
11642.851325071992
11535.560611133902
11425.48027273678
11320.144492474705
11294.200985005715
11274.427599666975
11266.625437400455
11182.624792863237
11084.181801225126
10952.274298852106
10853.372227283331
10732.856057543799
10590.02069557733
10385.969550895317
10170.511697696968
9969.707060849947
9850.04535088566
9756.645648820726
9685.369645615134
9577.90101074698
9488.920776722656
9409.800876711392
9374.528601464837
9333.797887808287
9286.870693365185
9196.073908610453
9127.53261599659
9092.598610172632
9135.165643551814
9193.022894143058
9253.707110623096
9259.172138697168
9265.678333695318
9277.082845656963
9350.891476422605
9438.318746279581
9559.155613004166
9658.725437199348
9805.754022073137
9992.694005703299
10281.67713411201
10583.929649415995
10893.957968330198
11131.014543816467
11364.0777828724
11585.461940630177
11864.180568962465
12126.233936845412
12380.012883203022
12558.489541604324
12733.016794669142
12900.943400884053
13128.62508094422
13349.438134482038
13554.609522057051
13663.758521264703
13771.987164056343
13856.993830642567
14022.176940046978
14164.105124925585
14323.711181966626
14396.349049081351
14475.154841771639
14534.655115272617
14678.51846483502
14815.023356178723
14959.952034766808
15012.702295698798
15078.768071174605
15144.893153627107
15291.418727476388
15436.481395900702
15578.75883297537
15632.080198127327
15680.505442870483
15716.981430088335
15839.061546768673
15951.81728878083
16068.858508997373
16093.576338948144
16112.044970799747
16120.205171481082
16223.68046991891
16331.641133038109
16425.324190658335
16419.474765513136
16414.508355354184
16428.807926400084
16547.52951095613
16655.3034669265
16775.89651608025
16775.17165303184
16765.976875090502
16759.391604123433
16884.632563005773
17013.475871583243
17120.459067864434
17096.081703890948
17068.66650477822
17032.50682143604
17094.434287871838
17147.957736055472
17201.375749613882
17132.98601927378
17073.151869459594
16997.434432666472
17009.379297082385
16976.977918818473
16910.55630148253
16708.10864172579
16472.947692938844
16198.31685288865
15965.881828474669
15679.011785679812
15322.234193252574
14848.009017990733
14312.921705318791
13777.788264998315
13280.167585710384
12791.752667137254
12270.248848681566
11722.902564272728
11214.648363720096
10817.599137566967
10608.974766015896
10530.753256873724
10509.36979694564
10445.452251958752
10347.714354376818
10253.868751709373
10215.281875432362
10180.951922148746
10123.689937879082
10001.445079596828
9873.504554997826
9763.749306695137
9715.39874481152
9697.433123984423
9711.941367726076
9709.287929657958
9733.865180108429
9759.474811264214
9835.462424284473
9885.192422514765
9896.170802866138
9799.917776256098
9667.432579999035
9511.501358957963
9396.127323752757
9280.639067703558
9176.113816122886
9026.554800243739
8927.826256495646
8865.545144754406
8921.432085786795
8999.185728779541
9118.269744859792
9226.553301518732
9358.355369266532
9521.205737587878
9739.396104823269
9978.66461088453
10203.602794134209
10358.211689250607
10497.591870686329
10632.70634290989
10815.009399584924
10977.987168078414
11116.89509025532
11179.413429903305
11211.22173840034
11237.881322698973
11296.072449603425
11335.168926569013
11337.227098315556
11266.891220518204
11187.5582547018
11105.914513349257
11078.486134908375
11042.060668448446
10980.42973689609
10839.845843489069
10683.45773907203
10517.694739228891
10396.548158292711
10259.32279700999
10105.02800921457
9894.958304676064
9680.572370167481
9481.105435127982
9331.748502280518
9199.362150984603
9094.127412238367
8975.8034040816
8898.067333526393
8850.470189902177
8892.34750510803
8948.44970850025
9004.360811634251
9004.73642248661
8997.358195275676
8989.604357212384
9030.280157001627
9081.765202430945
9153.889075747706
9206.953444000677
9310.745046314174
9459.99874109111
9713.184617681842
9991.264048598712
10296.596133581092
10547.512969174828
10795.760990817607
11034.489144424602
11306.763081290119
11557.001181483984
11758.51091238718
11867.446845789696
11925.79832118668
11957.567091699251
12002.146169176442
12025.163865795483
11984.83292509291
11865.926829942726
11694.84597118989
11504.119127270462
11345.782678841482
11190.031575285166
11045.590531838732
10823.549604228007
10624.067293305668
10484.88260523755
10431.92147505511
10332.290147328544
10192.277358141484
10051.917513313065
9963.633587126154
9871.3585210636
9770.070991099152
9648.507064771462
9505.810085750596
9311.032794978844
9042.890577489261
8730.593217578069
8414.44969040092
8088.393111898094
7775.054585062823
7504.113956895441
7382.8795137715815
7379.556126522356
7415.700433981696
7480.382380001451
7502.980534674294
7494.251426327689
7439.568197266602
7376.078980444686
7423.829882897343
7450.362067023828
7464.938403960937
7453.215391568931
7436.903776425024
7458.24769836865
7475.033769326065
7538.777786492271
7627.507613281687
7695.710636472962
7745.359362179639
7807.385673576588
7903.495924131635
8007.364405859359
8064.485810628733
8058.20146765449
8009.479688027898
7955.510339241759
7891.772911739629
7801.567000197082
7656.313231514553
7436.011975220008
7177.213901390835
6903.784576757247
6652.443806107923
6407.264371370079
6165.812489944816
5904.367567711602
5658.32708353444
5419.0915257935585
5212.955850708691
5022.600224532233
4853.221695665814
4697.143305460366
4572.190095242691
4493.037246911047
4462.4612055963125
4447.138040063871
4418.760749995979
4361.615183124988
4289.592351324067
4222.454657158488
4188.728756415213
4175.856945919209
4175.709776754836
4171.5429125038245
4165.364004154805
4171.444067542678
4193.128455463589
4225.547406165035
4246.498144818763
4249.285572723101
4237.342904861882
4222.015346220059
4218.043975336653
4216.326269567391
4213.892486968489
4188.6848253213675
4171.830661168496
4153.825502356936
4162.1680170777245
4165.335448943807
4177.5592758056255
4158.9983886569535
4146.482420021079
4131.403072059465
4148.206715454417
4163.233346103419
4176.761926452374
4165.258569529581
4149.254472042571
4131.827007115048
4136.501275499944
4145.904726137042
4150.0869662708965
4141.4149683462865
4121.052906350052
4103.451913601849
4099.31580111653
4105.879106536675
4106.9510252264445
4087.7992648655813
4069.515143608118
4062.273102788097
4073.3151832255394
4087.307236614541
4107.92849206445
4114.992611954408
4127.047304104929
4144.905293752115
4192.585906454624
4248.822099683061
4304.276319441093
4336.708449470697
4373.248136774621
4421.1352256181935
4499.422631401131
4583.111365172066
4662.486065527617
4724.892380886305
4780.533307793167
4847.807188349662
4926.982002228228
5017.72387311566
5094.1354211915
5155.37756256335
5205.2876782783915
5269.066840319674
5352.964246786362
5453.766338163843
5546.408228859985
5626.31888856042
5701.847421650015
5805.509427236674
5947.138880677157
6123.227884128097
6302.88628895378
6471.825506881767
6621.094577541547
6791.696587371495
6978.825474705181
7182.894191824736
7349.298585637978
7473.3006876739555
7563.264978200362
7661.439990166032
7771.4083042738575
7894.186925346305
7980.370945247523
8027.216867167015
8036.629104022882
8060.121256455429
8105.6887835440875
8158.208406233404
8187.870680796208
8180.3716430772065
8153.872407271101
8133.65092477516
8137.602526666339
8158.959627938121
8158.061237069031
8116.7901709582175
8048.98252761153
7992.575003117106
7958.073718567499
7941.494123751148
7891.118338441371
7814.443203802468
7692.868294701322
7588.725243637079
7487.6024552745475
7400.111485331498
7277.537143845425
7121.026032365623
6922.0423393584
6732.1545793313735
6551.031072526023
6381.193463728944
6171.765153160543
5940.823785937223
5688.775724677028
5465.0083050782705
5267.981742301752
5098.776741256012
4915.937725236096
4742.713029103724
4564.337412218255
4418.426873682771
4283.817609038405
4177.359389328637
4075.610582878842
3974.944677892272
3873.2354094269344
3785.740046374504
3727.658747204661
3672.7580592290506
3621.297175901346
3554.3220267829843
3499.2741696430016
3446.2295703822588
3419.0559922856633
3391.361830727028
3367.810371317791
3326.6710984885035
3291.882065274224
3258.3692303360826
3238.0401166602337
3221.99867774346
3207.859455190088
3185.4545973301497
3163.2034982986625
3142.320852840385
3129.7631496653644
3123.54689988658
3113.658010662521
3103.4198692424065
3085.2301998367057
3068.749449981497
3057.2087516289357
3054.034730098778
3049.617458612862
3039.179430715764
3022.307694125359
3006.8307697644714
