7006.381253318211
7124.92491694419
7236.95140279856
7332.321414422348
7450.311546265907
7519.571112264103
7597.7486903124345
7667.372884389529
7784.79630512251
7894.837105535174
8027.836295590198
8134.586657074022
8300.523184737842
8516.244624499252
8893.160230344129
9243.756717867658
9585.081548035618
9775.547001946683
9978.225299946102
10129.94352908763
10316.819812631724
10463.189431097866
10618.173937066622
10684.795440879547
10762.0987901604
10820.443675893306
10949.82074726097
11066.170052749492
11198.492703959331
11266.68254782245
11342.415360498417
11400.70093925463
11524.929286423896
11630.557208460026
11742.77479457261
11743.34809534726
11763.277436069147
11756.643840898854
11844.778401366702
11905.10238287723
11961.714186958023
11925.598434709687
11873.928878686236
11816.609783994567
11823.489393290381
11827.618916111625
11821.281855824767
11744.923025061542
11678.34764889715
11603.361664816517
11596.337082911019
11573.802628324249
11545.264989763826
11436.337842580077
11325.288823563713
11217.927819875475
11191.668008530818
11170.15055876651
11161.720181858036
11076.588311654361
10977.519301928987
10844.930867601395
10744.680111451647
10622.723001834065
10478.5982622633
10273.943065040943
10057.560462317195
9855.95847611693
9736.393414559103
9643.362733682452
9572.572169063826
9464.991509906367
9375.67080990476
9295.448239438037
9259.866249979894
9217.775868968905
9171.048561002788
9079.34020605081
9012.222280877455
8977.015902271667
9020.347336683717
9077.499493218784
9137.671912455558
9141.876118136335
9148.35595447818
9160.531457136769
9233.889794190522
9320.212197037345
9439.315982109822
9538.833088992395
9686.32295035153
9873.276113309847
10162.333924578084
10463.964814904193
10773.637291958266
11011.10681972666
11244.194220884217
11467.979212920509
11746.232171658063
12009.484858402915
12262.512583055812
12440.817910191128
12614.771862481297
12782.305285406308
13010.096793201083
13231.00210203597
13436.683090299564
13546.163769265731
13654.987678378946
13740.286486739225
13905.34219597149
14046.604824778384
14205.31688405972
14278.662041785321
14357.116385724861
14416.998859742269
14559.623352458293
14695.554943027337
14839.572051418183
14892.355260670558
14959.306247687307
15024.809705161932
15169.505548952659
15312.734094209025
15453.913253937615
15508.2604101308
15556.786696389789
15593.365921678167
15714.723371864786
15826.756447383232
15942.962976816767
15967.318375243334
15984.038549559984
15992.312971085315
16094.325364098177
16202.327761756527
16295.413356500476
16288.94010982271
16283.604678475478
16297.695576825625
16414.657721073254
16520.99732682964
16638.187912765257
16638.242826632562
16628.62191708094
16622.94382320173
16746.010192938847
16874.519625203116
16978.2035963367
16954.59282995077
16925.637845998845
16892.25460778754
16951.87788835128
17004.753352900723
17054.69641693615
16986.954670230225
16926.362709047247
16851.080190083176
16861.439142011357
16829.007011981754
16761.59255192496
16559.474375372036
16323.461163364545
16049.104892650867
15815.672632406648
15528.705941205335
15171.333082456526
14697.154034843225
14161.666949217304
13625.268293394149
13127.170961738018
12638.26840802323
12118.357091719356
11571.056934959057
11064.36228823785
10667.181268803195
10458.813894151102
10379.39086959232
10357.844864617016
10294.636806795694
10198.26955934167
10105.210323254021
10066.094077296204
10031.24354055054
9974.106759898319
9854.196839253826
9726.495739116272
9618.111140941488
9569.136757525299
9551.355647292341
9565.090703782358
9561.595985267146
9586.702605398428
9612.676864633107
9688.629332778291
9737.843140655921
9748.12960627926
9653.25162290651
9521.537417346395
9367.54136098911
9252.549526300338
9137.87619204193
9034.132913931657
8886.1158794464
8789.206082983414
8727.399427055685
8782.78775017295
8859.225656905097
8976.677632849076
9084.87552387503
9216.064752863718
9378.91951429445
9595.750214175394
9834.26310542256
10058.344632342298
10212.017795159838
10350.609413461074
10485.086884823912
10666.342184910789
10828.478672957192
10966.178490053417
11028.66168482633
11060.469993323362
11086.947263582542
11144.391561891664
11182.484213362937
11185.30678614235
11114.891832376083
11036.312284819089
10953.357200315331
10925.909052882218
10889.094796241772
10827.933927393535
10687.784951815562
10531.94818262625
10366.475128002478
10245.506467996363
10108.483189745324
9954.684823310328
9746.102186298405
9532.840887792203
9335.370620967871
9186.707799403126
9055.645970586582
8951.239332959281
8834.652799564008
8757.670147268209
8710.586997441966
8751.2100799186
8806.27550949612
8860.561162157925
8860.350292907478
8853.257617806526
8846.077080517885
8887.295429316086
8937.275834781278
9008.705596815324
9060.891343191435
9164.60167298132
9311.779623574172
9562.911721527744
9838.177365883974
10141.583072401341
10390.887636851043
10638.16917442927
10875.801247244883
11146.90222390479
11395.352328579245
11595.856037433436
11703.792538451022
11762.879859669869
11795.035223808261
11838.979496979424
11861.006547432307
11820.55259966697
11702.604202362565
11533.241049378988
11343.990290212687
11187.061833341379
11032.474903771903
10889.03548926509
10670.460724958573
10472.876237290251
10334.965550943578
10282.307545308655
10185.542721455346
10048.389846477467
9909.077758237203
9819.886654962434
9727.813671931564
9626.980828788393
9507.749643543772
9365.28330276558
9173.190201827632
8907.984777961452
8601.622508828452
8291.284475702656
7971.448540088005
7665.081877845617
7397.987416944193
7278.264203448528
7272.636630327237
7308.414113152986
7370.392100346705
7392.170940119376
7381.590136167285
7328.253395132488
7265.965693727178
7312.025249066882
7337.068169112091
7349.907031287709
7337.898466785723
7321.477023907206
7341.283357566329
7357.197396310956
7418.64162071448
7505.423103491961
7571.625065358687
7619.9690375782275
7680.558802206509
7774.903022789066
7876.60789814502
7931.800727894685
7925.110022302394
7876.61668436379
7823.519367790436
7760.306916859728
7670.852227021897
7528.043223711731
7310.691940368745
7057.167794355424
6788.1974757469025
6543.5671796821
6304.634746488732
6071.011385986293
5817.056715253311
5578.996314272728
5347.997836627411
5150.367221310552
4968.85053121531
4808.636028524543
4660.493790421835
4539.964441354151
4463.324451590329
4434.345305536787
4420.766204429912
4395.022583437908
4340.345944040896
4271.828813528644
4207.107329524429
4175.266072707016
4163.762715784226
4164.437058074716
4160.470080300693
4153.2390222541335
4158.086818459709
4178.732236011229
4211.111648728219
4231.201337942627
4234.344607707095
4221.876963274449
4207.214960704344
4203.461048735459
4201.947622552568
4200.18378913477
4174.971734378269
4159.38498228277
4141.579709948201
4150.2956389666515
4153.131391074217
4165.0059657399825
4146.94369650643
4134.39038644079
4119.517514620241
4135.466698239946
4150.673446373702
4164.202026722656
4152.479014330648
4136.141040530434
4118.656465180917
4123.890855012312
4132.9758052190455
4137.645680494558
4128.558533733131
4108.6577482222465
4091.0787210209637
4088.260541350935
4096.056113953378
4097.187339619836
4077.892803203984
4059.5801267355237
4052.7861830727015
4063.577856275236
4077.4930302500106
4097.0357773460755
4103.660586297604
4113.955838139714
4130.6496538000565
4175.999721974195
4229.354035446529
4281.482671400647
4311.237201260518
4345.165185035476
4390.040797396109
4464.262380443875
4543.955581229789
4619.5412247413815
4678.217790232798
4730.605619640589
4794.525361182168
4870.4580603351205
4957.520702113197
5030.6549905883485
5089.006465985328
5136.640951039302
5198.427837974806
5279.458740568239
5377.194441595477
5466.398724198402
5544.009591136154
5616.359709586209
5716.272196313367
5854.378376027639
6026.5443327983985
6202.782701968402
6367.276093199478
6512.925241726596
6680.177505651013
6863.906126321253
7064.739318379269
7228.683570937307
7351.2227675483055
7439.763690634201
7536.328628010521
7644.989992076516
7766.9339223659435
7852.619324352042
7899.750798381517
7909.503501214666
7933.112071045901
7977.827334914008
8030.307419618867
8060.068539142813
8053.676564988656
8028.0669338328735
8008.005799829462
8012.005725923868
8033.329878875268
8033.233230468813
7993.0450658212285
7926.230265195394
7871.02864922696
7836.957889397014
7821.032867878923
7770.911882913431
7695.649132941585
7575.890774570845
7473.794912479688
7373.88242575253
7287.7247645076195
7168.221206481171
7015.4112896576435
6820.502205604357
6633.406266591052
6456.825234889071
6291.429059679521
6087.167045747058
5860.689077658187
5614.303734394355
5395.924463455444
5203.644655368665
5038.538425378477
4860.608709095515
4692.172502192029
4517.913228799652
4375.242608435092
4243.326319843301
4139.8356455226285
4040.970915383626
3943.353828309764
3844.313373795388
3758.7531754267416
3702.567502956224
3648.492719544862
3599.1581011591625
3532.6464250808444
3479.412922116577
3426.924051192947
3401.184823310325
3374.6087080899974
3351.6876598774084
3311.3325570732195
3277.2991386730378
3244.64735317422
3225.166109609539
3209.552998857734
3195.87285623502
3173.9029162041284
3152.0406073531535
3132.045369990506
3119.7995775817694
3113.5064483887595
3103.679062696081
3093.236641689595
3075.4928728864015
3058.5178982254597
3047.6537387180815
3044.6818002196014
3040.8026846332627
3030.0461563058047
3013.5214753567593
2999.0483764901824
