6988.437598038037
7106.60784736635
7218.390515649888
7313.283874905484
7430.751226732306
7499.573678346765
7578.159815567832
7648.291413778818
7765.374368534521
7874.12579134289
8006.22439397413
8113.1065487394835
8278.2039925109
8492.851317027847
8866.939956983922
9216.728112380746
9557.275362187687
9746.99179094873
9949.36696440063
10099.964950649162
10286.759961669643
10432.701251970815
10587.422171376515
10654.575241424942
10730.986789500785
10788.628777732194
10916.694505948644
11032.63964537381
11165.162183060636
11233.127978345161
11308.021707128724
11366.581855221455
11490.687195327957
11596.400782997092
11707.542057310522
11708.266920358932
11728.207243854275
11722.105214919482
11809.352367291693
11870.166180498572
11926.323297758092
11890.301997361521
11838.562151587912
11781.03658075518
11788.507063263185
11792.460861709056
11786.352243110186
11710.274571347554
11643.297225674503
11568.98558388436
11562.5101406519
11540.15360699519
11511.868572224363
11404.017736839776
11294.539254428304
11187.966813874553
11160.964567043948
11140.051169819979
11131.814089724416
11047.756334765194
10949.40999153354
10817.926424216103
10719.485629132685
10599.755825972943
10458.260362368681
10256.375020613128
10042.04399997185
9842.190471306532
9723.251427835963
9630.908268577956
9560.526263132071
9454.24816090706
9366.599039026178
9287.909663734576
9252.393570917191
9210.804004376012
9164.799362903612
9074.158533532025
9006.241062450732
8971.594805291445
9014.557218515218
9072.43423809869
9131.666531927216
9136.419876281032
9142.493350004828
9153.495892457808
9226.287518400983
9312.35731745821
9431.860875484663
9530.024904676868
9675.575208242835
9859.87273657834
10146.27271666908
10445.441269185292
10753.174188446195
10987.779408896027
11218.905286713483
11439.358105281788
11716.13497926621
11976.725441724178
12228.441823225863
12405.312800147212
12578.052057692621
12745.216459429355
12972.381949136858
13191.870480195315
13396.005093955624
13503.963560520138
13612.28885171823
13696.812276272185
13861.582433394464
14002.429913364538
14160.986017262732
14232.822141914827
14310.580178016964
14369.950854791095
14513.583566110821
14649.539318781477
14792.299997888413
14844.454992498837
14910.762388990775
14977.15325456103
15121.383428757015
15264.425266864555
15405.004767162192
15458.286594329686
15506.353800658018
15543.438233525594
15664.332210672175
15776.264244674772
15891.01006523802
15916.182582010058
15933.069694483313
15942.10632048682
16043.26425372444
16150.915202632052
16243.054082303695
16237.516567924782
16231.291531927227
16244.60265336166
16360.528023794594
16467.838506724907
16585.516727802176
16585.655110747783
16575.621248914034
16570.147434621198
16692.50651374744
16819.71997874334
16922.343013960617
16898.778375223224
16870.853575421916
16837.29680938993
16897.12876264942
16949.73185441704
17000.568916212174
16934.29886114999
16874.28459385105
16799.641272302386
16809.086457478636
16776.68727576941
16709.63744379152
16508.8899173665
16274.111169095997
16001.626362980032
15769.461514793182
15484.722130049711
15129.862129868727
14659.248090520778
14128.31446277169
13596.827303240172
13103.382274422025
12619.733879530866
12104.200296728452
11562.663899480356
11059.75611304841
10667.216413678265
10460.092288981932
10382.224425145198
10360.445585372527
10297.808631771159
10201.82578138826
10109.572680872627
10071.563498479654
10037.108341578582
9980.481161614945
9860.692051478514
9734.370387687628
9626.548107514032
9579.093739944816
9562.261541338868
9576.095442790034
9572.602920829515
9596.380625372041
9621.098455322814
9695.673683676014
9744.085749091013
9755.29037457567
9660.954940211883
9531.459254890842
9378.306675535337
9265.228039983429
9151.43332760188
9048.750985407922
8901.037075470185
8803.63305420146
8743.07623789356
8798.253691760377
8874.649863953373
8990.709224222532
9097.083974854
9226.601625721962
9386.405372685294
9600.852810725259
9837.00440567836
10059.816323986037
10212.878844599165
10350.066864452116
10482.589402138941
10662.107227464325
10822.938962023587
10960.41473054121
11022.34659008639
11054.422878255864
11079.995167981884
11137.61299411169
11175.356393386915
11177.359651266159
11107.236839273939
11029.43926518735
10949.486870947761
10922.948097157197
10886.682979189793
10825.570434544783
10686.478001773738
10532.014079267023
10368.111561248132
10248.155512955098
10112.450167519348
9960.413437947456
9753.557292923566
9542.158672796308
9346.059056099875
9199.906896548258
9070.470518203905
8967.454299696738
8850.847997309233
8774.388125030164
8727.063354187781
8768.04227852454
8822.503655561717
8877.505385053168
8876.604797629387
8869.545070848815
8862.210774731722
8903.117212763644
8953.43369109674
9024.147376301144
9076.50884705263
9178.940782011681
9325.055600133534
9574.571033833681
9848.057468889265
10148.52857833792
10395.168721946036
10639.29600698634
10874.988522008785
11144.1016166723
11391.714834009044
11591.26084501746
11698.762428205993
11756.722916867768
11787.551561972099
11831.175138158209
11854.129134691182
11814.881095451836
11697.791551032058
11529.328985472266
11341.536738621557
11185.987718096914
11032.564962514278
10890.623598307511
10672.718783182107
10476.51812496984
10340.300982290815
10289.116864854326
10192.828693369212
10056.040446470231
9917.207207152858
9828.538883894818
9736.369252457487
9636.318382784724
9518.031716057725
9377.03267381389
9185.736922229193
8921.614399826249
8615.386120529469
8304.722997309236
7984.843130600738
7677.920740021236
7411.770797637434
7292.234291290603
7287.979564851909
7323.8646788575725
7386.71030515469
7408.812038467108
7399.492056908312
7346.126760662515
7284.689125923066
7331.047412700903
7357.480751866242
7371.778126357451
7360.533962888333
7344.995534996062
7365.3575969922995
7382.137078285635
7444.150210354426
7531.289731546727
7598.07158385218
7646.472666493718
7707.2074037316825
7801.771279783453
7904.229573398813
7960.070386782659
7954.596572489821
7906.720466419712
7854.728016856513
7791.877997450009
7703.642395466321
7561.490162009109
7345.773115357082
7093.606440143511
6825.431274333544
6580.313343127083
6340.041011571503
6105.033821613011
5850.273015308011
5610.092939049503
5377.785314807664
5177.184957547016
4993.192750313722
4828.760862614027
4677.01627481619
4554.72309233071
4476.697076556138
4448.018858495423
4433.47986298808
4407.184906768346
4350.351250663642
4280.090055725822
4213.576183092812
4180.390634803806
4168.037211215153
4168.274439121905
4164.250350925885
4157.5245004585195
4163.272884087877
4184.225819296301
4216.7699736152
4236.73006610277
4240.205015625751
4227.7834988416425
4213.499303678589
4209.593829435945
4207.555426681629
4204.99204735589
4179.949127310683
4164.094395542743
4146.508778677387
4154.504237756815
4157.243341457927
4169.256299069297
4151.549871695869
4138.7834958250905
4123.324143901736
4139.220610208829
4154.473485991123
4167.918597261776
4156.307609159068
4140.470449828663
4123.403219870654
4128.325698935764
4138.016898237533
4142.104686519625
4133.046094969196
4112.2249530423
4094.5075428954115
4090.944731184742
4098.333941169138
4099.063197326931
4080.486934295413
4061.6734433571414
4055.2924519764433
4065.6096693654745
4079.847736879996
4099.86933289895
4107.0828185079745
4118.335768195861
4136.022426577057
4182.584992941261
4237.795395128463
4291.595609203306
4323.140331137282
4359.144059096322
4405.014710732498
4480.69041298647
4561.198535563169
4638.449167531412
4698.513955588265
4751.826534521452
4817.0378502220165
4893.939229994207
4982.168242313818
5056.001035181073
5115.14766337661
5163.159955837635
5225.228001773732
5306.441218406614
5404.554726840903
5494.404796523319
5572.433008852582
5645.668338843573
5745.097583538459
5882.905031814599
6053.847507621831
6230.022176705762
6394.24319515501
6539.663901994143
6706.191302870153
6889.274136460898
7089.211134204515
7251.844043611339
7373.643001291086
7461.667734024326
7557.745036258988
7665.255405666297
7785.850651374745
7870.617893499523
7916.350162190097
7925.955695858869
7949.338020556813
7994.549705785345
8046.311517105875
8075.582804933475
8067.800411659184
8041.810776541658
8021.58929404572
8026.197665789851
8047.622860257088
8047.137421670122
8005.978379848607
7938.790164925108
7883.340338276464
7850.46670075374
7834.462603266734
7784.730408481752
7709.274361696996
7590.271618140355
7489.113684902746
7389.77449895024
7303.972679565458
7183.882641436202
7031.202321339511
6835.629877769196
6648.432897240054
6470.966653997137
6305.010357341088
6100.3639463375
5874.000199092621
5626.762592608234
5407.267471885708
5213.278744248437
5047.572854827293
4868.988565246069
4699.392577465125
4524.430406571264
4380.593415665172
4248.527761354316
4144.465982813682
4045.0103794624906
3947.156064481875
3846.8196426991326
3761.2879995414837
3703.529593911387
3650.190656321896
3599.612787980437
3533.977537224286
3479.524946405876
3427.6511107960505
3401.0244748177997
3375.0502155831186
3351.595404580336
3311.6027333003517
3276.76098277346
3244.289314759398
3223.7866732628677
3208.254835034672
3194.243012653444
3172.349952036778
3150.123015106906
3129.468811336614
3117.5085710378576
3111.1517417587747
3101.699966918453
3090.9192764893764
3073.454470132086
3056.971523722185
3046.643323559692
3043.366063959003
3039.1003547468463
3028.106598512635
3011.6346348762013
2996.5245351489007
