8572.045899898643
8728.651463230208
8869.371543028139
9003.132937561337
9146.453738114775
9246.616632076839
9341.015766526702
9442.725034992038
9589.068294801875
9739.910098621234
9902.349711215147
10049.536448026773
10250.49484370224
10538.120501311198
11006.671975803207
11479.019096803257
11916.361922229195
12198.645558826844
12461.599514133566
12685.472368357548
12918.764049101468
13134.202133307592
13324.125038209697
13437.150956448992
13521.77981562817
13615.757211577138
13764.630902392331
13929.952394742346
14084.660134819895
14190.938237044902
14277.254050227648
14375.519120935694
14518.769631738985
14668.69766880641
14792.056180317582
14813.07281561208
14829.942355647794
14842.383641424138
14936.009588622363
15022.18482230481
15076.448509419695
15046.364496356002
14963.98490918159
14896.71761828917
14878.793732001222
14888.142268771015
14856.582170954198
14767.173608764904
14660.684637289445
14571.90868285149
14537.044966777676
14509.631964219638
14450.026256093442
14318.72500281545
14159.729587978829
14026.319642196375
13960.879884807824
13924.188635230143
13881.101018388918
13777.985954920607
13628.54994610422
13461.400920250335
13304.022169667134
13143.550670077384
12930.994465627364
12666.002107566324
12366.005453931173
12105.51163987966
11924.093794745562
11796.236739224865
11683.77313898676
11549.871164953263
11423.279324935245
11322.20266422125
11259.293337838055
11208.052109979568
11132.49062856959
11023.471226088775
10924.924996380134
10891.959103560339
10935.538748652607
11020.870505333272
11094.253004488635
11120.260212043695
11128.976141062149
11165.66739063983
11253.670157826149
11383.214167350417
11526.886416654599
11679.204305227084
11868.072863876956
12134.822465691715
12503.070466721367
12914.827823093137
13311.683752433355
13648.160786395742
13957.435687050534
14278.097527229436
14637.559309490483
14999.270363756295
15327.242337950674
15587.66586225204
15817.443055488524
16062.894863008192
16357.338626381583
16667.878742539055
16937.088485609023
17106.76794246827
17255.641633283463
17391.511720321123
17615.033125794358
17821.19296298084
18043.589732451695
18155.139565937872
18275.68648744309
18368.117508888787
18578.00270283315
18767.995897485405
18976.475296426794
19060.190388854036
19173.77862509452
19271.973406052417
19485.72453625497
19684.995977926865
19902.964493138345
19980.775246553083
20069.62149074119
20129.64893736828
20316.408803513685
20473.787554096885
20639.952523448686
20681.49376578664
20722.82413887414
20744.54367167013
20891.09780073041
21036.878742539055
21168.17999581704
21167.19593931496
21170.569847322105
21197.20966262851
21363.9369499815
21510.420789291635
21673.28214038644
21682.91183615683
21687.550959666652
21692.822690927813
21850.693469762056
22024.660601380372
22163.061119423393
22144.645204884408
22104.509757549433
22067.396769470855
22148.089402641697
22215.91901153531
22276.508776163584
22189.208906478754
22107.532216805834
22004.768602088257
22001.81643258201
21947.76361471757
21824.334813456248
21524.549029071546
21165.57927506154
20752.62699293724
20373.343501134223
19906.05724214489
19343.31750245346
18627.978715188958
17838.624821017744
17070.217272390884
16355.370513377415
15685.930932960086
14966.163891436203
14246.32656016217
13552.988464694243
13028.837797834514
12721.53101018389
12608.926830445484
12555.15517158164
12480.296587673152
12351.806924401113
12247.075196679376
12178.894139035028
12135.033334942165
12036.135656482778
11887.894573418924
11704.930353781552
11569.83345399553
11488.859661824092
11469.31911128272
11473.677075791946
11479.370545554002
11506.080650610553
11555.002316714128
11645.957253406697
11726.017278826199
11733.819441092717
11632.321041877825
11455.542320253553
11269.274482359187
11106.694290264975
10963.514069211835
10811.477339639945
10625.982688997217
10487.722750454494
10417.36271055553
10476.265521180238
10581.137828402272
10723.755731454221
10875.722171275964
11048.986405392796
11278.341860128385
11557.603037469635
11878.054008398089
12160.75938349663
12378.306160207218
12551.640684074198
12740.860691474814
12960.094422188975
13177.289750148819
13345.001094003894
13442.774136460897
13482.066106794087
13529.863136895283
13590.523191273713
13644.505719388
13631.712984860917
13548.700789935165
13432.933571440064
13335.019949482761
13276.046849107903
13228.460688257159
13125.34562478884
12953.416895924836
12742.89909422913
12539.33997779816
12366.075743681324
12187.539778303331
11971.750245346462
11712.521646797626
11433.330759206527
11186.613736184177
10982.703171002462
10815.90559389932
10668.648567337548
10524.414000032179
10414.129382048684
10360.35772318484
10398.665637015945
10472.188715671606
10530.31833904468
10539.666875814471
10526.733561787089
10534.113985552714
10583.035651656292
10656.7695995624
10736.197017230561
10813.023714143217
10937.085123155879
11137.410911080007
11443.382193477804
11802.492526988111
12178.753559534727
12513.121900992648
12825.981578905032
13147.276026835272
13486.986389304506
13821.425020512574
14075.733336550993
14236.556284891485
14308.60327879402
14361.812619656675
14408.203854754896
14441.87264507618
14378.2604211915
14235.431648889105
14011.980533166015
13782.765657930724
13569.365976478917
13378.52930482488
13179.60931190373
12920.872741605936
12661.5035635568
12498.361053461396
12417.94957929115
12318.911321331465
12129.691313930853
11955.161864311342
11802.703396238556
11699.86949177084
11545.161751693295
11398.46704313271
11181.13113567257
10940.951059414065
10592.805926926974
10217.107212381552
9816.385346783145
9428.385925961678
9039.964766639316
8708.548594687645
8535.42494007111
8519.680036037775
8548.358254098492
8614.430619238381
8629.96465402127
8619.983509500138
8562.064755377512
8491.353266727803
8532.824219315606
8564.454606882571
8569.866917644033
8560.307511623792
8533.948855317985
8566.633589137184
8584.979213926026
8657.23707707901
8745.872452016667
8820.449876924562
8869.020094277394
8942.191724182312
9044.533600398989
9162.198642148107
9218.07899351642
9209.363064497966
9138.159547597215
9070.259648953457
8974.665588751066
8856.016490499866
8658.572582331837
8390.346895763954
8062.02347281883
7728.7797673632895
7408.469375935132
7110.511125054298
6813.255771674952
6510.0960792831065
6222.400131923999
5951.433145100312
5714.275528098205
5510.013514165742
5330.2826230352175
5171.4980774490405
5032.113502903937
4946.922325723571
4908.6847016426145
4895.2593593641905
4861.309410042312
4801.773991666264
4719.675563492447
4649.526392843927
4613.18659201699
4607.914860755828
4609.320655758804
4607.422832504786
4596.598210981869
4603.346026996155
4628.088019048539
4666.185063629197
4685.936483421015
4688.60749392667
4672.722010393038
4660.913332368036
4653.954647103303
4655.008993355535
4649.877841594672
4622.67570828708
4601.026465241244
4582.9619994529985
4591.115610470261
4598.004005984844
4607.28225300449
4590.061264218029
4571.645349679039
4557.798268899722
4573.754042183503
4595.192415978892
4607.282253004489
4594.9112569782965
4573.894621683801
4557.657689399424
4562.648261659991
4575.862734687968
4578.252586193028
4569.466367424427
4541.280177614751
4526.800489084094
4517.873690815194
4530.314976591535
4526.44904033335
4507.822256543914
4482.799105490934
4474.434625223225
4485.118667245845
4503.183133034091
4523.075132326207
4529.96352784079
4535.727287352994
4554.002622391686
4600.6750164905
4659.226378364464
4712.154560226524
4746.174799298551
4780.616776871471
4834.107276734721
4913.11295590199
5008.355567353637
5092.632977782068
5164.539392184309
5222.247277056486
5300.901507473012
5391.012967163795
5499.680920893866
5583.114854320512
5657.129961227215
5711.604517592547
5789.485560757438
5884.236143958042
6006.188860466239
6111.3423266888685
6207.850153643194
6294.376836076387
6420.546937593514
6583.267709188024
6795.331885387003
7007.747510336728
7217.702994031245
7400.7375034187635
7619.549495632029
7851.365091622826
8111.437167173448
8320.478884116028
8489.10399472304
8608.455990475732
8742.849992760268
8879.282397799123
9037.43433563396
9146.875476615669
9215.829721511656
9234.175346300499
9274.45137313577
9331.38607075631
9400.832343903341
9432.884469971203
9433.095339221649
9401.886690155574
9385.368598870604
9389.445404379234
9418.615650690994
9416.225799185935
9371.521518091286
9288.931061666428
9226.654343034576
9182.723249191564
9167.259504158823
9101.53858776968
9011.216258828452
8860.655614009685
8742.006515758485
8615.203806490019
8512.159032771853
8358.786797947134
8176.174027060509
7937.118586804383
7713.175442830253
7493.660553115499
7293.545634441817
7040.2916646556305
6769.043518831347
6464.407741686376
6201.524076129801
5959.938204868318
5757.574014189875
5531.100439210387
5322.761619769294
5102.192383802308
4930.404234438599
4763.46607783516
4637.717714818927
4507.8925462940615
4387.9079427900315
4263.424795276477
4159.185095805783
4087.489550653989
4022.9635600173756
3958.437569380762
3876.479720707242
3804.221857554258
3742.7183261740433
3707.643740849784
3678.824943288769
3645.226442717634
3600.100423122094
3553.4983187734283
3518.072284698425
3489.323776887559
3472.2433676013966
3450.0318065543706
3426.4847402545165
3398.9311581961806
3376.930466399601
3358.655131360909
3350.642099843944
3337.6384960664122
3325.4080795405184
3301.158115739177
3281.617565197806
3268.7545409205727
3266.997297166852
3260.4603504030115
3249.0031211287546
3228.619093585598
3208.7973840436316
