8581.324146918289
8734.48551249256
8872.464292034687
9006.788004569074
9150.952282124297
9252.099232588445
9344.319384783694
9447.996766253198
9590.895828305742
9744.338352880608
9900.52217771128
10052.207458532426
10252.18179770581
10542.05672731953
11009.694435059608
11480.284312305934
11921.141625239316
12202.160046334282
12467.925591646961
12686.807873610373
12923.614041861738
13132.58546905417
13324.265617709993
13430.12198143411
13523.46676963174
13617.092716829966
13767.723651398876
13929.530656241453
14089.228968579564
14199.162137812316
14284.775053493577
14376.222018437185
14519.683398490923
14670.314333059834
14796.062696076066
14818.766285374135
14834.230030406872
14846.601026433067
14935.587850121468
15021.411635053175
15077.291986421484
15047.13768360764
14964.687806683078
14901.427031549143
14888.56400727191
14895.663272036938
14857.917676207026
14766.330131763118
14661.738983541678
14580.2731631192
14542.035539038241
14516.239200733626
14446.792927586597
14319.357610566794
14157.550605724216
14028.568914201134
13961.79365155976
13928.687179239669
13884.334346895763
13777.775085670159
13625.035458596778
13458.940778995127
13300.437392409543
13140.668790321282
12924.387229113374
12663.612256061266
12364.599658928199
12108.815258136654
11923.390897244075
11797.291085477098
11682.367343983782
11553.034203709962
11424.474250687776
11325.08454397735
11254.794793828534
11202.920958218705
11126.797158807536
11021.643692584907
10926.260501632962
10894.559824315847
10938.561207909006
11023.049487587881
11095.02619174027
11127.218897308427
11136.70801357852
11170.517383400098
11257.817253084932
11387.431552359349
11536.656691925285
11686.865887993306
11877.069951896008
12138.688401949903
12507.498720980742
12915.601010344772
13315.54968869154
13650.269478900205
13957.15452804994
14278.659845230626
14634.536850234086
15000.11384075808
15323.79814019338
15588.579629003973
15818.637981241052
16064.933265762505
16363.242965394085
16673.15047380022
16942.430506620334
17109.50924272407
17259.2967002912
17397.13490033303
17621.078044307156
17826.39440449185
18047.947696960924
18158.37289444471
18277.865469697703
18371.21025789533
18583.063564843862
18776.6415367537
18985.753543446433
19065.180961114598
19173.567755844077
19274.363257557477
19490.855688015832
19690.47857843847
19901.136959634478
19985.133211062308
20074.049745000564
20136.256173882266
20316.47909326383
20474.209292597778
20642.623533954345
20682.899560789614
20720.293707868783
20739.201650658815
20887.091284971928
21037.370770790098
21170.148108821213
21168.882893318532
21171.624193574335
21195.522708624932
21357.048554466917
21501.00196277169
21661.89520086233
21677.921263896264
21682.560387406087
21689.51907267082
21846.546374503272
22023.04393712695
22162.709670672655
22144.293756133662
22109.28946055955
22071.332995479188
22141.552455877856
22207.48424151745
22267.722557394987
22189.9820937304
22106.829319304346
22003.433096835433
21996.7555705713
21938.485367697926
21821.312354199854
21521.38599031485
21164.032900558264
20754.80597519185
20377.771755393598
19911.539842656497
19338.95953794424
18620.10626317229
17828.151648245574
17063.82090512734
16353.40240037325
15684.525137957107
14961.735637176826
14238.66497739595
13550.317454188587
13027.783451582285
12724.061441189247
12610.613784449059
12560.63777209325
12488.942226941455
12359.468507167336
12251.01142268771
12181.494859790531
12135.947101694095
12037.963189986645
11886.418488665799
11707.882523287806
11574.261708254904
11493.077046833021
11470.022008784208
11474.379973293435
11481.057499557573
11504.674855607576
11551.27695995624
11640.896391395983
11721.448445066526
11727.633943079622
11625.432646363244
11447.740157987035
11262.456376594753
11102.125456505302
10963.443779461688
10818.154865904082
10631.957317759867
10495.243753720419
10420.104010811332
10481.115513940505
10580.786379651527
10725.372395707644
10878.041733030872
11051.516836398152
11280.028814131956
11559.00883247261
11882.060524156574
12165.6093762569
12379.711955210194
12553.608797078368
12741.563588976302
12964.733545698793
13184.881043164889
13350.694563765946
13449.451662725034
13482.347265794679
13529.792847145132
13588.625368019691
13643.38108338562
13628.198497353476
13545.186302427725
13429.911112183667
13337.901829238865
13279.772205865791
13234.22444776936
13127.102868542563
12956.931383432277
12741.071560725262
12536.036359541162
12359.609086667633
12185.07963704812
11968.376337339318
11707.039046286018
11424.333671187478
11181.131135672571
10976.236513988772
10812.109947391284
10666.118136332192
10525.257477033963
10418.838795308655
10364.785977444215
10400.07143201892
10467.268433161189
10523.921971781136
10537.839342310603
10528.561095290957
10534.113985552713
10578.888556397511
10654.028299306598
10737.813681483985
10818.506314654827
10944.606126421806
11142.963801341764
11448.021316987628
11804.601219492577
12180.370223788152
12515.019724246666
12826.965635407114
13148.260083337358
13486.424071303312
13818.402561256173
14068.352912785364
14228.40267387422
14299.535901024827
14360.336534903552
14402.229225992245
14442.575542577666
14374.816223434207
14239.157005646992
14012.050822916164
13783.749714432808
13563.461637466417
13372.273517061636
13167.870923628876
12909.556091831975
12644.352864520488
12476.922679666008
12392.645269237575
12288.264990266582
12098.131216114032
11926.272777000178
11780.562124941682
11676.74416397188
11522.458162395225
11375.833743584793
11167.494924143704
10927.877165886384
10582.684202905546
10207.899255112055
9807.599128014544
9416.92869668742
9025.344498608361
8691.187026400888
8520.945251540456
8507.309040011585
8540.907540582719
8609.72120597841
8632.565374776776
8617.734237495375
8553.8408546101
8477.295316698039
8522.561915793876
8555.59809836382
8558.55026787007
8553.208246858761
8525.86553405087
8557.706790868286
8569.796627893882
8644.444342551926
8738.070289750149
8817.849156169055
8865.857055520699
8935.935936419068
9037.574915134257
9157.067490387244
9212.877552005406
9207.113792493205
9135.769696092155
9068.713274450183
8970.79965249288
8850.604179738404
8657.30736682916
8390.48747526425
8066.24085782776
7729.763823865374
7404.46286017665
7103.9741782904575
6807.9137506636425
6506.651881525814
6219.44796241775
5949.1135833454
5717.790015605645
5514.793217175861
5333.797110542659
5170.162572196213
5032.324372154383
4946.570876972826
4911.636871148865
4894.556461862703
4862.012307543801
4800.719645414033
4723.682079250929
4654.2358061038985
4618.036584777258
4608.196019756424
4608.266309506573
4609.6018147593995
4601.86994224303
4611.6402175137155
4631.883665556575
4671.175635889764
4692.965458435897
4699.1509564489925
4681.929967662533
4664.919848126518
4657.609714111041
4657.609714111041
4654.446675354345
4626.82280354586
4606.930804253745
4588.23373071416
4597.1605289830595
4603.416316746304
4613.889489518478
4594.348938977107
4577.690268191836
4563.772897662371
4578.8851939443675
4597.511977733803
4609.039496758209
4598.636613736184
4573.262013932462
4558.57145615136
4563.491738661775
4580.501858197789
4582.8214199527
4573.613462683205
4548.801180880674
4531.088163843172
4525.746142831861
4535.93815660344
4536.641054104927
4514.570072558199
4490.8121370079
4481.463600238108
4490.320108756858
4509.368631047187
4527.151937834838
4535.094679601653
4537.203372106118
4554.494650642727
4599.761249738565
4660.63217336744
4718.199478739321
4753.836382064771
4790.246472641858
4839.660166996476
4919.649902665829
5012.29179336197
5097.623550042634
5168.053879691749
5226.253792814969
5301.323245973906
5389.255723410075
5497.150489888508
5585.2235468249755
5659.8009717328705
5713.432051096417
5790.9616455105615
5885.220200460125
6008.227263220554
6112.6075421915475
6214.316810656885
6301.757259842013
6430.176633363902
6592.0539279566265
6801.798542400696
7012.105474845955
7220.795743037791
7404.884598677542
7625.875573145422
7858.464356387856
8117.692954936693
8323.852792123173
8491.353266727803
8611.970477983172
8747.067377769199
8883.078044307158
9040.175635889764
9146.524027864923
9217.868124265973
9233.823897549753
9277.192673391573
9329.62882700259
9402.16784915617
9435.696059977156
9438.788808983702
9404.768569911676
9388.109899126406
9390.780909632062
9424.590279453641
9420.232314944415
9376.371510851553
9293.359315925802
9233.331869298712
9187.151503450941
9170.422542915521
9105.053075277123
9016.69885934006
8867.965748025163
8747.348536769794
8621.178435252667
8518.1336615345
8365.745483211866
8183.13271232524
7940.141046060781
7713.87834033174
7491.27070161044
7292.420998439436
7040.432244155928
6770.238444583876
6467.149041942179
6200.39944012742
5959.586756117574
5753.918947182136
5529.272905706518
5319.317422012003
5104.230786556623
4931.599160191129
4767.6131730939405
4638.209743069968
4509.720079797931
4387.556494039288
4263.003056775585
4161.082919059801
4088.473607156073
4023.3150087681192
3959.4216258828455
3880.4862364657242
3809.985617066461
3745.7407854304424
3711.579966858118
3680.652476792638
3649.724986727159
3602.9823028781957
3559.96497578712
3522.7816979583963
3494.5955081487205
3475.406406358093
3453.3354248113646
3429.788358511511
3399.0717376964785
3380.2340846565953
3359.9203468635874
3354.297166851682
3336.935598564925
3327.587061795132
3304.6726032466177
3287.451614460158
3273.6045336808406
3270.511784674293
3261.866145405989
3248.159644126969
3228.829962836044
3212.1712920507744
