3945.574545103528
3988.029554193414
4034.8425277925257
4067.316392361279
4115.535160963368
4133.74020625191
4162.488714062776
4187.5118651157545
4234.254548964718
4273.054491046866
4320.429782647168
4349.178290458035
4406.956465080361
4474.504914973374
4657.187975610148
4773.517512106441
4894.837620863298
4902.920942130412
4973.843300030568
5017.844683623727
5086.728638769567
5133.822771369274
5196.52122850202
5214.726273790563
5241.858117348006
5256.548675129109
5315.240616503371
5357.765915343405
5416.24698746722
5436.49043551008
5472.057049085382
5492.651945878984
5546.564184243126
5588.808324082565
5639.206074939267
5630.77130492141
5632.3879691748325
5616.994513892241
5653.685763469924
5675.475586016056
5691.079910549094
5661.136476985698
5624.3046479077175
5583.817751822
5575.101822803546
5562.9416960278
5552.046784754734
5499.610631143718
5456.452724552344
5404.438309442219
5396.495567675403
5382.36732789549
5363.881123606351
5295.840645462297
5227.026980066606
5164.8908409350515
5147.951011149186
5128.410460607815
5117.656128835047
5068.2424344804285
5023.959891886674
4957.254918995447
4912.128899399907
4850.133339768651
4789.543575140371
4700.908200202713
4611.710507263864
4526.238171082903
4483.361423492125
4446.178145663402
4420.10064835819
4374.060862010715
4342.360184693598
4311.573274128416
4303.138504110559
4287.9559180784145
4276.287819553711
4240.088598227071
4214.995157423943
4197.844458387631
4219.634280933765
4242.127000981386
4268.345077786896
4263.565374776776
4271.508116543591
4273.897968048651
4312.697910130798
4342.008735942855
4397.326769309973
4422.701369113696
4477.457084479624
4535.867866853291
4653.462618852262
4769.018968096916
4897.0166031179115
4986.917193558248
5083.565600012872
5169.108225943981
5292.115288704409
5404.719468442815
5521.259874189553
5593.728606592983
5674.210370513378
5749.350113422462
5858.931833904467
5956.3534276107275
6056.656901073089
6101.361182167737
6156.327766784111
6190.207426355842
6274.906575285165
6338.79995817044
6416.821580835626
6444.937480895153
6482.612786974919
6507.987386778642
6582.213362935792
6642.873417314219
6710.492156957383
6725.815322489824
6758.14860755828
6784.0855253631935
6855.921650015284
6916.300545393118
6983.146097784644
6997.485206815
7023.2815451196175
7033.1923998905995
7091.322023263671
7132.8632656016225
7184.807390961597
7189.9385427224615
7193.663899480348
7192.679842978265
7237.946442074103
7285.532602924853
7323.9108065061055
7310.626043727979
7298.11446820149
7297.411570700002
7346.9658445549185
7391.38896664897
7441.5758482552255
7433.351947487815
7425.409205720997
7413.530237945847
7466.880158308799
7513.482262657465
7555.515533246457
7534.780056952556
7518.261965667584
7495.206927618772
7518.54312466818
7543.777144971606
7562.193059510595
7525.993838183954
7485.717811348682
7439.888894251653
7434.68745274064
7413.249078945252
7375.854931866081
7274.778271152082
7153.6690316456725
7017.79894460801
6904.91360586901
6764.755844072269
6602.456810978651
6375.280338497676
6140.44228325048
5900.965104493461
5700.358157568738
5505.163521405474
5305.118892481941
5094.249642035491
4909.106440143508
4765.3639010891775
4701.119069453159
4672.370561642293
4670.050999887382
4645.0981385845525
4612.1322457647575
4576.284473188861
4572.769985681421
4559.485222903294
4547.184516627251
4497.841112022781
4456.299869684831
4412.720224592564
4404.988352076194
4400.630387566966
4417.921666103576
4407.307913831105
4416.375291600303
4412.649934842416
4450.746979423074
4468.24912721013
4486.665041749119
4448.075968917419
4413.915150345095
4356.769583474106
4330.8326656691925
4296.460977846421
4279.029119809515
4230.388612706533
4201.007497144328
4171.345222581528
4196.719822385251
4219.634280933765
4260.964654021269
4287.112441076629
4325.209485657287
4372.233328506845
4448.216548417717
4533.126566597487
4620.215567031871
4665.341586627411
4714.544411731583
4754.468989816111
4826.726852969095
4878.5303988287715
4932.020898692022
4945.094792219702
4959.855639750954
4964.002735009733
4991.415737567772
5000.48311533697
5003.364995093071
4974.194748781312
4950.999131232203
4917.822369161961
4912.902086651544
4900.882539376095
4887.246327847225
4830.873948227874
4779.5624306192385
4714.825570732178
4684.600978168187
4634.203227311486
4594.419228727256
4519.490355068618
4458.549141689593
4394.796338304616
4360.14349148125
4316.282687388388
4294.21170584166
4251.756696751774
4234.18425921457
4204.240825651174
4230.880640957575
4243.8139549849575
4274.460286049843
4264.760300529306
4266.798703283621
4261.034943771418
4281.910999565616
4300.889232105797
4332.519619672764
4338.634827935712
4369.07028975015
4399.92749006548
4488.703444503436
4574.948967936033
4677.782872403753
4749.900156056438
4832.068873980405
4906.927457888894
5007.0903518509585
5092.000370030729
5171.919815949934
5204.674839519282
5231.174075325386
5237.148704088036
5266.881268400985
5271.801550911402
5264.8428656466685
5206.994401274193
5153.152452660199
5077.169232749328
5036.2605981627175
4978.904162041283
4944.321604968065
4870.657946812105
4810.911659185611
4759.600141576974
4749.759576556141
4723.822658751226
4696.690815193783
4643.130025580385
4606.157617002108
4560.680148655822
4536.781633605226
4505.6432742893
4471.20129671638
4401.192705568158
4315.439210386601
4213.519072670818
4129.874269993726
4036.1077432952043
3953.587576620493
3868.25581993983
3834.3058706179513
3823.551538845182
3841.123976382387
3857.7826471676563
3875.425374455009
3865.9362581849186
3858.4152549189953
3833.8138423669097
3857.0797496661676
3865.3739401837283
3879.291310713194
3875.1442154544143
3877.5340669594734
3879.4318902134914
3893.20868124266
3909.3050340267387
3942.5520858471295
3948.5970043599277
3962.373795389096
3973.901314413501
4012.912125746095
4039.1302025516034
4060.076548095951
4051.3606190774976
4035.6157150441627
4013.0527052463926
4005.8128609810647
3985.7099924385025
3957.8049616294225
3890.9594092378975
3830.650803610213
3760.853081712439
3717.414016120469
3664.2046752578153
3624.9127049246267
3561.0896117895013
3517.0882281963422
3464.6520745853245
3444.68978554306
3416.6441752336827
3403.4297022057053
3369.9717811348687
3345.7218173335264
3324.14286403784
3327.587061795132
3335.4595138117998
3344.737760831443
3328.079090046173
3310.2957832585234
3284.2885757034605
3290.6849429670033
3294.9726177260804
3308.749408755249
3301.8610132406648
3292.65305597117
3282.882780700485
3292.442186720724
3304.461733996171
3317.7464967742976
3315.84867352028
3312.8965040140297
3302.3530414917063
3308.6088292549516
3310.717521759416
3322.596489534566
3305.234921247809
3306.0081084994454
3293.1450842222116
3308.6088292549516
3305.7269494988504
3319.2928712775715
3302.7747799925996
3298.9088437344144
3284.218285953312
3299.8226104863493
3304.9537622472126
3319.222581527423
3306.0783982495936
3300.666087488135
3285.1320527052467
3295.04290747623
3299.752320736201
3309.9443345077793
3304.6726032466177
3296.589281979503
3280.77408819602
3287.170455459562
3293.9182714738486
3306.570426500635
3291.45813021864
3289.279147964027
3282.5313319497404
3297.362469231141
3297.1515999806943
3314.65374776775
3305.72694949885
3306.8515855012315
3294.340009974742
3310.6472320092676
3324.494312788584
3345.792107083676
3336.2327010634363
3336.5138600640316
3331.101549302573
3360.3420853644807
3376.579017648857
3396.6115964412697
3395.768119439484
3402.586225203919
3411.0209952217774
3431.756471515678
3449.9615168042214
3469.5723570957416
3471.5404700999084
3481.3107453705943
3484.3332046269934
3509.9889634313113
3530.0918319738726
3558.5591807841433
3564.3229402963466
3579.646105828788
3588.151165596795
3631.8011004392106
3668.914088517786
3721.8422703798446
3751.504544942645
3788.3363740206246
3819.474733336551
3879.7130492140873
3935.2419518316524
3993.3012854545746
4012.1389384944578
4037.5135382981807
4054.523657834194
4099.790256930032
4137.2546937593515
4174.367681837927
4180.13144135013
4188.214762617244
4185.754621362034
4213.3784931705195
4225.960358447159
4253.513940505495
4240.72120597841
4239.315410975433
4219.2125424328715
4230.8806409575745
4235.660343967695
4251.264668500732
4231.513248708915
4214.643708673198
4180.482890100873
4179.428543848641
4171.415512331677
4170.57203532989
4137.395273259649
4103.164164937176
4064.012774104285
4045.456280064997
4017.9729877568097
3996.745483211867
3940.3731035925157
3881.32971346751
3810.829094068247
3766.968289975385
3716.8516981192784
3656.6836719918915
3571.773653812121
3486.30131763116
3403.3594124555566
3347.057322586354
3289.8414659652176
3237.4053123542
3172.317003716396
3113.484482841836
3058.6584777257594
3017.0469456376595
2977.262947053429
2944.929661984974
2903.1775503965764
2866.416011068746
2830.8493974934445
2820.235645220973
2799.0081406760305
2786.1451163987967
2750.8596618240904
2737.0828707949227
2712.130009492093
2712.6220377431346
2700.3213314670916
2701.235098219026
2678.8126679215534
2668.198915649082
2649.3612626091995
2643.808372347443
2637.833743584794
2636.6388178322636
2625.814196309346
2618.2931930434224
2607.6794407709513
2608.5932075228857
2606.273645767975
2605.078720015445
2598.7526425020515
2591.5127982367235
2579.9149894621683
2575.627314703091
2573.378042698329
2574.6432582010075
2567.0519651849354
2561.9911031742204
2561.0070466721363
