868.6093
875.1440463381149
881.67756279692
888.2098515431051
894.7409147433599
901.270754564375
907.7993731728399
914.3267727354449
920.85295541888
927.377923389835
933.901678815
940.424223861065
946.94556069472
953.4656914826548
959.9846183915599
966.5023435881251
973.01886923904
979.534197510995
986.0483305706799
992.5612705847849
999.07301972
1005.5835801430151
1012.0929540205199
1018.6011435192049
1025.1081508057598
1031.613978046875
1038.1186274092402
1044.622101059545
1051.12440116448
1057.6255298907352
1064.1254894049998
1070.624281873965
1077.12190946432
1083.6183743427548
1090.1136786759598
1096.607824630625
1103.10081437344
1109.5926500710948
1116.08333389028
1122.5728679976849
1129.06125456
1135.548495743915
1142.0345937161198
1148.5195506433051
1155.00336869216
1161.486050029375
1167.96759682164
1174.448011235645
1180.92729543808
1187.4054515956352
1193.8824818749997
1200.3583884428651
1206.83317346592
1213.306839110855
1219.77938754436
1226.2508209331252
1232.72114144384
1239.190351243195
1245.65845249788
1252.125447374585
1258.59133804
1265.0561266608152
1271.51981540372
1277.982406435405
1284.44390192256
1290.9043040318752
1297.36361493004
1303.821836783745
1310.27897175968
1316.7350220245348
1323.189989745
1329.643877087765
1336.0966862195198
1342.548419306955
1348.99907851676
1355.448666015625
1361.8971839702401
1368.344634547295
1374.79101991348
1381.236342235485
1387.6806036799999
1394.123806413715
1400.56595260332
1407.007044415505
1413.44708401696
1419.886073574375
1426.32401525444
1432.7609112238451
1439.19676364928
1445.631574697435
1452.065346535
1458.498081328665
1464.9297812451198
1471.360448451055
1477.79008511316
1484.218693398125
1490.64627547264
1497.072833503395
1503.4983696570798
1509.922886100385
1516.346385
1522.7688685226149
1529.1903388349199
1535.610798103605
1542.03024849536
1548.448692176875
1554.86613131484
1561.282568075945
1567.69800462688
1574.1124431343349
1580.5258857649999
1586.938334685565
1593.34979206272
1599.760260063155
1606.1697408535601
1612.578236600625
1618.9857494710398
1625.3922816314948
1631.7978352486803
1638.202412489285
1644.6060155199998
1651.0086465075149
1657.41030761852
1663.811001019705
1670.2107288777602
1676.609493359375
1683.0072966312398
1689.4041408600451
1695.8000282124801
1702.1949608552352
1708.5889409550002
1714.9819706784651
1721.3740521923198
1727.765187663255
1734.15537925796
1740.5446291431251
1746.93293948544
1753.320312451595
1759.7067502082798
1766.0922549221848
1772.47682876
1778.860473888415
1785.2431924741197
1791.624986683805
1798.0058586841599
1804.385810641875
1810.76484472364
1817.1429630961452
1823.52016792608
1829.896461380135
1836.2718456249997
1842.6463228273649
1849.01989515392
1855.3925647713552
1861.76433384636
1868.1352045456251
1874.50517903584
1880.874259483695
1887.24244805588
1893.6097469190852
1899.9761582400004
1906.341684185315
1912.70632692172
1919.070088615905
1925.43297143456
1931.7949775443751
1938.1561091120402
1944.516368304245
1950.8757572876798
1957.234278229035
1963.591933295
1969.9487246522651
1976.3046544675203
1982.6597249074548
1989.0139381387598
1995.3672963281251
2001.7198016422399
2008.0714562477951
2014.4222623114802
2020.7722219999848
2027.12133748
2033.4696109182148
2039.81704448132
2046.163640336005
2052.50940064896
2058.8543275868747
2065.19842331644
2071.541690004345
2077.88412981728
2084.225744921935
2090.566537485
2096.9065096731647
2103.2456636531197
2109.584001591555
2115.92152565516
2122.2582380106255
2128.59414082464
2134.929236263895
2141.26352649508
2147.597013684885
2153.9297
2160.2615876071154
2166.5926786729196
2172.922975364105
2179.2524798473596
2185.581194289375
2191.9091208568398
2198.2362617164454
2204.56261903488
2210.888194978835
2217.2129917149996
2223.5370114100647
2229.86025623072
2236.1827283436555
2242.5044299155597
2248.8253631131247
2255.14553010304
2261.464933051995
2267.7835741266804
2274.1014554937856
2280.4185793199995
2286.734947772015
2293.05056301652
2299.3654272202048
2305.67954254976
2311.992911171875
2318.3055352532397
2324.6174169605447
2330.92855846048
2337.238961919735
2343.548629505
2349.8575633829646
2356.16576572032
2362.473238683755
2368.77998443996
2375.086005155625
2381.39130299744
2387.6958801320948
2393.9997387262797
2400.302880946685
2406.60530896
2412.907024932915
2419.2080310321203
2425.508329424305
2431.80792227616
2438.106811754375
2444.40500002564
2450.702489256645
2456.9992816140802
2463.295379264635
2469.5907843749997
2475.885499111865
2482.17952564192
2488.472866131855
2494.76552274836
2501.0574976581247
