23369.74467
30724.83348
31629.42206
22976.1185
25058.31466
24582.42786
25996.44777
24089.35122
24531.55432
26566.07829
27192.56748
27741.25007
27628.50707
26322.9849
25528.28594
25362.2336
27639.64218
27773.05473
26058.38682
22062.62183
22668.85903
24409.34647
27137.30949
30509.71705
30766.72933
29254.65085
30103.70306
30479.65225
30952.68569
26377.89492
26914.32889
26264.17759
26564.96478
23388.1872
25828.30759
23733.23645
23999.99196
25649.79784
27143.57299
28414.29794
26532.25539
25994.98629
27159.02295
26320.20112
26446.86301
25117.9571
24449.98963
25242.18319
23203.90111
23393.75475
24978.977
24283.45013
26299.1836
23986.21226
26138.07246
24103.61808
26612.63697
25654.73905
27357.92387
25504.06708
27814.46343
27229.03496
29649.25135
25263.13111
24895.25488
21610.04916
23419.36551
23828.58084
24167.43619
25679.93224
24694.89248
23839.43757
24305.58116
27005.01045
29790.73685
27512.56273
26263.62084
23548.11523
25827.05489
27039.80767
27968.05836
27719.04944
25693.50315
28154.98904
26534.83039
28533.7916
25101.88079
26123.52722
24236.82185
25397.72677
24770.54164
24364.87563
28135.22422
29569.7049
31266.27825
28216.8585
28321.87652
26737.28062
26481.38185
27570.5349
25530.79134
25221.79201
24434.74845
27623.42668
24519.86245
25468.29553
23772.90529
27820.93571
25053.58224
27070.42923
27173.01144
29555.22925
27951.3557
27014.68408
27813.69789
29983.09589
29855.45968
29857.26914
27581.53082
25500.23938
23758.77761
22700.38531
22915.43214
21922.38902
21937.83899
24446.16194
24519.65367
26112.11373
24441.22073
26978.98213
27241.49237
25373.71668
23261.52531
21241.89455
25204.74137
25910.42904
26593.5681
25357.70996
26154.91432
26077.66448
24124.56601
22096.09675
20052.5255
21781.87784
22752.02439
27866.86804
28177.18967
28963.05013
25694.33829
25955.80461
22945.70572
23318.17519
23802.7613
24842.08473
26352.91051
24229.37524
26794.34807
26455.7711
28969.87038
27520.35731
28635.46908
28308.02722
30000.07694
28719.95674
28617.6529
27487.78711
28169.18631
28164.03632
29714.87891
28840.91188
27916.55848
27900.06459
28562.32532
30428.15236
29772.50311
31689.76044
32275.1889
32333.09148
29684.53573
27948.98949
27976.3401
29601.92712
26854.19929
24871.2448
26527.73175
28297.24008
30334.40865
27882.10923
27202.58908
23093.17635
21822.10343
21781.73865
25157.76512
26324.86395
26721.41309
23439.82628
23726.90336
23841.52541
25838.2596
24858.50902
25805.41102
24669.90807
25889.06354
25982.59847
27549.3086
27818.4999
26151.57378
23583.26043
22691.40763
22974.16985
25250.7433
26412.55295
26873.61614
27452.92029
25657.59242
24438.50655
24181.84224
24779.38013
24790.79362
28300.99818
31008.43084
34104.82683
30430.79695
30036.47483
28073.42435
29324.66286
27013.43138
28231.61252
25235.64131
27890.39096
27813.21073
30019.70257
27953.8611
26167.30213
26809.10209
25024.14379
25256.38045
25447.83477
24834.9165
25576.3757
22691.40763
25831.57853
25128.18749
25675.61738
23630.16708
24539.2793
24282.5454
24685.07966
24889.26976
28719.05201
29736.314
30200.9265
27127.98383
28459.39514
29996.24924
32284.16659
