24252.68938
31666.37671
32592.60916
23829.90313
25981.76334
25516.52448
27021.64352
25082.11596
25574.21828
27701.65083
28390.77502
29006.58145
28959.39642
27750.05377
27051.9867
27007.30707
29508.46179
29824.90772
28252.07329
24170.01118
24920.79604
26922.47144
30055.6829
33777.52416
34299.06493
32887.55042
33903.90767
34568.81299
35354.60386
31113.51845
31994.93208
31561.91545
32221.67078
29139.40245
32223.68902
30194.17584
30784.26713
32818.79111
34702.7823
36418.00696
34802.9983
34649.61214
36355.16318
35741.96653
36289.32683
35147.21242
34512.23271
35836.12782
33935.99071
34779.197
36811.91151
36009.48758
38627.56096
36284.7336
39509.60094
37545.15857
40997.39096
40288.43236
42851.66533
41312.79298
44587.69873
44416.98356
47612.89961
42322.1908
42388.79268
38978.80412
41787.42709
42458.17834
43099.07358
45459.43874
44230.12248
43516.50105
44407.17074
48157.12817
51731.01164
48886.33875
47542.26125
43712.13103
45659.1052
46210.71076
47631.27255
48495.49635
47513.51875
51313.51458
50068.05241
53181.49904
49901.5129
51818.90943
50177.24609
52121.78445
51609.77812
51314.55849
55115.94621
56584.94573
58417.08906
55707.63817
56644.51857
55420.76987
55613.54648
57147.54721
53995.05809
53978.28583
53314.21565
58518.76654
53731.43434
54569.35144
52121.1581
58010.37913
55098.5476
57655.0299
57739.65674
60328.22208
58632.48386
57855.4619
58808.90578
61434.56496
61748.5055
62215.76259
59957.77086
57628.6536
56269.89168
55418.12528
55847.38381
55036.39976
55132.23131
58242.33741
58356.12433
60423.77526
58590.17044
60796.87107
61325.16249
58996.5324
57552.16931
55137.79886
60219.30678
61085.47923
61929.93821
60590.87152
61169.06216
61333.51383
58944.68454
57302.04688
54145.79966
56344.28814
57144.76344
63136.14911
63082.07423
63456.77072
59737.71323
59612.93039
55845.36557
56261.40116
56918.72068
58489.11931
60030.84503
57091.3149
59755.94697
59347.70596
62257.51926
60088.19085
61065.36643
60456.62383
62185.48901
60707.37261
60905.92556
59713.77274
60483.3481
60148.39004
61714.75219
60339.98355
58948.99939
58347.7034
58948.72102
60789.91163
60189.93792
61859.16066
62098.63514
61813.92427
58568.109
56355.07528
55941.05793
57604.01717
53668.38177
51174.04731
52587.58006
54955.46142
57097.78719
54034.93571
52867.14094
47455.96414
45709.49157
45282.80804
49266.39401
50338.6356
50196.38456
45392.76726
45264.85267
45074.0943
47346.35289
45549.42435
46209.38846
44291.78316
45248.49798
44683.59988
45881.52904
44649.70738
41143.81767
35967.73091
33541.04224
32738.89668
35181.31369
36613.56735
37437.35678
38322.25014
36396.43268
34981.22967
34895.41972
35854.70953
36107.19817
40232.75681
43482.33018
47449.63105
43496.17947
43132.20053
40695.90783
41894.88091
38752.55258
39857.57316
35989.37478
38644.05484
38058.27841
40188.84272
37567.22001
35157.23402
35497.13328
33061.53653
32998.55355
32854.63224
31823.66015
32253.47544
28601.15902
31632.97138
30438.31315
30732.55846
28178.16399
28854.20442
28211.15176
28309.5583
28143.50596
31722.67861
32336.5712
32376.17044
28825.11394
29822.75029
31079.69555
33121.17896
