24615.7636
32022.90904
32953.59554
24159.43283
26320.4795
25871.10817
27419.58455
25478.17794
25980.09307
28146.7073
28857.33617
29490.81959
29465.90478
28297.76204
27651.61243
27669.01104
30244.771
30634.84786
29108.36333
25034.93093
25846.9589
27949.96381
31219.3716
35076.29568
35730.20507
34405.12686
35474.44549
36246.17828
37183.26747
33104.19792
34150.61998
33832.36459
34678.56343
31680.92195
35016.79243
33082.06689
33842.45578
36039.83075
38077.41688
39952.98715
38425.66748
38383.42365
40153.55833
39527.97388
40059.95381
38873.43813
38126.55056
39468.05306
37513.35391
38429.28639
40457.68605
39639.04661
42385.24337
40155.01982
43724.72763
41987.02396
45757.58133
45243.06961
48074.24118
46740.11569
50265.56144
50294.30394
53576.44751
48303.34609
48514.56523
45305.63502
48235.35232
48906.86911
49536.35086
51947.38077
50540.3899
49630.65133
50210.79061
53603.45016
56707.77992
53396.12831
51608.52542
47093.09871
48083.14927
47746.72973
48641.4359
49251.4312
47863.16123
50938.40052
48702.60942
50806.93662
46562.37148
47702.67645
45461.24819
47049.53259
46342.73142
45911.17627
49813.54553
51370.65161
53347.27301
50618.54446
51601.98355
50420.47867
50726.55504
52453.88913
49588.61628
49793.01516
49313.85742
54472.54557
49517.97792
50095.82059
47418.66152
53230.98069
50255.88781
52933.04688
53159.5072
56025.61518
54556.33728
54067.85388
55341.01464
58362.31823
58997.7851
59769.16992
57785.72826
55728.5165
54622.45201
53978.91218
54603.24394
53854.96448
53906.32518
56802.91553
56488.9054
58004.88117
55629.06604
58301.42309
58678.69457
56196.33035
53820.16726
51222.48504
56212.54586
56908.00314
57577.29291
56069.2509
56831.79722
56916.49366
54439.07065
52523.69236
49473.43748
51953.01792
53042.51894
59737.22607
59918.03243
60484.25283
56551.5404
56617.79431
53029.43518
53660.86557
54406.84842
55953.93291
57218.04639
53757.39307
55638.73967
54017.67629
55355.35109
51134.51767
49920.58178
47274.67062
47472.11005
44794.32464
44185.30366
42687.56163
43577.60497
43736.00193
45896.21347
45186.8373
44389.42416
44516.15564
45701.20983
48233.1253
48065.40269
50415.25909
51186.22634
51220.67559
47981.54138
45630.50188
45081.74969
46512.0547
42364.92179
39503.96379
40729.45236
42682.62042
44601.96559
41357.26383
40190.09542
34966.12767
33263.15163
32952.76041
36845.9432
38060.15746
38293.71641
34114.50046
34310.75679
34376.73233
36758.32379
35394.2031
36295.24236
34750.73287
35917.13575
35694.92069
37108.66222
36461.43389
33596.30023
29392.65663
27507.48233
27186.65195
29634.28854
31063.13207
31826.37433
32654.54822
30803.05763
29414.71807
29122.14303
29785.51727
29824.55975
33574.86514
36509.38447
40078.74431
36286.47346
35955.69107
33736.18506
34966.33646
32190.63165
33351.60617
29881.62719
32610.21656
32336.91918
34591.15281
32279.85173
30223.5447
30761.64894
28687.52573
28804.65317
28834.99635
27999.79343
28568.58882
25278.16351
28334.96027
27357.99347
27744.45142
25414.01187
26186.16222
25721.61931
25981.69375
25993.31602
29710.35527
30562.60883
30900.69864
27689.47181
28924.00765
30370.80654
32586.48485
