0.10690010019768731
0.10713327557164284
0.10738684701252052
0.10761899549991367
0.1077400860009556
0.10746979351295663
0.1071028581221926
0.10682491417361448
0.10663569777736898
0.10653308928330309
0.10611173192518093
0.10560361735359781
0.10469360113867815
0.10390755553207094
0.10308339544616765
0.10241675680760008
0.10154545024895681
0.10052514326323439
0.09956499731495684
0.09877993312374109
0.0983591799792708
0.09814779999190867
0.09811159619472513
0.09780877917038243
0.09737316466773165
0.09717766424115719
0.0975333194943874
0.098304500791763
0.09893708654153056
0.09924971668989593
0.0993800338555425
0.0996542951629185
0.1001105314632796
0.10070890087787696
0.1009806757153231
0.10073770678694391
0.10001235737529349
0.09927981221041934
0.09885524095445883
0.09859861668091734
0.09796357033737864
0.09668326154502135
0.09494956233726226
0.09339392639113729
0.09202304727626606
0.09073070632652122
0.0892284585249403
0.08753516005930001
0.08580883958719475
0.08416217799245977
0.08281174594611454
0.08145049727231908
0.07989308203288234
0.07793934491940334
0.0758931189978084
0.07405570372776164
0.07272294795534479
0.07164517392313903
0.07048507315331033
0.06901812485174685
0.0672392063602454
0.06545242300483976
0.06366814215591077
0.061838221737967776
0.05972995173703777
0.05738168871971978
0.05499726255750669
0.0528125635705277
0.05129911772707841
0.050239061083367835
0.04930705034403063
0.048234662199102864
0.047170248129172136
0.046464755901898684
0.04589776154945228
0.0454013961881346
0.04469812078317758
0.04400712584595859
0.043291754922726924
0.042997729467011574
0.04310662051330029
0.04340610635117031
0.043731679156567956
0.04377475519221314
0.043872115050063776
0.0439246344120078
0.04442981658306175
0.045110806558666644
0.04598696084570335
0.046885193058934585
0.04822280767320148
0.05000854044554968
0.05232654667543952
0.05489961502477033
0.05748654501790425
0.059716120259163896
0.06176444467582737
0.06392757575016508
0.0663434339741627
0.06870093467872032
0.07095708821655232
0.07270347039873987
0.0743916275991896
0.07603258647199687
0.07803866364672729
0.07998238722055065
0.08176879867323679
0.08285342441043132
0.08379344522857766
0.0846677808727948
0.08590787150959504
0.0871998726062057
0.08832355989886921
0.0889630235208969
0.08945027892453253
0.08992747501893002
0.09082947869845258
0.09179476953044845
0.09263829799474736
0.09303322645957249
0.09329906417743296
0.09371281336531295
0.09445990688489987
0.09536528440780985
0.09604225634750345
0.09632402709642052
0.09635471169489303
0.09645050463760499
0.09692419224075192
0.09741469511331588
0.09780645090654289
0.09766743778039207
0.09738654015130699
0.09719318511528523
0.09750202102950364
0.09787559346584049
0.09809805934503395
0.09783727978330224
0.09739554713154462
0.09700759763335506
0.09700702328746605
0.097247708816781
0.09744571611659603
0.0971390758605002
0.09681112061833982
0.09654161238665562
0.09683935467756297
0.09705221528639106
0.09717295509660427
0.09671144083162096
0.09617472179280277
0.09564898892020615
0.09555863896597418
0.09546945688696774
0.09517018173617711
0.09439162852183366
0.09344145468175141
0.09258262751949126
0.09198679783978
0.09128819202977538
0.090162411358715
0.0883438364567901
0.0861237060173149
0.08371174824058236
0.08132717297001828
0.07862906376170885
0.07539431608881637
0.07147811274782855
0.06725308878827413
0.06307393690331219
0.059364576503974406
0.0557062429924378
0.05206608713479778
0.04837997063261352
0.04510265181368029
0.04255471243579798
0.041107436481689144
0.04054641408335627
0.04039324768882096
0.040026411137329604
0.03953810898485165
0.03901828420069746
0.038824002934157706
0.03853751536784839
0.03816146459439041
0.03748492392150339
0.03684659381915808
0.036290971035123576
0.0359919964820749
0.03580590657052425
0.03591089214951268
0.03591487074475612
0.03614728948906829
0.03623487684260013
0.03664975670359249
0.03691335322211287
0.03700020529957716
0.03651597336347832
0.035820046032742074
0.03504797695580015
0.03453300949436961
0.03396866815820481
0.03345879385943964
0.032842370290441514
0.03244417433373248
0.03219605610974973
0.03241435234552818
0.03289113867934301
0.03359019408150362
0.03427674058456513
0.03512007157798128
0.036134195361433114
0.03748460403775847
0.03888724230247847
0.040279127392867556
0.04122147602103398
0.042101537930179
0.0428976644361858
0.04403401850921456
0.044971253242479366
0.04583337866145455
0.046082710017413396
0.04632137760901637
0.04644233102687221
0.04677905050763193
0.04682199575065721
0.046718405488327605
0.04627218892412222
0.04583516545397252
0.045328758223890826
0.045087058733586885
0.04469905445681258
0.044221567774553085
0.04327741711945076
0.04236299162213788
0.04130617198500025
0.040542570823213775
0.03956825630274382
0.03859586776275996
0.03728487236328331
0.03607824969398804
0.034968587400937404
0.034201542250204435
0.033489019295175684
0.03293001584586484
0.03221755374247838
0.03183511443272567
0.031501321798761375
0.031731457038482354
0.03187985726988233
0.03214532548584326
0.03205095723314478
0.03200638906207325
0.03187184121334199
0.03205864961219839
0.03227471091552762
0.03270273546221101
0.032951274676920855
0.03345403867901898
0.034060849577218125
0.03536224755281224
0.03672516532228762
0.038398271391921736
0.03963785818075153
0.0410962630795616
0.042392929979605705
0.04399313792654411
0.04537791022662981
0.0466451272047468
0.04733292652252332
0.0478063075225063
0.047927581015409684
0.04817808968797071
0.048150628274313635
0.04802170182289906
0.047304996802118714
0.04655235884105235
0.045533512379904675
0.044773901046535884
0.04392532705758348
0.04326562524931786
0.04247975375788184
0.041875577617223596
0.04130236123673368
0.04111535679153188
0.040965424803904
0.04084838117340254
0.040289323269218275
0.039580712183644486
0.03879064324692229
0.03834959602982427
0.03778748866639892
0.03729567274177692
0.03638723275534002
0.035607767207193775
0.03474894636575669
0.034292342715395274
0.033760025204271016
0.03343688393231136
0.03286575812221007
0.03232448749409606
0.03170766407887459
0.03138883606755751
0.03108229547266442
0.030711917084067546
0.030144271631862746
0.029656130525504622
0.029234958292665474
0.02895146286720649
0.028660074493809105
0.028375219583155042
0.027974647222088207
0.027650994536317666
0.02743491048831901
0.027535749175685735
0.027644860615952917
0.027831400681540695
0.02776952759096282
0.027884850197039856
0.02798514130768883
0.028350821384483915
0.028690118437334287
0.02894909919432504
0.028911279791150116
0.02859662250701741
0.02820008005816471
0.027903994777763532
0.02740955288681995
0.026765816507056322
0.02575351105195917
0.024702370222717894
0.023534318606134468
0.02258240672964086
0.021614406671744874
0.02079162174649622
0.01984208314082947
0.019063495066963684
0.018271673160062583
0.017676236109576603
0.017158679505516358
0.016789517739014697
0.01634957866388671
0.016016099856334374
0.01570767138048079
0.01570765963788093
0.01568271894162253
0.01575059655180839
0.015602262223246692
0.015486192793454286
0.015212395510582333
0.015240829719910936
0.01520366881054888
0.015291179355794458
0.015190220833509259
0.015219118059532981
0.015257172109393993
0.015398411599435719
0.015488289256081526
0.015627009266960437
0.015591870079948613
0.015609221235850663
0.015480604118819215
0.015599471172096362
0.01562984460439518
0.015763162061735884
0.015612641629899268
0.015569256160787432
0.015435442329629012
0.015585993090461282
0.01564690794416451
0.015798398334536546
0.01568830045414133
0.01566305316753135
0.01556332877079395
0.015706648031318986
0.015736924041261424
0.01589631249629143
0.015812882506210994
0.015866000956927306
0.015831076683834273
0.01596070384027319
0.016007904414234306
0.016048361905811874
0.015981530818546176
0.01593688800206924
0.015884867975209157
0.015931903958885416
0.015956069643522024
0.015982423163089624
0.015892826501047473
0.015792846244706074
0.015685317120504434
0.015801914593970835
0.01592377972558522
0.016203735262148772
0.016162322376225835
0.016192367415193518
0.016126663630005204
0.016366285700752492
0.016524851389623726
0.016753112745067474
0.016726867742003954
0.016856741506154627
0.016933196109426462
0.01726080212997092
0.01752415807086366
0.017856515343952523
0.018046036036827837
0.018259503565412977
0.018408288963602103
0.018741386301709028
0.019083699996217795
0.01946921891844413
0.01965972196764084
0.01991988864674298
0.02007396607517514
0.020420551886858495
0.020751133657307963
0.021238043977549345
0.021572186006969283
0.021912579908266977
0.02229121406751683
0.022952047599686543
0.023738716719601368
0.02466062593236397
0.025429028178147
0.02625288775308597
0.02702500171191506
0.028077955420702534
0.029033214670967686
0.030127927696092762
0.03084986701522335
0.031532085302726325
0.03208322966726466
0.03285699823428641
0.033592756471565066
0.03422064263436572
0.03449688572534911
0.03491432768926954
0.03523487919755662
0.03573584547037652
0.03597641373678963
0.036349081417798496
0.03640787830229653
0.036510081699457374
0.03646991194804062
0.036843841858032585
0.03707545114631102
0.03737755308615112
0.03715564376579078
0.03707003154925966
0.03678755171390662
0.036922608543674
0.03689401811733344
0.03692983630083742
0.036617012840717
0.03631944766498169
0.035956339878066075
0.03588656704922963
0.035737690201535076
0.03571052659679138
0.035331687611510086
0.03508740961361323
0.034637586077541256
0.03460566793269974
0.034610042668201564
0.03495060199102677
0.035089195557051506
0.03538107930204701
0.03560888826874105
0.03639806491300466
0.03722880022840765
0.0383371087066535
0.039258336464244994
0.04031619399362796
0.0414269597292345
0.04279841918130506
0.04411827880002861
0.0453248959615954
0.04620251392738165
0.047198160494427974
0.04832174413133267
0.04960507083427033
0.050906404161473504
0.052070268499804284
0.05313701473240102
0.054497977667606966
0.055625006056729695
0.05753404929432586
0.05914802659987918
0.0609631030789216
0.061579603779920424
0.06278522850060377
0.06391067712502005
0.06662378881727045
0.06747211626321678
0.06895766954938547
0.07051717868041173
0.07246280552603604
0.0742804886465595
0.07500224557621493
0.07706798160562915
0.07911337794565987
0.08076131687242788
0.08166718250283701
0.08228076506676289
0.08307254623044079
0.08462686234772722
0.08547478356465575
0.08731589669140867
0.08819896834814629
0.08910444394315349
