0.34099171392343924
0.341587561851772
0.3419957853035368
0.34255154735289267
0.342889515325193
0.3428725545713447
0.34212448902760084
0.34180246384770485
0.34101560308454826
0.3408475541290773
0.33928612363159477
0.3380252295856362
0.33496700427553083
0.33275827273026937
0.3291511754812959
0.3272288061180174
0.32409185859260714
0.3219262313690286
0.3186015213231592
0.31687820927337723
0.31510545465402656
0.3147235550664017
0.3136067620987473
0.31298221218886063
0.31169268667819255
0.3117226171556408
0.3119417949866326
0.31345331023413386
0.3141362601053026
0.3151447553533698
0.31500934483159426
0.31584847512208347
0.31617923292785527
0.317306552060206
0.31701139190347677
0.3165343356032795
0.31473371016092266
0.3135842394381626
0.31212848628492246
0.31133123914882044
0.3092085863037806
0.3066305063205601
0.3028186726827468
0.29966645612151827
0.2961524209365541
0.29332089687030416
0.2895599873420879
0.2859661233389217
0.2816044375398913
0.27794609334448406
0.27424283776548775
0.2711248336370169
0.267109357971648
0.2628049678642005
0.2577455563845435
0.2535052470240485
0.24974322226880874
0.24706446278161034
0.243906363771181
0.24054908551265522
0.23604623025443933
0.23158646652020679
0.2266961240963228
0.2218623014123814
0.21600653364240077
0.2098066072625933
0.20304715768702317
0.19733336914267363
0.1926293186293505
0.18931377203592573
0.1862192094255189
0.18342354794436855
0.18061035859227678
0.1784483649899356
0.17646826093472354
0.17480165074620083
0.17261490993516604
0.17041145929496165
0.16829260712048172
0.16731678323557078
0.1672445322706774
0.1680942650457318
0.16873754618831444
0.16914611131020613
0.1690630453997018
0.1694772832718433
0.17043086900834997
0.17231715086227598
0.17453910203239822
0.17751744825093851
0.18126174412162427
0.18661589029356948
0.1930701123203006
0.2003235163715571
0.2071860061401705
0.2134379291803605
0.21889754126857736
0.22450566715769965
0.2300559026851541
0.23586834726647415
0.2408877526822486
0.24542054876624206
0.24921035889567927
0.2533811922259956
0.257567177768966
0.26209025843421496
0.2656087493590907
0.2683674243846516
0.27013659030691006
0.27220380251760556
0.274475801321581
0.2771736729356808
0.27920562237927365
0.28078016450431714
0.28161186770305907
0.2829277354828945
0.2843817447493692
0.286415195840824
0.28773166130712813
0.28863293523490735
0.28898097145616364
0.2899673995142599
0.2912683915555633
0.29310904989223846
0.2941989832798716
0.2948146086138595
0.29465955432756413
0.29491723974285877
0.2955154082384902
0.2965265170947399
0.29702517507885073
0.29681506027152554
0.29607059913248823
0.29576503787717784
0.2960173249599161
0.29666232505870305
0.2966055860242236
0.29590935406938795
0.29471097023302634
0.29403873752332027
0.2939642078756011
0.2943647217198365
0.29434966135859664
0.2937535418656778
0.2928187294685421
0.29241419179639094
0.29274313207992114
0.2931949330832932
0.29309142455936105
0.292048065587388
0.2907296659919047
0.28963644085233414
0.2892091972447873
0.2888688667401812
0.2881240075204316
0.28640261182905574
0.28433703952129286
0.28291228134391355
0.2814467950127198
0.27972077093386727
0.27668052486285427
0.27273321133404893
0.2678269136366313
0.26235983329592893
0.2567499884449139
0.2504999521776587
0.24277171789154306
0.23375352440682107
0.22357570001650787
0.2134794324918804
0.20355059031834943
0.19382570193401244
0.18368845912248452
0.173470967523164
0.16392987738892376
0.15650893367905122
0.15218981967828005
0.15052452754531054
0.14983731372965128
0.1488878469993096
0.1472687765980038
0.14580895188130655
0.14471142073033144
0.14387765372956762
0.14250541850581835
0.14062705001423015
0.13842376317645189
0.13669371819639528
0.13556948980394415
0.13517317694888695
0.13515866296793258
0.13531403908039077
0.13575544434852413
0.13644196131869854
0.13749736086708747
0.13819986275397883
0.1381074752140857
0.1366701471486764
0.13444021066197684
0.1319042274146106
0.12969102850891084
0.1275470231836497
0.125447670732854
0.12338176795263571
0.12191120252336599
0.12129970183117533
0.12197972569863834
0.1235253582063369
0.12577911451783927
0.12824654925113924
0.131195196264936
0.13468196872283844
0.13881582751250301
0.1431181988707771
0.14703598341143814
0.15018680407619647
0.1529270670739523
0.15560071539461073
0.15851464125614836
0.16122115560611897
0.16345890950029995
0.1647329842985127
0.1654099845669087
0.16587832236405312
0.16639079242164878
0.16657857526940287
0.16618316845435813
0.1649025835194744
0.16334341345636652
0.16178807814631901
0.16072951997765336
0.1595559453817399
0.157872511487202
0.15526251610461306
0.15233693784064783
0.1492724748112491
0.14650956718110086
0.14356925141748317
0.1402796566005292
0.1364350536511183
0.13235795788489027
0.1285444475654415
0.1254360246779471
0.12277433524998206
0.12050397560868754
0.11835364051397987
0.11683507552407114
0.11599844445970325
0.11625335270718469
0.11688383281931825
0.11750751009105552
0.11748763138187059
0.1172486175012973
0.11705185713303448
0.11741177046612204
0.1180250575143962
0.11897602260873742
0.11999163772454471
0.12176422457305779
0.12442761462503095
0.128470278178923
0.133077843148037
0.1380194012619725
0.14245808168928634
0.14686033125266484
0.15117037659512403
0.1556256732607801
0.15969384147189453
0.1629288154008957
0.1649420759075734
0.1660936755997876
0.16671644876245997
0.1671769977096221
0.167260384957292
0.16650719152228716
0.16476440010714588
0.1621666695662847
0.1594105713994864
0.1567728076840876
0.154434724067247
0.15221516226272655
0.1499711289417838
0.14797049768623374
0.14650581530103793
0.1457910452264988
0.14530942583062
0.14442574399596456
0.1427548999619866
0.14052462160298587
0.13838942415625444
0.13670978958917734
0.13506312789987987
0.13298572687567975
0.13032212917397623
0.12747884121800815
0.12497984008783802
0.12300482155344762
0.12156716538676234
0.11998403606463993
0.11817507289239133
0.11589096730818294
0.11395031030954739
0.11244640959965226
0.11124607799723385
0.10979934475922315
0.10802392097347614
0.10607209456973336
0.10439760135127493
0.1029519861316422
0.10176743446273179
0.10053218908249174
0.0991459861046019
0.09785216466373399
0.09703135980952714
0.09688545682773811
0.09725089510967358
0.09770663470615845
0.09809687638075029
0.09847615168084696
0.09922558149109582
0.100324228982194
0.10149788588373607
0.10209106876100185
0.10189597239647155
0.10098080181754243
0.09979731718994328
0.09829315535974405
0.09638027161360158
0.09356320194669664
0.08992313164641723
0.08548504004336767
0.08076084902740219
0.07609669823246026
0.07165462649352264
0.067301076896575
0.06299644674972642
0.05878640998084922
0.05477196976264799
0.05112693987840984
0.0477688576123862
0.04477918728005795
0.04224062005712441
0.040311912025086376
0.03909695842703317
0.03850790217239619
0.03812985845005593
0.037589559482159536
0.036750349859699
0.03569853550930732
0.0347497463970077
0.03410968369274402
0.03386508000210744
0.033761558712384364
0.03379290299577556
0.03385945037937974
0.034136178457318964
0.03449690362971901
0.03493670344583908
0.03521334206828148
0.03530597634661088
0.035190209339710996
0.03505152620225575
0.034991417156040434
0.03496947903554727
0.03485770616364307
0.03459892880060358
0.03429618600635934
0.034151451103421576
0.03420634425476175
0.034357913262519885
0.03444677387891827
0.034354573088772836
0.03424051908386618
0.03419274014554218
0.034354219791272504
0.03460082965630585
0.03476127759710876
0.03475050432162109
0.03460741476027021
0.034529212848335496
0.03460454327131116
0.03475046148221653
0.03480907266285736
0.034667205098482125
0.03442783807387596
0.03426034541293053
0.03422917248031847
0.03429437397325059
0.0342421589945665
0.0340235322473971
0.033747826197293156
0.03361547708034265
0.03373529175361469
0.03401468638307389
0.03430509148134393
0.03454033221807055
0.03480272850375401
0.035275934367710246
0.036026898263301
0.03695477833182077
0.037868432860326734
0.03869563987956137
0.039514540618463656
0.04055756573100282
0.04183899041765393
0.043319152410906926
0.04475759569684335
0.04602102487908711
0.047161348288726215
0.04843496047466142
0.04993325174898571
0.051572719270377015
0.05304801817500635
0.0543005441937887
0.05543194558765207
0.056723350406336415
0.058279667739209076
0.06007891848751393
0.06184824646332899
0.06351324646848654
0.06526317128766114
0.06743660612170481
0.07015783378563412
0.07340692895389654
0.07686019785875112
0.08023988212856674
0.08353974744711722
0.08709536089675368
0.09091677257314869
0.09479361995982681
0.09829643330518756
0.10113391967931491
0.10349506830340024
0.1057604916595093
0.10814744120461939
0.11056012253524919
0.11254124848568556
0.11387026974912683
0.11477258579419351
0.11569890579024127
0.11686705820153696
0.11804542809809898
0.11893084088225474
0.11935585914890949
0.11954779665378068
0.11979328123946406
0.12035878117805138
0.12100687387733086
0.12139542846795712
0.12120705960190548
0.12079005901665543
0.12036994673091937
0.12035135794114037
0.12034941341447822
0.12006804819743382
0.11922247668654512
0.11805992342067727
0.11694375480117333
0.11617478870995429
0.11553442974090972
0.11477372018399577
0.11360582040705333
0.11232457188409055
0.11132054488793737
0.11097424595051779
0.11109101979514127
0.1113119847366357
0.11163184814085204
0.11221060918889479
0.11344567018197867
0.11558594938417302
0.11830936912099724
0.12123783016824866
0.124319675684542
0.12738503169448218
0.13064110355895073
0.13388908606727784
0.13714452570423552
0.14020660384952008
0.1431576314308638
0.14603048067750796
0.14928887728073967
0.15291881378662375
0.15687470111561638
0.16065245068621387
0.16433285470739256
0.16780136754616362
0.17162836754206656
0.17581611581088286
0.1803608036080354
0.1848194733000165
0.18887950723817776
0.19286022113614815
0.1970246717366347
0.20151681494473506
0.2063476407790304
0.21086733834192242
0.21545846078414913
0.21979597931684758
0.22450154587725596
0.22913992867052368
0.23413140547478442
0.23889646522327468
0.24353262181129806
0.24765415695743084
0.25187996077383923
0.2561965060924456
0.26059447253101525
0.2648901822078779
0.2689376746458376
0.272427651567801
0.27537334929532
