0.3439409871102755
0.3446012606128017
0.34503121443343454
0.34560293911766565
0.3459128924744579
0.34591356331232553
0.3451017238855044
0.34483288314160343
0.3440260275730092
0.34387670555020694
0.342264295786098
0.34095274995661334
0.3378259388888444
0.33559344498264915
0.33194439948230803
0.33003156031788217
0.32684520753036606
0.3247080649408794
0.3213774434839974
0.31966429599164325
0.3178714856067547
0.31750602321549976
0.3164093679826868
0.3158099171130728
0.31450545822255194
0.31453121290618113
0.3147030263075838
0.3162086734621435
0.316905590790414
0.31794664726871086
0.31780689296914316
0.318633311061594
0.31895070499608974
0.32009689887623977
0.31979269779137776
0.31931333677846746
0.317499589864432
0.3163342436151869
0.3148683346376043
0.31408958762882855
0.3119938047526102
0.3094298188282654
0.3055846231139028
0.30241217561116596
0.2988990174951223
0.29603966940687504
0.29226805689779445
0.2886469466865546
0.2842915219424783
0.28060671047635277
0.27690124331276894
0.27380331212471926
0.2697758812775444
0.2654304887564253
0.26035260817640454
0.25611859743483895
0.2523973328779322
0.24970015690158545
0.24651371243630082
0.2431222356107809
0.23860743188828262
0.23415362604517923
0.2292404104392217
0.22440026082837242
0.2185341003395552
0.2123291083803723
0.20555105050107322
0.19983036693412476
0.19512472640206335
0.19178355473737058
0.18866705872821535
0.1858587122417015
0.1830575586460285
0.1808856214149001
0.17888081526044214
0.17719903256277791
0.17501906460416644
0.17281586614556524
0.17068333158563734
0.16968208598570553
0.1696285605977194
0.17047665429397418
0.17113672830705237
0.17152088752305988
0.1714434966742356
0.17183476582967885
0.17280218607280096
0.1746767475170833
0.17691493971196864
0.17988769446575917
0.18365795210399707
0.18903269715214033
0.1955168422525887
0.20279880330009553
0.20967796509994033
0.2159421158365005
0.2213821086324445
0.22699918470917707
0.23255513746556053
0.2383989953216116
0.24340641196902024
0.24796353142046693
0.2517581769163206
0.25596102983696417
0.2601375494446779
0.26466987142892406
0.2681970180789339
0.27095838950607376
0.2727149087472168
0.2747478846734569
0.27702167358673124
0.2797393759242064
0.28179742898202575
0.28339330520609674
0.28422278244732635
0.2855618833117929
0.2869908196793126
0.2890367510826061
0.290344677412868
0.2912632317668311
0.29159095718301936
0.2925768949118278
0.2938940030466604
0.295741635949805
0.296842679769685
0.2974395730189648
0.2972954761157043
0.2975372008486727
0.2981448319226697
0.29914689221521407
0.29966964784591793
0.29947453725561596
0.2987514342777739
0.2984417433159616
0.2987002440396132
0.29932325979129487
0.29926080157200086
0.2985460641883201
0.2973697024951682
0.2966887988665506
0.2966272752099931
0.29702681659433877
0.2970214523806015
0.2964176388393026
0.295488850763243
0.2950987909101341
0.2954488069001171
0.2958993542280552
0.295798356949587
0.2947284753953939
0.29343923374786135
0.2923561557972058
0.29194557869035437
0.2915824060989632
0.2908421824644854
0.289095659076993
0.28703360906058484
0.28557587219319713
0.28414754546963134
0.282403591921449
0.279369929905376
0.2753810210302241
0.270474064256677
0.2649895973187445
0.2593761715869373
0.25309473269006083
0.2453375395697466
0.23628472097592693
0.22607395169652553
0.21594920880688753
0.2060033852868542
0.1962621693593069
0.1860802536385761
0.17583380892745454
0.16625270095152836
0.15881772311859643
0.15447551298268497
0.15279128248675103
0.1521009256489483
0.15113825321287477
0.1495153725017028
0.14804210027530937
0.14693093415678107
0.14610189035231433
0.1447150535354847
0.14283797565819475
0.14061569887028927
0.13886769650206246
0.13774117254441545
0.1373327752720568
0.13732779304044607
0.13746421996008976
0.13791703648171172
0.1386009122149609
0.13966642698376608
0.14037795551857837
0.1402810991828933
0.13882759219452703
0.13656798516524335
0.13403123348659607
0.131810814083931
0.12965662444935178
0.12754262491146987
0.1254623580318605
0.12396620356958524
0.12333899252107562
0.12401423688297196
0.12558721396369338
0.12786028226197524
0.13035756563615805
0.13332341929500566
0.1368307513839165
0.14099082983764685
0.14530962824451793
0.14925587552044806
0.15241496191647919
0.1551742863533027
0.15786723450730172
0.1607880792355891
0.1635157906480105
0.16575573091893125
0.1670354644848275
0.16771141571434117
0.1681807667688313
0.16870844843805277
0.16889509584649628
0.16849472773630264
0.1672125973857638
0.16564319971246372
0.16408946744131758
0.1630128905737168
0.16184880392344742
0.16014613159908717
0.15753828857556043
0.15458735288591205
0.15151997564384512
0.14874094132595592
0.14578593749200972
0.14247443335853335
0.13860045900490903
0.13449573086575448
0.13065052539097344
0.12751943901998783
0.12483571670447004
0.12253929962116197
0.12036042948685212
0.11883327765039886
0.11800373844557147
0.11826175803044273
0.11888681056988847
0.1195171018701197
0.11949530920982106
0.11926470655081492
0.11906992820280801
0.11943568165074642
0.12005092879663211
0.12099320690503641
0.12202999218976265
0.12381269793680735
0.12650372985539612
0.1305723563028378
0.13522028749004272
0.1401959867358052
0.14464772611857343
0.14907326002391139
0.15340828435291978
0.15790338064857906
0.16199078246952536
0.16524543463024693
0.16727029898611323
0.1684254576905333
0.16903607672811094
0.1695016484322855
0.16957789283351163
0.16882726264791373
0.16705159551499413
0.16445568831432203
0.16167718226795674
0.15902457749549062
0.1566660756510322
0.15444734897058385
0.15221251992987345
0.15019694477421996
0.14872445952806604
0.14799368596002682
0.1475301765715494
0.14664048697018475
0.1449762568239363
0.1427214783452811
0.14057490142651316
0.13886826070544064
0.13719915631592872
0.1350949120629354
0.132417633202552
0.12954910724329116
0.1270357060971403
0.1250419599403982
0.12361137707546876
0.12201864244530082
0.12019042358645252
0.11787590601989974
0.11593157485249155
0.11440417287353559
0.1131931303191265
0.11172492575842403
0.1099431592033684
0.10796150836430397
0.10627313910772669
0.10482417378601062
0.10364495654754892
0.1024026438733215
0.10100316908312244
0.0997008972205874
0.09888463017444728
0.09873226868505768
0.0991188367582135
0.09957386082816266
0.0999736936198079
0.10034999170865373
0.10111449198273366
0.10223973024095902
0.10342962369696632
0.10403542869199306
0.10383560941446672
0.1029151042552783
0.10172191412574055
0.10021949092523129
0.09828119291051193
0.09541164498596591
0.09170407500913436
0.08719055541166214
0.08237321787547935
0.07761351302775413
0.07307835763562281
0.06863082472392946
0.06422624335732012
0.05990646163863312
0.05578875908817609
0.05201563986177043
0.04852692549120512
0.045399367568839354
0.042756675294243186
0.04073345182971863
0.039470109762527794
0.0388444953874098
0.038461800086448845
0.03788500264024608
0.0370075518690382
0.0358967976890424
0.03491158654997566
0.03422188553097803
0.033955201285805994
0.03383908755898376
0.033883727950747435
0.03396070161428536
0.03423925712675492
0.034612122928472676
0.03505826117424931
0.035351580507775426
0.03545676567926791
0.035348180483922666
0.03520301274729248
0.0351363766141467
0.03511513035443419
0.035002111281096794
0.03473219148945119
0.03441394644536696
0.034268973833593
0.03431657349967065
0.03448290142840177
0.03455671374554501
0.03446325942288258
0.034327441650513366
0.034285293620674305
0.03444736023211964
0.034688838330240016
0.03484904156924829
0.03484107602540153
0.034707739780483665
0.034640454249643036
0.034720467423770086
0.03486191458854387
0.034910581419364456
0.0347552843521606
0.03451629277158516
0.0343602208500934
0.03432777572075342
0.03440009676323146
0.03431757914802726
0.034091348276176665
0.03379768091131141
0.03366402027630405
0.033780007680668335
0.03406718148692061
0.034382025448041635
0.03463958296500314
0.03492435226096231
0.03541561144361393
0.03620638554004974
0.037180037001491875
0.03814765279529334
0.039024646111080176
0.03988684614599668
0.04098937049282089
0.04232392739386397
0.04386738528847899
0.04535387324730149
0.046681275041502025
0.04786259195846561
0.04918480215102221
0.05072304095334369
0.052420475674209856
0.05393425358118244
0.055225672761023366
0.05640745510899262
0.05774608879825791
0.05934851637503648
0.0611798148928726
0.06299788181817115
0.06470838051970644
0.06650585562366243
0.06873940769519397
0.07152104906002407
0.07483926444922796
0.07833121342763814
0.08178501161440789
0.08513759085783874
0.08876215268587598
0.09262379953186933
0.09655672262686125
0.1001050354407661
0.10297207195746483
0.105357968416735
0.10765234304787062
0.1100794074049573
0.11252090088259568
0.11451083163645803
0.11585305868061906
0.1167470280075968
0.11768691923856744
0.11886148465720005
0.12005873038135353
0.12096050599123251
0.12139130811230796
0.12156625281509947
0.12182142437798818
0.12239808593433153
0.1230776806584533
0.12345600434504031
0.1232610691538257
0.12283697241122374
0.1224116588696431
0.12237510169026615
0.12237845942896901
0.12209823995751096
0.12124556325957966
0.1200685209888914
0.1189522599362558
0.11819171373322508
0.11754368344444674
0.11677764587639089
0.11560647151967603
0.11432932876172082
0.11333022039370201
0.11298773955924782
0.11309933772513235
0.11331771167673572
0.11364060653598139
0.11423687343084844
0.115494867681634
0.11765791663894054
0.12042250204901594
0.12339222255263436
0.12652274777677475
0.12963597883186032
0.13290589972800546
0.1361711883075735
0.13938670300422518
0.1424594475388443
0.14545425272533574
0.14837508255903267
0.15162760343514592
0.15526576470991296
0.1592652521110241
0.1631264126709921
0.16680358058023725
0.17032002480145622
0.17417259063198187
0.17834035133045173
0.182864106418841
0.18725323472080685
0.19145392600973513
0.19533946640734542
0.1995795262418241
0.20387113869971404
0.20882823399547212
0.21327927123145515
0.21803700670265866
0.2224352480280145
0.22729568858485216
0.23188098239568256
0.23680387377666642
0.24146243226914926
0.24622558996299246
0.2505171393725127
0.2548166865265909
0.25921960559419654
0.2635056909650164
0.26782193838066387
0.27171962916075665
0.27536448158213506
0.27858424573003626
