0.3433341871304534
0.34396727547394845
0.3444121302479578
0.3449951061575604
0.3452902166516514
0.3451959738225244
0.3443839224088844
0.3441262434196322
0.34339559708804357
0.3432485720752
0.3415835250277879
0.3402977488454158
0.33722984091329206
0.3350524614510155
0.3314017599450528
0.3294686841604502
0.32628599804090413
0.3241199345482752
0.3207903259737187
0.3190570766221085
0.3172695715483161
0.31689905095149323
0.31580131371568565
0.3151985893725479
0.3138867940508333
0.3139152683113247
0.31411950217819296
0.3156259793957002
0.31631835635864547
0.31735878266953094
0.3172205889100289
0.318063931222089
0.3183604413942028
0.3195016838260329
0.31918814796065176
0.31870646820751886
0.31688744388599766
0.3157162668171635
0.31423819371038003
0.31347150880506097
0.3113725133081043
0.30882924165131254
0.30498095865150143
0.3018241498977958
0.29830614105311215
0.29547066254349746
0.2916943544276924
0.28808931316021213
0.28372009287053074
0.28004645009428497
0.2763327484179006
0.2732132067563553
0.26920185384694156
0.2648726834175736
0.2597967737637952
0.255555153479865
0.25181433884170634
0.24914569171297987
0.2459578705491988
0.24258000822261333
0.23805573678017458
0.23360124010764582
0.2286918354233964
0.22385274867797772
0.21798215213152625
0.21178329540420804
0.20501067921400848
0.1992760453869314
0.19454824013219524
0.19121214210109266
0.18811999342184776
0.18533354505004973
0.18253996785228774
0.18037349921976759
0.17837927023343111
0.17669900461284774
0.17452702918350133
0.17230883320464868
0.17017724235407328
0.16917507447611618
0.16910518947127504
0.169946595439741
0.1705769895673886
0.17097905048758127
0.1709106120655611
0.17133707321510722
0.17230440995089294
0.17417954856831355
0.1764024360888038
0.17938422467196116
0.1831519007154337
0.18852337762791008
0.19498370437372167
0.20225331146812373
0.20912021714928228
0.21538006480932656
0.22082809685006885
0.22644698477152192
0.2319993938335451
0.23782515012584288
0.24286129458273717
0.24741786283164985
0.2512137630257415
0.2553811888699333
0.2595713899439327
0.26409877723359554
0.26761403520581906
0.27037434078204264
0.2721308862454899
0.27420339339061384
0.2764702073488698
0.27919032139642
0.28122133196842264
0.2828065651332076
0.2836428114751453
0.2849805955461015
0.2864244690066653
0.2884448853674318
0.2897573806224119
0.29066755269294325
0.29100516186170206
0.2919798669732325
0.29329204099051764
0.29515836807863444
0.2962605731973493
0.296865762856606
0.2967009577688083
0.2969625374627357
0.29755605862896906
0.2985920855155913
0.2990998518540156
0.2989177851188225
0.2981770456515303
0.29785156627250636
0.2980971283997007
0.2987353605526723
0.29869410964737236
0.29798782388282136
0.2967829617614949
0.29609881656601955
0.2960255436804627
0.2964497407950505
0.29643410673225845
0.2958439757309355
0.2949060834732188
0.2945210513399401
0.2948539348261822
0.29529831175818205
0.29520580219322945
0.29417098865185587
0.2928450568151946
0.2917609449856856
0.29133607577992393
0.2910064591942087
0.2902630182924568
0.28852845831008955
0.2864848025179583
0.285042388923475
0.28359661728885915
0.2818418589154767
0.2787939194086329
0.27480576176463356
0.26991223539176623
0.26443465109164277
0.2588412996957499
0.25254840957977537
0.24481570403384956
0.23575299318576015
0.22556183206700214
0.21542072497662668
0.20548750195410379
0.19573578478987771
0.18557376041985255
0.17533309739332442
0.1657606780083713
0.15832519592756847
0.1539883801508836
0.1523154053649683
0.15161909186468342
0.15066471899949463
0.1490492306607056
0.14759438833584757
0.1464929974324163
0.1456533965325593
0.1442639865540431
0.14237314718446037
0.14016002990267376
0.13841747125526876
0.13729816183660531
0.13688270019254944
0.1368793522307848
0.13702068657929722
0.13747953652879744
0.13816444031660297
0.1392312837378217
0.13993641694200515
0.13983051253834652
0.13837741106343898
0.13612267301598727
0.13357994747238727
0.1313633233583073
0.12921700716955917
0.12711767232978022
0.1250357247937147
0.12355625126974529
0.12293071911798406
0.12360680166398741
0.125172540717663
0.12743717980935304
0.12992647816056357
0.13287754323312584
0.13638151558435366
0.1405257583662693
0.14484454056218696
0.14878366769994203
0.15195423704950642
0.15470305257235195
0.15738301972997226
0.1602938572860019
0.16300744595179034
0.1652488307171788
0.16653078636030677
0.16720043836299725
0.16767836601942815
0.16819001816152196
0.16839653274279012
0.16799086286994735
0.1667228091969305
0.16515171245709856
0.1635959054766602
0.16251107568489495
0.16134278916468364
0.15964727543470075
0.15704978023772265
0.1541099241546621
0.15104620396196547
0.14826760073205797
0.14530527746971003
0.14199876055986654
0.13813449611177409
0.13405102081917086
0.130218583080673
0.12708856137949623
0.12440649688148421
0.12211345498042774
0.11994801372603622
0.11841432404963213
0.11758106905672286
0.11783320752962896
0.11846383326081915
0.11908959942207001
0.11908839913248277
0.11885798102996102
0.11866216121563611
0.11901529727149589
0.11963246070859866
0.12058606074000187
0.12162220172176019
0.12340402335661332
0.1260804194959497
0.13012825249459506
0.13476375034882093
0.13972833934122944
0.14418461719087383
0.14860398258434726
0.15293488078877066
0.1574055538857422
0.1614891227124104
0.16472926284676745
0.16676488485120206
0.1679101473833908
0.16854605881206453
0.16899325636692777
0.1690856131588722
0.1683271851003955
0.1665780130950269
0.16397355139089964
0.16119737200920198
0.15854850326177133
0.15619251000455525
0.15397077585578167
0.15174302607680612
0.1497422426819197
0.14827484930818402
0.14754089085428113
0.1470661014358115
0.14617412602483543
0.14450086621532535
0.14225782393714972
0.1401173709489381
0.13841725439709143
0.1367662754389614
0.13467327830411446
0.13199509616586552
0.12913141286683336
0.1266215600870406
0.12464802770522915
0.12319587867196133
0.12160565012160184
0.11977528073487986
0.11746999108275911
0.11552593001467994
0.11401157031734864
0.11281009797662668
0.11135455456170114
0.10957016102433104
0.10761276940523377
0.10593065576259639
0.1044991341513112
0.10330733574473311
0.10207127342757251
0.10066391050228524
0.09937038406436048
0.09853746130883514
0.09840509747153617
0.09877568788296077
0.09924478767558105
0.09963700372838157
0.10003322777169558
0.10080214495138902
0.1019320577726689
0.10310801536711403
0.10372216821109127
0.1035135167030402
0.10262001222495072
0.10141761224075911
0.09992696850778332
0.09797976444338352
0.09513263851132599
0.0914299691802987
0.08694191425534688
0.08214091480224281
0.07740968902516719
0.07289212611441137
0.06847101084686488
0.06409400154599547
0.05980096119318455
0.05570774130183249
0.05196245978382594
0.04849815898375607
0.04539165048423495
0.04276515432048774
0.04076943398337721
0.039520412322738376
0.03889207282422803
0.03849009582676461
0.037913660223520246
0.03703612090302194
0.035935566979194915
0.03494627527667097
0.03427776310224479
0.034004561142809274
0.033886644541366154
0.033918056773853705
0.03399946217173818
0.03428347460360427
0.03465141618843839
0.03510556990736792
0.03540113228883513
0.03551636960159048
0.03539260473129325
0.03525616880817976
0.03517345064435282
0.03515700356613334
0.03503020950937162
0.034775704995094706
0.03446105062096999
0.03430549781104592
0.03434567501525027
0.03451056613841147
0.03460388417133926
0.03451117624526853
0.03437407589976646
0.03432634489103554
0.03449280071673784
0.034747455033734484
0.034908277013928686
0.03489636713498126
0.03474686738072642
0.034673105309412464
0.03475572662987903
0.03490849074446834
0.0349555740318063
0.034801742340011266
0.03456090359456282
0.034402738275734486
0.03437218350870831
0.03443631897820069
0.034362421255124544
0.03413747000859607
0.033857137909027106
0.03372525674612105
0.033829572839734506
0.0341023352228571
0.03440379840351931
0.0346617578293783
0.034959815097459
0.03546419477436301
0.03627013714483148
0.03723140045579567
0.038194829105540964
0.03906112561057282
0.03992114884234452
0.04100679875730389
0.04233100391374957
0.04385754665592236
0.04534159898582496
0.0466498076889021
0.04783109937052717
0.04914535744530805
0.05067577667151136
0.052372550294200806
0.053875063549621835
0.05516793684232044
0.05630769755844499
0.057633885204397876
0.05922130285204111
0.061057239593734484
0.06285098054948993
0.06454713262369026
0.06633197082340282
0.06854600893354697
0.07130319331428253
0.0745994074777035
0.07809890349445622
0.08153162811335818
0.08486492315973682
0.08846172489205142
0.09231343506475423
0.09622032265588468
0.09974772196955009
0.10260031637644654
0.10497482355521644
0.10727872673443863
0.10968609854468017
0.1121287361299821
0.11410207774116322
0.11545014047077662
0.11634794351864065
0.1172885971897958
0.1184602664869975
0.11965644022975531
0.12054913138332908
0.12097262103753488
0.12115529726450487
0.12140320532438278
0.12197411523360677
0.12264611828215334
0.12302663029716875
0.12283726087875123
0.12241509023521195
0.12199798909718614
0.1219571068308507
0.12195248998988964
0.12166628741453904
0.12082935224024514
0.11965031257482381
0.11852078560710044
0.1177469846731606
0.11709218680803414
0.11632900896461781
0.11516087072195197
0.11388671792060306
0.11288792211164185
0.11253069254785711
0.1126357353033589
0.11282954042636706
0.11313732499095774
0.11372093391137188
0.11498205483663343
0.11714169363239288
0.11986549270176666
0.12279715917362795
0.12586204876448417
0.1290112346286784
0.132296294340309
0.135604123305998
0.1387985111445993
0.14186541503423078
0.14484755358881204
0.14773337735060008
0.15098439068261044
0.1546118620844682
0.15860308808982546
0.16248927351553796
0.1662190692344116
0.16972437904893029
0.17359073253786542
0.17776610222357747
0.18237172186536588
0.18664679977218537
0.19075269452735424
0.19459703537757694
0.1989120628748611
0.20339682619426547
0.2082042528835491
0.21267963122942257
0.21724583660665983
0.2217055988569221
0.22642293741022945
0.23100995191911827
0.23607194045032276
0.24087584828289216
0.2455434550620973
0.2495817094745162
0.2538509929588882
0.2583755734793525
0.2629311393625117
0.2672417201895726
0.2710833530020494
0.2744307333632918
0.27733952785287447
