0.34675215085860517
0.3473458222513339
0.3477794620496564
0.34836898410433526
0.34870205486016614
0.34866213330010876
0.347878956187094
0.34756438352555974
0.3467914711961405
0.346626793091601
0.3450105687394545
0.3436870638777762
0.34053631990934613
0.33831303582686983
0.33465850269972813
0.33272572859236016
0.3295305812465532
0.3273725236068474
0.3240358302931197
0.32230902523848615
0.32049706405685346
0.3201372458168455
0.31900607054818625
0.31839562068864485
0.3170796139734076
0.3171177534910296
0.3172968538290275
0.3188007155008251
0.3194939717916641
0.32052875977827233
0.32038433282373396
0.3212272908166837
0.32153195539574736
0.32268833259610985
0.32237369240203245
0.32191116408979226
0.32006726223322574
0.318908701391042
0.31741925068435745
0.3166492030141429
0.314515166448797
0.31193705711183184
0.3080815376035162
0.30492128761048226
0.301405366204969
0.2985445290694619
0.2947606551937554
0.29113114192116096
0.2867746544760894
0.28310225746815043
0.27940272678913963
0.2762904707204431
0.2722460626594345
0.26790406290608076
0.26280727649660496
0.25856681366072515
0.25481933016078145
0.25213252836813543
0.24894839637636634
0.24557530085960969
0.24103909235924564
0.23658165533841716
0.2316542731022431
0.2268061302448094
0.22090071181733603
0.21466348576202432
0.20785845001189243
0.2021267581442844
0.1973969969930081
0.1940611466018368
0.19092533094454645
0.18810631271683242
0.18527545213821298
0.18308982380035935
0.18108498719019175
0.17941245095185313
0.17721995403670554
0.17499708579015497
0.17282761112739753
0.17184896599108532
0.17178390824306747
0.1726527823594988
0.17327994725957918
0.17368078582270569
0.17359242567118127
0.1740239242551408
0.17498854682985712
0.1768816735526656
0.17910442746063124
0.1821070872750103
0.1858935552980945
0.19131086513478882
0.19781517184400846
0.2051394661715463
0.21203567785216565
0.21831979565379403
0.22377083475905135
0.2294088293476588
0.23498133290299988
0.24082943694605594
0.24584859210010448
0.2504081397137185
0.25420240792953414
0.2583996421787969
0.26258212585592705
0.2671274176692225
0.27065027967631033
0.27342853906153697
0.2751792780740332
0.27722319346559376
0.2794814586684365
0.2822044734589771
0.28426103903773775
0.28584540571091144
0.2866704627516039
0.2879909905356547
0.28943799856416486
0.29148241609395104
0.2928141697512212
0.29371955576826914
0.2940542898273421
0.29502505067709456
0.2963545963488052
0.2982015026084148
0.2993059502409456
0.2999045413046997
0.29974913861974795
0.30001476090312923
0.3006081395394683
0.3016413419432986
0.30213848788842645
0.30193234451732837
0.3011917995364814
0.30087584938751327
0.3011614223699554
0.3017962919833707
0.30176409000685744
0.3010318768218774
0.29982300718172017
0.2991261905335329
0.2990772487060392
0.2994950714069381
0.299493954750083
0.2988803580684167
0.2979587415390726
0.29755459492860137
0.2979178570456837
0.2983632323990235
0.29830574556497574
0.29722362066698454
0.2959227892798608
0.29478576426483644
0.29437935061905546
0.29401647736490927
0.2933066587479683
0.2915541981758812
0.28950051948465516
0.28802645228452506
0.28659385170551327
0.2848297720302005
0.2817763613873839
0.2777587194002345
0.27284000132637454
0.26732934176609224
0.2617138496187211
0.25541262247933194
0.2476579730418643
0.23859667273193352
0.22838043307647418
0.21822379611915485
0.20824216641503865
0.1984603913370627
0.18825852280071392
0.17796608213389806
0.16834040816617846
0.16086706451778682
0.1565145800969058
0.15482419909219317
0.1541121106433749
0.15313706693083848
0.15150619359581066
0.15003299846314774
0.14892341428089315
0.14808141034725608
0.14668073309454355
0.14477357596091459
0.14255242810951851
0.14079895233113346
0.139673079720179
0.13925860588019368
0.13924674827081943
0.1393966297571526
0.13985399815022007
0.14056065973211082
0.14163256009109043
0.14234496478817496
0.14223822806947947
0.14077761148173992
0.13849785245569562
0.13593875959905125
0.13369186807277528
0.1315187104559791
0.12938879568245476
0.12727648664853242
0.12577857978528692
0.12513963289377694
0.12582121546318212
0.1274018484634411
0.1296969305824859
0.1322324627852094
0.13522146051254905
0.13876633811806585
0.14294890414198483
0.14730995723393459
0.151282957599384
0.1544834938455818
0.15724479829501323
0.1599412956200927
0.16286320752129213
0.16561555456720212
0.16786512669710835
0.1691566956793451
0.16981547000026334
0.17029578420939914
0.17081230789439922
0.17100878471973702
0.17061916838419394
0.1693376826636324
0.1677628983950019
0.16619099284827563
0.16511122581139145
0.16394119828494957
0.1622314335089164
0.1596020888114636
0.1566390711890883
0.15354114978192723
0.15074886362677256
0.14776173680632576
0.14443448013501384
0.14052961364640063
0.13639043404851392
0.1325023867418416
0.1293459721924907
0.12664070073094685
0.12432069676620307
0.12212453719176888
0.12058455574552941
0.11975881735082808
0.12002580372856744
0.12065967510451443
0.12129658987250166
0.1212794379226192
0.12104478940600485
0.12084634321409539
0.12120216149371221
0.12182909860751501
0.12278500101926156
0.12382046776528188
0.12563165047548705
0.12834653883086533
0.13245017887834376
0.13712222185423192
0.14212726971487435
0.14662100548797727
0.15107478084945092
0.1554370551492431
0.1599487478350793
0.16406585291293418
0.16732620420946412
0.16937962459240766
0.17051762461975362
0.17115678614028684
0.171600696491234
0.17169525640341138
0.17092814534028827
0.16914905173394243
0.16651676560399215
0.1637230985815609
0.16106522905302081
0.15870252288362233
0.1564591444733148
0.15420340700594973
0.1521704770319967
0.15068453595648643
0.14993786777046356
0.1494674844351552
0.14856263843191433
0.1468766385827509
0.1446049483852688
0.1424403080337316
0.14073545865971682
0.13906439210402044
0.136972020814038
0.13426420233482952
0.1313727706006965
0.1288140061635033
0.1267981200839757
0.12532976904703977
0.12371173981523848
0.12186387046792373
0.11952219809329984
0.11754555523345162
0.11601117821955274
0.11479697659278515
0.11332917239692711
0.11153500330760711
0.10955606887139088
0.10784528591079993
0.1063710908880647
0.10515766841561
0.10390359129826468
0.10247330434981515
0.10115567283734234
0.10032348881415228
0.10018304252669495
0.10055343064273745
0.10099487389359194
0.10140055970879334
0.10179235732968454
0.10257768933444827
0.10370273076115348
0.1048961020055162
0.10550940855956335
0.1053047428406095
0.10437710492475541
0.10315550150608555
0.10162194800835754
0.09964654580947133
0.09675272672001745
0.09298345018145665
0.08841669837540586
0.08353203110522009
0.07871349383791965
0.07409431566041978
0.06956437066058128
0.06507374017975952
0.06066867317431187
0.056453612304040626
0.05259602441219572
0.04903031925512516
0.04582987638757793
0.04312931041445834
0.04106588336368746
0.03977608336111199
0.03913387435214577
0.03872173449748635
0.03813465815473297
0.03722601620517924
0.03610506615369667
0.03509139992624892
0.0344004825937914
0.03411832810985454
0.0339978815821392
0.03403971259128359
0.03412693498502598
0.0344180495331457
0.03479332215958543
0.03525023095152025
0.035553382485050807
0.03566932709339856
0.03555008272937314
0.0354117284569532
0.035325989681967894
0.03530545191684298
0.035171813043947495
0.03491313343187594
0.034582494954203145
0.03441912796312143
0.034461625070914124
0.03462520074515796
0.034709758337237884
0.03462198389703598
0.03449556709522435
0.034452675786179776
0.0346156908671278
0.03485962950982258
0.03502905196938375
0.035002250868349384
0.03487145235544998
0.0347959053546177
0.034891563355572155
0.03503456758033279
0.03508495956702029
0.03493033974747731
0.03468544746807154
0.03452342464941983
0.03449078948712493
0.03456546461390377
0.034491096749109475
0.03425572100588244
0.033942143840152
0.033805232947947884
0.033909434970489635
0.0342092522492073
0.03452046372794898
0.03479017474222028
0.03508518311046245
0.03559616226143332
0.0364127700455907
0.03739526408285376
0.038379049578464025
0.03927037547334291
0.040168847226704836
0.041293758166789214
0.04266208085023815
0.04424697446879174
0.04577961229554834
0.04713822440449868
0.04835719546613009
0.04972085788094321
0.05131377901325358
0.05305696828925733
0.054613192925499175
0.055942087292341854
0.05714282706142471
0.05851057455219865
0.060145876489960434
0.06201735427578104
0.0638756421657353
0.06562195736389302
0.0674694672251008
0.06975429829520999
0.07258813467595893
0.07596390061974767
0.07953180640738443
0.08305024432997317
0.08645492001799505
0.0901336495286392
0.0940539120677593
0.09804645558343858
0.10164612368512149
0.10455229155882943
0.1069703038105132
0.10928992526315459
0.11173602105292922
0.11421299982328754
0.11622153732021058
0.11758677671600672
0.11849110175936745
0.11943510020534005
0.12062410439893012
0.12183022346521244
0.1227388814443027
0.12316252937748745
0.1233530589804854
0.12360756727036287
0.12418745266576582
0.12484501326993852
0.12521926992204288
0.12503991459856195
0.12461201691411829
0.12419670749718947
0.12415546282844683
0.12414808560002995
0.12386109598764437
0.12299177189708836
0.1218240003541241
0.1206839434043329
0.11991180964072967
0.11925813211740764
0.1184794727515836
0.11729479018310333
0.11599139932891676
0.11497337236223243
0.11462761870998743
0.11472585806192546
0.11495419785556925
0.11526027982848382
0.1158742056706496
0.1171245806592495
0.11930635533750321
0.12206259053226146
0.12507180417187813
0.12820220506391358
0.13135895485068572
0.1346377525748866
0.13797301168751114
0.14120447596384553
0.14430746772793684
0.14726492568230104
0.15020785575985346
0.15344121115700116
0.15711039616442865
0.16108142101918732
0.16491612309797615
0.1686470624270656
0.17213648760280098
0.17607734929040184
0.180219054142608
0.1848359224332973
0.18924821318274015
0.1934533434092255
0.1974065483401361
0.2016532626379159
0.2061476417113275
0.21095927513938653
0.21549809971355346
0.2200639622021268
0.22451703197924616
0.22925663996883824
0.23390937482183502
0.23901986052893393
0.24382295976223284
0.24850007044542521
0.25251083339753627
0.2567473256421925
0.26128998939371284
0.2657261916255151
0.2702404556528475
0.2740955553098087
0.2776157101645515
0.28029408111543613
