0.8384970636591657
0.8554127761953167
0.8721327137844389
0.8864868426515482
0.9035100019176594
0.9173417387457522
0.9338162983026074
0.9476880485037563
0.9643380018293913
0.9770451516578738
0.9887202591082096
0.9952018313061151
0.9989244908479044
0.9998533565546145
1.0
1.0
1.0
1.0
1.0
1.0
1.0
1.0
1.0
1.0
1.0
1.0
1.0
1.0
1.0
1.0
1.0
1.0
1.0
1.0
1.0
1.0
1.0
1.0
1.0
1.0
1.0
1.0
1.0
1.0
1.0
1.0
1.0
1.0
1.0
1.0
1.0
1.0
1.0
1.0
1.0
1.0
1.0
1.0
1.0
1.0
1.0
1.0
1.0
1.0
1.0
1.0
1.0
1.0
1.0
1.0
1.0
1.0
1.0
1.0
1.0
1.0
1.0
1.0
1.0
1.0
1.0
1.0
1.0
1.0
1.0
1.0
1.0
1.0
1.0
1.0
1.0
1.0
1.0
1.0
1.0
1.0
1.0
1.0
1.0
1.0
1.0
1.0
1.0
1.0
1.0
1.0
1.0
1.0
1.0
1.0
1.0
1.0
1.0
1.0
1.0
1.0
1.0
1.0
1.0
1.0
1.0
1.0
1.0
1.0
1.0
1.0
1.0
1.0
1.0
1.0
1.0
1.0
1.0000006994527202
1.0000006993710766
1.000000699481097
1.0
1.0
1.0
1.0
1.0
1.0
1.0
1.0
1.0
1.0
1.0
1.0
1.0
1.0
1.0
1.0
1.0
1.0
1.0
1.0
1.0
1.0
1.0003121989847064
1.0003123008976815
1.0003122898620902
1.0
1.0
1.0
1.0
1.0
1.0
1.0
1.0
1.0
1.0
1.0
1.0
1.0
1.0
1.0
1.0
1.0
1.0
1.0
1.0
1.0
1.0
1.0
1.0
1.0
1.0
1.0
1.0
1.0
1.0
1.0
1.0
1.0
1.0
1.0
1.0
1.0
1.0
1.0
1.0
1.0
1.0
1.0
1.0
1.0
1.0
1.0
1.0
1.0
1.0
1.0
1.0
1.0
1.0
1.0
1.0
1.0
1.0
1.0
1.0
1.0
1.0
1.0
1.0
1.0
1.0
1.0
1.0
1.0
1.0
1.0
1.0
1.0
1.0
1.0
1.0
1.0
1.0
1.0
1.0
1.0
1.0
1.0
1.0
1.0
1.0
1.0
1.0
1.0
1.0
1.0
1.0
1.0
1.0
1.0
1.0
1.0
1.0
1.0
1.0
1.0
1.0
1.0
1.0
1.0
1.0
1.0
1.0
1.0
1.0
1.0
1.0
1.0
1.0
1.0
1.0
1.0
1.0
1.0
1.0
1.0
1.0
1.0
1.0
1.0
1.0
1.0
1.0
1.0
1.0
1.0
1.0
1.0
1.0
1.0
0.9998030909234916
0.9965797180322202
0.9765190598489252
0.941744930822077
0.9041011742692664
0.8873566319419351
0.8892659295807456
0.8931854349181638
0.9003551936226292
0.9015114337843251
0.9028662190435365
0.8969218977944201
0.888990837333071
0.8944238914961017
0.8960362041033288
0.896014502992963
0.8954979395892607
0.8950579160814601
0.9011246239820626
0.901964080603075
0.90983613580911
0.9224704187938509
0.9370931584921688
0.9493182465421246
0.9609630628639217
0.9707138307651143
0.9802826206096533
0.9851209535115412
0.9864395659975462
0.9845884258194291
0.9804398292558374
0.9703406757685922
0.9540070935481957
0.9280831055681966
0.8940909036539957
0.8523600199333135
0.8080656703583883
0.7607789530673799
0.7150064315331581
0.6692757579932122
0.6249879199126674
0.581845227217011
0.5403224540010336
0.49979922291098344
0.46320661821798376
0.43070764248113674
0.40422663191823593
0.38371599848479937
0.37112744883923815
0.3642502485956172
0.35947559947888635
0.35256317508177837
0.3435879373996989
0.3325244672743102
0.32248841215312046
0.314885674503782
0.3110072606882098
0.3089513607011053
0.30909120169834436
0.30978773185199615
0.3124861889506148
0.31594357256677125
0.32032193613557863
0.3227200196039265
0.3233613429740497
0.3218117706777131
0.3203114917959422
0.31880623047379897
0.3177672019166107
0.3157347920713443
0.31323840518557305
0.31026242022835754
0.30884145081170356
0.3084142770186999
0.30907122984512575
0.308994662161382
0.3076393849545378
0.30629859119379643
0.3058281824238343
0.30676577350053463
0.30815603727437263
0.3085897261611465
0.3082484685261454
0.3066441129837534
0.30579113857986406
0.3054649812020696
0.30600951182598063
0.30535501299040047
0.30389349036255764
0.3012513639326453
0.299625581201052
0.29816946119795307
0.2981708887412037
0.29692924991524844
0.29511114742671246
0.29225399406884905
0.2911617371443251
0.29168043892478157
0.2939146687162944
0.29634567372309506
0.2987846031308766
0.3016881932736501
0.3065471347746109
0.3135171473417294
0.3219287708017437
0.33019502819583607
0.3386376488180085
0.3471900749606706
0.3574640707276354
0.36936511422743223
0.38319778514748226
0.3965121646730011
0.4093917787301118
0.4209859150199721
0.4340656255938844
0.4472911133254767
0.46201845096300626
0.4746527633718487
0.48759659808915784
0.4983846292318652
0.5113747045389354
0.5246387487062509
0.5409730454513167
0.5562433356303131
0.5730751590791785
0.5895728637987557
0.6114108921328891
0.6350631154879609
0.6646263795378202
0.6935766793952046
0.7258996450366086
0.7557576331215901
0.7882566736612792
0.8183300161380754
0.8494076560552363
0.8750632248643007
0.9000930449755153
0.919295661306382
0.939026071770587
0.9534267837659314
0.9678893674570647
0.9761683137432701
0.9833187197140463
0.985961311761364
0.9893832409520338
0.9909090098277995
0.9929951270814189
0.9931278221374474
0.9938048098229999
0.9931638542435102
0.9933935371604788
0.9927142802129478
0.9928269593742314
0.991355138756617
0.9900294360370903
0.9865160727770359
0.9841314071866394
0.9788186269556056
0.9748958387754258
0.9652703053300713
0.9560281547338735
0.9398925418217036
0.9257780839583102
0.9059110796871176
0.8879570731180624
0.8631692966376985
0.8388730913355319
0.8074006665414846
0.7778625213497874
0.7428577861085045
0.7090711998542307
0.6688935530569238
0.6295030847939483
0.5863020637487629
0.54760866052533
0.5082212013729825
0.47456329914591217
0.4391315348916771
0.40846814219174743
0.3765273097154932
0.3507510287124278
0.3250070406912842
0.30527642192821375
0.2850333852196395
0.26826390411266776
0.25108609246456554
0.23777176023630267
0.2258459973683329
0.21696078543991004
0.2074278360840112
0.19914615266928784
0.19006544622098132
0.18324336250089057
0.17669027306682053
0.17355860028605535
0.1727143022919992
0.1750034577821864
0.1781335113835063
0.18145195100452308
0.18563079913157876
0.19023139732867558
0.19489240262480345
0.1991384322165214
0.20328816396009783
0.20773514697126313
0.21267675916351117
0.21796879125258706
0.2230074025775151
0.22760111860446974
0.2318009260971728
0.23616108871147598
0.2410380982310951
0.24593166254326765
0.2505243665392858
0.25450132392881547
0.25808378922784
0.26147058468302
