0.8384454165782315
0.8553333476479289
0.8720265922034686
0.8864130955328625
0.9034194098671791
0.9172685956814451
0.9337260701636918
0.9475833254997686
0.9641878633258363
0.976929736433883
0.9886045945308742
0.9951816464294069
0.9989090895121442
0.9998769647873081
1.0
1.0
1.0
1.0
1.0
1.0
1.0
1.0
1.0
1.0
1.0
1.0
1.0
1.0
1.0
1.0
1.0
1.0
1.0
1.0
1.0
1.0
1.0
1.0
1.0
1.0
1.0
1.0
1.0
1.0
1.0
1.0
1.0
1.0
1.0
1.0
1.0
1.0
1.0
1.0
1.0
1.0
1.0
1.0
1.0
1.0
1.0
1.0
1.0
1.0
1.0
1.0
1.0
1.0
1.0
1.0
1.0
1.0
1.0
1.0
1.0
1.0
1.0
1.0
1.0
1.0
1.0
1.0
1.0
1.0
1.0
1.0
1.0
1.0
1.0
1.0
1.0
1.0
1.0
1.0
1.0
1.0
1.0
1.0
1.0
1.0
1.0
1.0
1.0
1.0
1.0
1.0
1.0
1.0
1.0
1.0
1.0
1.0
1.0
1.0
1.0
1.0
1.0
1.0
1.0
1.0
1.0
1.0
1.0
1.0
1.0
1.0
1.0
1.0
1.0
1.0
1.0
1.0
0.9999992306020077
0.9999992306918156
0.9999992305707932
1.0
1.0
1.0
1.0
1.0
1.0
1.0
1.0
1.0
1.0
1.0
1.0
1.0
1.0
1.0
1.0
1.0
1.0
1.0
1.0
1.0
1.0
1.0003121989847064
1.0003123008976815
1.0003122898620902
1.0
1.0
1.0
1.0
1.0
1.0
1.0
1.0
1.0
1.0
1.0
1.0
1.0
1.0
1.0
1.0
1.0
1.0
1.0
1.0
1.0
1.0
1.0
1.0
1.0
1.0
1.0
1.0
1.0
1.0
1.0
1.0
1.0
1.0
1.0
1.0
1.0
1.0
1.0
1.0
1.0
1.0
1.0
1.0
1.0
1.0
1.0
1.0
1.0
1.0
1.0
1.0
1.0
1.0
1.0
1.0
1.0
1.0
1.0
1.0
1.0
1.0
1.0
1.0
1.0
1.0
1.0
1.0
1.0
1.0
1.0
1.0
1.0
1.0
1.0
1.0
1.0
1.0
1.0
1.0
1.0
1.0
1.0
1.0
1.0
1.0
1.0
1.0
1.0
1.0
1.0
1.0
1.0
1.0
1.0
1.0
1.0
1.0
1.0
1.0
1.0
1.0
1.0
1.0
1.0
1.0
1.0
1.0
1.0
1.0
1.0
1.0
1.0
1.0
1.0
1.0
1.0
1.0
1.0
1.0
1.0
1.0
1.0
1.0
1.0
1.0
1.0
1.0
1.0
1.0
1.0
1.0
1.0
1.0
1.0
0.9998396682443988
0.9966304678955524
0.976583093594394
0.9417830164768894
0.9041344635607269
0.8873970863784741
0.8892991800524583
0.8932276367975497
0.9004100281768476
0.9015681209004347
0.9029455202890734
0.8969987544535692
0.8890816468218623
0.8944910450399519
0.8961050665746915
0.8961000891747153
0.8956064853281409
0.8951892410991279
0.9012800722986798
0.9021261761632864
0.9099767326258092
0.9225714701052512
0.9372184824219985
0.9494580159170596
0.9610888704528091
0.9707345382105006
0.9802580322521598
0.9850967123330125
0.9864657328932958
0.9845451897099735
0.980373194077353
0.9703082135332256
0.954077020183646
0.9281614952996944
0.894127521742996
0.8523647762858338
0.8080943470042716
0.760815850881071
0.7150459892132399
0.6692929692504099
0.6249868356341082
0.5818466612692671
0.5403147944287978
0.4997975437925457
0.4631950031846882
0.43069735614595245
0.40419888998690506
0.3836667159841444
0.371072403517599
0.3641879532220157
0.3594194220539278
0.35249915727377323
0.3435008738016118
0.33242432817084705
0.3223817844827818
0.3148076912854908
0.310919153774895
0.30888906083636
0.3090134285503371
0.30973134500436145
0.31241347436581807
0.31588737078004414
0.3202538398836425
0.3226307582205378
0.3232627022881735
0.3217297001925998
0.32024453545857545
0.3187201061756577
0.31766247864523195
0.31561193703217477
0.31310431145615475
0.3101490609631159
0.30873544886317017
0.30831784206199686
0.30896286457062055
0.3088977854809529
0.30756148744164064
0.3062195398878198
0.3057593260595041
0.3066840659069678
0.30807202170218057
0.30849730167373673
0.30814359689612153
0.3065402789369295
0.30568500863673936
0.30536377247116225
0.3058903026862772
0.3052408620283243
0.30378774469645076
0.3011446103520542
0.29950881029329784
0.2980553727626277
0.29806139589318553
0.2968274781631546
0.2950072258874396
0.29214650664834
0.2910390438259274
0.2915521854999321
0.29378741812003023
0.296217221913116
0.2986690046131679
0.30158542550107775
0.3064468755869508
0.3134153589333862
0.321817747251004
0.330109522657988
0.3385717123058099
0.34714001909468634
0.357396090285301
0.36929498143369827
0.3831421304890107
0.3964909975241083
0.4093580883274893
0.42095107372069107
0.43402760300230864
0.44727957005006963
0.4620256571952638
0.47467536197469545
0.4876091912809635
0.4983966278496806
0.511392575767188
0.5246687907574284
0.5410081266257613
0.556267335145285
0.5731061151408791
0.5896201835973213
0.6114465572242547
0.6351210287493531
0.66467855799177
0.6936581501561744
0.7259740052606186
0.7558105199446286
0.7882876880474438
0.8183279873794423
0.849414161850833
0.8750562625634105
0.9000892328035368
0.9193015717136997
0.9390605518100185
0.9534756009647203
0.9678314869570399
0.9760341199797161
0.9831696572998433
0.9859053546768105
0.9893658953065092
0.9908935853045212
0.9929101440752224
0.9930148693016054
0.9936539063659262
0.9930720396717297
0.9933019497556183
0.9926621649068889
0.9927508580373274
0.9913212421412934
0.9900029602516267
0.9864556014032011
0.9840080238009308
0.9786610979613539
0.9747941131607065
0.9651961589075351
0.9559792261697523
0.9398581348401912
0.9258137459722027
0.9059702735581989
0.8880179470864308
0.8631979053915507
0.838859209567217
0.807344964066134
0.7777617495137227
0.7427373862340924
0.7089340079841125
0.6687779063634455
0.6293762525946602
0.5861539744760206
0.5474278267720248
0.5080134553460991
0.4743671567047762
0.4389168024728675
0.4082634523810064
0.3763243355696698
0.3505661367828609
0.3248177173408315
0.3050816602081407
0.2848265175626903
0.2680730754886115
0.2509050450460642
0.23761917875557534
0.22570688209607048
0.21683365940004537
0.20730338302795542
0.1990336160281219
0.18995412638274933
0.1831391049790175
0.17657214739863303
0.17343673614975225
0.17259026399574495
0.1748885315501551
0.1780144887135252
0.18132060954073356
0.1854745919502134
0.19007144295139553
0.194730141279621
0.19896890709187287
0.20311008212426765
0.20754486465499228
0.21249619290568839
0.217774613221598
0.2227933696236335
0.2273714729146925
0.23157033309539493
0.23591755630774627
0.2407941127972144
0.24568947892640938
0.2502814219264459
0.2542820875809116
0.257840414722026
0.26118675797432295
