0.8380400969917516
0.854921192042691
0.8716145722844583
0.8859828690890523
0.9030112916320501
0.916836231142836
0.9332931217525375
0.9471335648157524
0.9638156776937384
0.9766713879234188
0.9885148078073447
0.9951645346827165
0.9989143979090501
0.999867989468074
1.0
1.0
1.0
1.0
1.0
1.0
1.0
1.0
1.0
1.0
1.0
1.0
1.0
1.0
1.0
1.0
1.0
1.0
1.0
1.0
1.0
1.0
1.0
1.0
1.0
1.0
1.0
1.0
1.0
1.0
1.0
1.0
1.0
1.0
1.0
1.0
1.0
1.0
1.0
1.0
1.0
1.0
1.0
1.0
1.0
1.0
1.0
1.0
1.0
1.0
1.0
1.0
1.0
1.0
1.0
1.0
1.0
1.0
1.0
1.0
1.0
1.0
1.0
1.0
1.0
1.0
1.0
1.0
1.0
1.0
1.0
1.0
1.0
1.0
1.0
1.0
1.0
1.0
1.0
1.0
1.0
1.0
1.0
1.0
1.0
1.0
1.0
1.0
1.0
1.0
1.0
1.0
1.0
1.0
1.0
1.0
1.0
1.0
1.0
1.0
1.0
1.0
1.0
1.0
1.0
1.0
1.0
1.0
1.0
1.0
1.0
1.0
1.0
1.0
1.0
1.0
1.0
1.0
0.9999996153010038
0.9999996153459079
0.9999996152853966
1.0
1.0
1.0
1.0
1.0
1.0
1.0
1.0
1.0
1.0
1.0
1.0
1.0
1.0
1.0
1.0
1.0
1.0
1.0
1.0
1.0
1.0
1.0003121989847064
1.0003123008976815
1.0003122898620902
1.0
1.0
1.0
1.0
1.0
1.0
1.0
1.0
1.0
1.0
1.0
1.0
1.0
1.0
1.0
1.0
1.0
1.0
1.0
1.0
1.0
1.0
1.0
1.0
1.0
1.0
1.0
1.0
1.0
1.0
1.0
1.0
1.0
1.0
1.0
1.0
1.0
1.0
1.0
1.0
1.0
1.0
1.0
1.0
1.0
1.0
1.0
1.0
1.0
1.0
1.0
1.0
1.0
1.0
1.0
1.0
1.0
1.0
1.0
1.0
1.0
1.0
1.0
1.0
1.0
1.0
1.0
1.0
1.0
1.0
1.0
1.0
1.0
1.0
1.0
1.0
1.0
1.0
1.0
1.0
1.0
1.0
1.0
1.0
1.0
1.0
1.0
1.0
1.0
1.0
1.0
1.0
1.0
1.0
1.0
1.0
1.0
1.0
1.0
1.0
1.0
1.0
1.0
1.0
1.0
1.0
1.0
1.0
1.0
1.0
1.0
1.0
1.0
1.0
1.0
1.0
1.0
1.0
1.0
1.0
1.0
1.0
1.0
1.0
1.0
1.0
1.0
1.0
1.0
1.0
1.0
1.0
1.0
1.0
1.0
0.9998259954600061
0.9963718919206286
0.9757024285051514
0.9403254095702993
0.9023225749826432
0.8855934898357096
0.8874521530606974
0.8913625724643333
0.8984970436201882
0.8996486273062709
0.900989737586654
0.8950382103126185
0.8871160777098447
0.8925135830283968
0.8940926316700989
0.8940607107171669
0.8935254425057281
0.8931089548938262
0.8991498883027785
0.8999695183408242
0.9078015389895431
0.9203881111890417
0.9349902138555103
0.9471575575112856
0.9589110386103735
0.9688600946575102
0.9787161009006855
0.983720806826176
0.9851379728288973
0.9831562821647272
0.9787902500526171
0.968332004993587
0.9518024630966465
0.9257152179759235
0.8917304883468095
0.850021048608559
0.8057736369789126
0.758511958389059
0.7127862348786747
0.6671389384334441
0.6229438799453202
0.5799510190707615
0.5385994699506061
0.4983046675749532
0.4618920203531768
0.4295893359114014
0.403227397637521
0.38282838881899345
0.37029995049068515
0.3634667469849091
0.3587244800230138
0.3518485194535075
0.3429122763066298
0.3319263608582371
0.3219742632487853
0.31447379721901364
0.31063556074069265
0.3086239103732668
0.30873630704544947
0.3094182091110442
0.31205728132513877
0.31550119770658946
0.3198433737240522
0.322201345209621
0.32282578001608975
0.3213028007340167
0.3198260758412406
0.31832621519390736
0.31727796865115515
0.31525701470090667
0.31278103854509204
0.30983937786084814
0.3084220594006803
0.3079967070103143
0.3086430156132045
0.30861779123267796
0.30728305717551524
0.3059632527555677
0.3054848098279191
0.3064131996378845
0.3077801008172877
0.3081920419927615
0.30782128628937067
0.3062132139298918
0.3053561631721126
0.30505105357974144
0.3055924547330578
0.30495956019379994
0.3035101404601878
0.30087972016010933
0.29925190730187473
0.29780037007042737
0.29779738869702177
0.2965670488325985
0.2947488386741753
0.29191047504612905
0.2907986936309368
0.29132768952959476
0.293553833875431
0.295972110246294
0.29838320870145896
0.3012571842560753
0.30607661249698076
0.31299851616286245
0.32132142930473956
0.3295415265831259
0.3379251846904442
0.3464387822355753
0.3566200152046791
0.36844250945559703
0.3822031374045655
0.3954651780108239
0.40823699907304156
0.4197597531500942
0.43275946037582486
0.4459752848679237
0.4606416758030147
0.4732385665937096
0.486095699512451
0.49684041061718853
0.5097749323393901
0.5230055662779762
0.5392824686150278
0.5544935400897381
0.5712643868733985
0.5877370794479134
0.6095049426571767
0.6331436895510663
0.6626513970781044
0.6916029111612247
0.7238850286007049
0.7537089682900122
0.786179199305054
0.8162315801395863
0.8472848429338299
0.8729358395983837
0.8979324178151682
0.9171817289375294
0.9369061438289735
0.9514329718704181
0.9660665688701883
0.9746056925924795
0.9820157001684033
0.9848448979781688
0.9885106780458296
0.9901645404899856
0.9924017148801259
0.9925407752216528
0.9932624316733452
0.9925951285531672
0.9928500975760811
0.9921268112998157
0.9922314734075666
0.9906496064197182
0.9892405135896672
0.9855040428908167
0.9829872876304117
0.9774526180409685
0.9734328293072154
0.9635532560527085
0.9542096139557272
0.9379868006566839
0.9239341830262657
0.9040875728044403
0.8861295953290191
0.8613523609758831
0.8370419916847861
0.8055926264329051
0.7760320601943768
0.7410532562834732
0.7072889289096895
0.6671916798147194
0.6278849170267877
0.5847573647419568
0.5461245031307893
0.5068068094018601
0.4732309073522073
0.43789739996984095
0.4073147662894082
0.37547031425399635
0.34974186040613914
0.32407830505974256
0.3043976889021029
0.2842291754156702
0.26751319743732244
0.2503987407898891
0.23716283062069807
0.2252863586965081
0.21644390164585453
0.2069500676460326
0.19870061368422523
0.1896554932011645
0.1828543601301925
0.17632060674704914
0.173192480022094
0.17234652820100566
0.17464419543886586
0.17777139296290886
0.1810752532156219
0.1852264853510798
0.18982539079835034
0.19449651742348711
0.1987589288042249
0.20289171925202948
0.20733153589118206
0.21224184871310753
0.2175134651371113
0.22253983414793044
0.2271435913070315
0.23138184495912936
0.2357226087537061
0.24061005729077278
0.24546877818508547
0.25005909213933064
0.25401413204458506
0.2575800188359532
0.2609331255963381
