0.8404966333017446
0.8573516357654707
0.8740480005475443
0.8884645364527434
0.9055444465239562
0.9194212362141474
0.9359033827032099
0.94982133885375
0.9664686833747291
0.9790696848486908
0.9903139647201386
0.9961765722726842
0.999306101722854
0.9999198507484734
1.0
1.0
1.0
1.0
1.0
1.0
1.0
1.0
1.0
1.0
1.0
1.0
1.0
1.0
1.0
1.0
1.0
1.0
1.0
1.0
1.0
1.0
1.0
1.0
1.0
1.0
1.0
1.0
1.0
1.0
1.0
1.0
1.0
1.0
1.0
1.0
1.0
1.0
1.0
1.0
1.0
1.0
1.0
1.0
1.0
1.0
1.0
1.0
1.0
1.0
1.0
1.0
1.0
1.0
1.0
1.0
1.0
1.0
1.0
1.0
1.0
1.0
1.0
1.0
1.0
1.0
1.0
1.0
1.0
1.0
1.0
1.0
1.0
1.0
1.0
1.0
1.0
1.0
1.0
1.0
1.0
1.0
1.0
1.0
1.0
1.0
1.0
1.0
1.0
1.0
1.0
1.0
1.0
1.0
1.0
1.0
1.0
1.0
1.0
1.0
1.0
1.0
1.0
1.0
1.0
1.0
1.0
1.0
1.0
1.0
1.0
1.0
1.0
1.0
1.0
1.0
1.0
1.0
1.0000011890696243
1.00000118893083
1.0000011891178648
1.0
1.0
1.0
1.0
1.0
1.0
1.0
1.0
1.0
1.0
1.0
1.0
1.0
1.0
1.0
1.0
1.0
1.0
1.0
1.0
1.0
1.0
1.0003121989847064
1.0003123008976815
1.0003122898620902
1.0
1.0
1.0
1.0
1.0
1.0
1.0
1.0
1.0
1.0
1.0
1.0
1.0
1.0
1.0
1.0
1.0
1.0
1.0
1.0
1.0
1.0
1.0
1.0
1.0
1.0
1.0
1.0
1.0
1.0
1.0
1.0
1.0
1.0
1.0
1.0
1.0
1.0
1.0
1.0
1.0
1.0
1.0
1.0
1.0
1.0
1.0
1.0
1.0
1.0
1.0
1.0
1.0
1.0
1.0
1.0
1.0
1.0
1.0
1.0
1.0
1.0
1.0
1.0
1.0
1.0
1.0
1.0
1.0
1.0
1.0
1.0
1.0
1.0
1.0
1.0
1.0
1.0
1.0
1.0
1.0
1.0
1.0
1.0
1.0
1.0
1.0
1.0
1.0
1.0
1.0
1.0
1.0
1.0
1.0
1.0
1.0
1.0
1.0
1.0
1.0
1.0
1.0
1.0
1.0
1.0
1.0
1.0
1.0
1.0
1.0
1.0
1.0
1.0
1.0
1.0
1.0
1.0
1.0
1.0
1.0
1.0
1.0
1.0
1.0
1.0
1.0
1.0
1.0
1.0
1.0
1.0
1.0
1.0
1.0
0.9998725388769538
0.9971082021362507
0.9774943941620805
0.9430575044775124
0.905357949925143
0.8885597056259675
0.8904522476724497
0.8943398154068116
0.9015114403484678
0.9026421686469331
0.9040103877638599
0.8980469142418505
0.8901139797204263
0.8955320648728414
0.8971454879360747
0.8971135876580177
0.896601651126162
0.8961428251022506
0.9022248973088136
0.903017404481825
0.9108636117496551
0.9234658913872944
0.9381445783444379
0.9503813472382644
0.9620687496327551
0.9717934861862277
0.9813528262463193
0.9861573775788127
0.9874709544833493
0.9856046143143142
0.9814037132339527
0.9711909904423903
0.9547597406159086
0.9286865770754708
0.8946154481609921
0.8527926381735269
0.8084848739610704
0.7611366695019112
0.715298060124246
0.669482537955195
0.6251500370456009
0.5820030429189806
0.5404766247517852
0.49997119262430445
0.463395852299598
0.4309266644479903
0.40445143601752076
0.3839371576413934
0.3713549042216649
0.36445899581047
0.35969205396558745
0.35277730240571215
0.34380442458674604
0.33275111812671665
0.3227419894694946
0.3151950895331274
0.31132509614723747
0.3092775867194177
0.30939498228500495
0.31009366198190597
0.3127761029445454
0.31624657958618907
0.3206132076230588
0.3229965480118687
0.32361091790090235
0.3220787271448479
0.32059729810539095
0.3190855222676086
0.31803590070443005
0.3159943198434395
0.313512048727297
0.3105640237285671
0.309146971439347
0.30871834269828574
0.30933721097725536
0.3092787847766815
0.307951324792893
0.3066343143950189
0.306159909936295
0.3070806065697523
0.30845691235846684
0.3088925370479814
0.3085223660788759
0.30692221616339027
0.30606826536709986
0.30577109040097433
0.30631169720094975
0.3056454455025534
0.3041970850155976
0.30156714746002905
0.299947496806286
0.2984826273076722
0.2984709621119066
0.2972330957959416
0.2954100399050317
0.2925501528678889
0.2914468207356185
0.2919633941075912
0.2941898070313615
0.29660740609537606
0.29903692618889505
0.3019343392285821
0.30677716788811876
0.3137243969360359
0.32210538009843037
0.33037898405426674
0.338832974804277
0.34740009272403183
0.35766066848833744
0.3695662781659683
0.38342362202686137
0.39676078245817836
0.4096213842466335
0.4212022039290631
0.4342866253487839
0.4475462896712207
0.4622970453013495
0.47495042825052036
0.4878976803165789
0.49868221594251805
0.5116880630617241
0.5249756813267913
0.5413205694286697
0.5565915035209844
0.5734463170121785
0.5900215100485675
0.6118991542268345
0.6356146903422327
0.6652062877974669
0.6942307192482946
0.7266198479399878
0.7565485219811914
0.7890987474628609
0.8191763582740179
0.8502932137591426
0.8759897006927843
0.901091484293292
0.9203815325301477
0.9402153883436836
0.95470655670581
0.9691990055745392
0.9774684579080118
0.9846216343354184
0.9872732955550731
0.9906675181420235
0.992167315155363
0.9941842246919906
0.9942981730289823
0.994938841434249
0.9943492240864211
0.9945795223641646
0.9939404239506694
0.9940262548912857
0.9926237606877968
0.9913334646513636
0.9878559911130512
0.985460304638439
0.9801569065711445
0.9762759360977102
0.9666279543064977
0.9573546119543426
0.9411496904053507
0.9270542596142863
0.9071249561290546
0.8891252519136835
0.8642744758818585
0.8399430364959033
0.8084356555985533
0.7788285747681583
0.7437683014189179
0.7099176999078664
0.6697114352799957
0.6303004256025876
0.58704642375064
0.5482888134444446
0.5088263411620207
0.47514564615847726
0.43967123090100835
0.40900116018841526
0.377029488220828
0.3512366101809537
0.3254535797724292
0.3057141467983633
0.2854605671058701
0.26868457226361125
0.25146920765758296
0.23814090897999796
0.226185474947885
0.21728895287981334
0.20774127341037413
0.19945978223531635
0.19037790275030522
0.18355630958529426
0.17699284791665806
0.1738656359745465
0.17301747084286145
0.17532707677490994
0.17846449223290584
0.1817915856533735
0.18596085119729203
0.19058520822009878
0.1952534185938609
0.1995318678374769
0.2036831998754421
0.20816196717968982
0.21311551988219096
0.21841914144625577
0.22344759966096098
0.2280762237201378
0.23230159361013414
0.2366893053596322
0.24155648860695014
0.24647109754793772
0.25107106580643984
0.25508512202984135
0.25864471397912875
0.2619971738106454
