0.838821926941066
0.855706679277476
0.8724019462257956
0.8867940524764522
0.9038231975648127
0.9176792093231253
0.9341143584395222
0.9480130425011272
0.9646908395361649
0.9774367602272638
0.9890201418755952
0.9953701200965241
0.998960881305642
0.9998575124417306
1.0
1.0
1.0
1.0
1.0
1.0
1.0
1.0
1.0
1.0
1.0
1.0
1.0
1.0
1.0
1.0
1.0
1.0
1.0
1.0
1.0
1.0
1.0
1.0
1.0
1.0
1.0
1.0
1.0
1.0
1.0
1.0
1.0
1.0
1.0
1.0
1.0
1.0
1.0
1.0
1.0
1.0
1.0
1.0
1.0
1.0
1.0
1.0
1.0
1.0
1.0
1.0
1.0
1.0
1.0
1.0
1.0
1.0
1.0
1.0
1.0
1.0
1.0
1.0
1.0
1.0
1.0
1.0
1.0
1.0
1.0
1.0
1.0
1.0
1.0
1.0
1.0
1.0
1.0
1.0
1.0
1.0
1.0
1.0
1.0
1.0
1.0
1.0
1.0
1.0
1.0
1.0
1.0
1.0
1.0
1.0
1.0
1.0
1.0
1.0
1.0
1.0
1.0
1.0
1.0
1.0
1.0
1.0
1.0
1.0
1.0
1.0
1.0
1.0
1.0
1.0
1.0
1.0
1.0000009092885362
1.0000009091823996
1.000000909325426
1.0
1.0
1.0
1.0
1.0
1.0
1.0
1.0
1.0
1.0
1.0
1.0
1.0
1.0
1.0
1.0
1.0
1.0
1.0
1.0
1.0
1.0
1.0003121989847064
1.0003123008976815
1.0003122898620902
1.0
1.0
1.0
1.0
1.0
1.0
1.0
1.0
1.0
1.0
1.0
1.0
1.0
1.0
1.0
1.0
1.0
1.0
1.0
1.0
1.0
1.0
1.0
1.0
1.0
1.0
1.0
1.0
1.0
1.0
1.0
1.0
1.0
1.0
1.0
1.0
1.0
1.0
1.0
1.0
1.0
1.0
1.0
1.0
1.0
1.0
1.0
1.0
1.0
1.0
1.0
1.0
1.0
1.0
1.0
1.0
1.0
1.0
1.0
1.0
1.0
1.0
1.0
1.0
1.0
1.0
1.0
1.0
1.0
1.0
1.0
1.0
1.0
1.0
1.0
1.0
1.0
1.0
1.0
1.0
1.0
1.0
1.0
1.0
1.0
1.0
1.0
1.0
1.0
1.0
1.0
1.0
1.0
1.0
1.0
1.0
1.0
1.0
1.0
1.0
1.0
1.0
1.0
1.0
1.0
1.0
1.0
1.0
1.0
1.0
1.0
1.0
1.0
1.0
1.0
1.0
1.0
1.0
1.0
1.0
1.0
1.0
1.0
1.0
1.0
1.0
1.0
1.0
1.0
1.0
1.0
1.0
1.0
1.0
1.0
0.9998031958297658
0.9966558253393264
0.9766955285980444
0.9420109008908092
0.9043861264080422
0.8876318060262569
0.8895341011033915
0.8934431216216209
0.9006312198576062
0.9017761601686246
0.9031435985765356
0.897188448437137
0.8893019393822714
0.8947455289904997
0.8963735217957064
0.8963592260854649
0.8958626378852604
0.8954534999096462
0.9015374975087177
0.9023766811250541
0.9102246656689885
0.9228284881170793
0.9374526209612897
0.9496702233238992
0.961380917538494
0.9710973732290715
0.9806148257582595
0.9853523465793127
0.9866319696427627
0.9848256297500252
0.9807324643756267
0.970667047165109
0.9543176531627688
0.9283060668125374
0.8943016587679549
0.8525351656202161
0.808249655521791
0.7609533695573102
0.7151795619632235
0.6694017989681779
0.6250583280655465
0.5818738033314854
0.5403564499106821
0.4998413757800949
0.46324286271947257
0.4307362272969386
0.4042470622938946
0.3837205105093447
0.3711251407126636
0.3642124726251008
0.35943121021844276
0.35248978198822933
0.34350461659188725
0.3324310787286425
0.3224021028417411
0.31481944122331407
0.31094297307142826
0.3088911596526905
0.309015632647649
0.30971773800452884
0.31241120094205077
0.3158772635514417
0.3202580718541019
0.32262348299806737
0.32324934032292385
0.3217153570984411
0.3202481386470546
0.3187301108666686
0.31767671457424046
0.3156307220993827
0.3131496738888766
0.31019040334247894
0.3087750028729991
0.3083332674576827
0.3089550992087933
0.3089024736265569
0.30756757373137744
0.30623660937335806
0.3057527866282549
0.3066881582821595
0.3080752396175186
0.30850720179861824
0.30814597557218615
0.30654360134664604
0.3056966881757851
0.3053827971945947
0.30593108844240813
0.3052653504357572
0.3038119511142298
0.30116815070583464
0.29955553264512774
0.29808370250898386
0.29805335009285205
0.2968056474401203
0.29500463746808364
0.2921663741572398
0.2910534886208243
0.29156429016032454
0.2937962326198264
0.2962266344810497
0.29866561185788276
0.3015754215586151
0.3064361747458542
0.3133959456802486
0.3218048049971371
0.33011200665683693
0.33860585237790847
0.3471806654372955
0.3574480547592254
0.3693653241011293
0.3832335706381274
0.39659148025405905
0.4094463900681112
0.421041395241518
0.43413439506494045
0.44741042881764026
0.462145924314202
0.4747770207051477
0.48769223638470444
0.4984825421510044
0.5114738531340365
0.5247609803347322
0.5411051157551094
0.5563637180370455
0.5732249024691677
0.589749482411287
0.6116182391836694
0.6352844868313251
0.6648415981742858
0.6938188179127791
0.7261775340205019
0.7560575349871519
0.7885332156907899
0.8185536692880676
0.8496229769030617
0.8752793360833839
0.9003267066359493
0.919573765205747
0.9393264257854744
0.9537775961858801
0.9682486112614467
0.9765517994397434
0.9836344718199638
0.9862125940441866
0.9895505075297412
0.9910557001920369
0.9931075634455844
0.99323349897767
0.9938936382774538
0.9932704640777147
0.9935100934111095
0.9928439039205011
0.9929429649507527
0.9915043328374771
0.9902095203427064
0.9867830701557819
0.9844525745941546
0.9792248804195827
0.9753208902869134
0.9656566711459962
0.9563625407249854
0.94017632948629
0.9260950912916088
0.9062177829577172
0.8882767925705365
0.8634725214493084
0.8391685597039472
0.8076841092691647
0.7781038774122324
0.7430815606718353
0.7092638976325647
0.6690979973929154
0.6297067013255137
0.5864620337087947
0.5477215768102374
0.5082869212311338
0.4746346204932054
0.43918299939751926
0.40850699098327214
0.3765630423864924
0.35077380398884517
0.3250089964388632
0.3052484790702406
0.2849886098800804
0.2682183622887714
0.2510281293566172
0.23773032481703413
0.2258069584942393
0.21693079333108178
0.2073966529810208
0.1991103043037551
0.1900310972962964
0.18320207135647287
0.17664482400654272
0.1735149994587727
0.1726731008865067
0.1749662680005051
0.17808157566449678
0.18139107936755638
0.18555029436846038
0.19015330864833066
0.19480828657273808
0.19905473944879062
0.20318553080127047
0.2076398160188539
0.21257750151222132
0.21785580855743814
0.22286859510500345
0.22746093707915999
0.23167454591673314
0.23601026620172985
0.24087509162565623
0.24576588635372687
0.250388190468281
0.2543895875292799
0.25793247071893166
0.2612174354143266
