0.8381128009961497
0.8550140972578996
0.8717155955597948
0.8860926168134979
0.9031273081284641
0.9169829362293376
0.933421515276839
0.9472856034817623
0.9639212181816993
0.9767890031955523
0.9885942573585035
0.9952501632600321
0.9989589605041298
0.999890724615239
1.0
1.0
1.0
1.0
1.0
1.0
1.0
1.0
1.0
1.0
1.0
1.0
1.0
1.0
1.0
1.0
1.0
1.0
1.0
1.0
1.0
1.0
1.0
1.0
1.0
1.0
1.0
1.0
1.0
1.0
1.0
1.0
1.0
1.0
1.0
1.0
1.0
1.0
1.0
1.0
1.0
1.0
1.0
1.0
1.0
1.0
1.0
1.0
1.0
1.0
1.0
1.0
1.0
1.0
1.0
1.0
1.0
1.0
1.0
1.0
1.0
1.0
1.0
1.0
1.0
1.0
1.0
1.0
1.0
1.0
1.0
1.0
1.0
1.0
1.0
1.0
1.0
1.0
1.0
1.0
1.0
1.0
1.0
1.0
1.0
1.0
1.0
1.0
1.0
1.0
1.0
1.0
1.0
1.0
1.0
1.0
1.0
1.0
1.0
1.0
1.0
1.0
1.0
1.0
1.0
1.0
1.0
1.0
1.0
1.0
1.0
1.0
1.0
1.0
1.0
1.0
1.0
1.0
0.9999987060124674
0.9999987061635082
0.9999987059599705
1.0
1.0
1.0
1.0
1.0
1.0
1.0
1.0
1.0
1.0
1.0
1.0
1.0
1.0
1.0
1.0
1.0
1.0
1.0
1.0
1.0
1.0
1.0003121989847064
1.0003123008976815
1.0003122898620902
1.0
1.0
1.0
1.0
1.0
1.0
1.0
1.0
1.0
1.0
1.0
1.0
1.0
1.0
1.0
1.0
1.0
1.0
1.0
1.0
1.0
1.0
1.0
1.0
1.0
1.0
1.0
1.0
1.0
1.0
1.0
1.0
1.0
1.0
1.0
1.0
1.0
1.0
1.0
1.0
1.0
1.0
1.0
1.0
1.0
1.0
1.0
1.0
1.0
1.0
1.0
1.0
1.0
1.0
1.0
1.0
1.0
1.0
1.0
1.0
1.0
1.0
1.0
1.0
1.0
1.0
1.0
1.0
1.0
1.0
1.0
1.0
1.0
1.0
1.0
1.0
1.0
1.0
1.0
1.0
1.0
1.0
1.0
1.0
1.0
1.0
1.0
1.0
1.0
1.0
1.0
1.0
1.0
1.0
1.0
1.0
1.0
1.0
1.0
1.0
1.0
1.0
1.0
1.0
1.0
1.0
1.0
1.0
1.0
1.0
1.0
1.0
1.0
1.0
1.0
1.0
1.0
1.0
1.0
1.0
1.0
1.0
1.0
1.0
1.0
1.0
1.0
1.0
1.0
1.0
1.0
1.0
1.0
1.0
1.0
0.9998391437130282
0.9964547145783617
0.9759242559478116
0.9406389429912306
0.9027046675118373
0.8859634888395582
0.8878787101110596
0.8917571093383915
0.8989179547774394
0.9000122151817749
0.9013877822864724
0.89540591942436
0.8875069396527414
0.892887264519278
0.8945227685595288
0.8944972806888194
0.8940001202955354
0.8935493396135253
0.8996342785465272
0.9004423757452724
0.9082828907279094
0.9208487708536818
0.935456567178541
0.9476198527636668
0.9592783534000575
0.9691622064916369
0.9789825505555689
0.9840193616006928
0.9854382274628776
0.9833529434975407
0.9789446827628568
0.9685085883601054
0.9521273298617445
0.926130673058922
0.8921687862373063
0.8504260730095217
0.8061759143662197
0.7589214716596814
0.7132070992150337
0.6675440326577309
0.6233210340002122
0.5802775982394873
0.5388937863906189
0.4985486294912877
0.46213988936191003
0.4297970219170314
0.4034491931540891
0.383008345146793
0.3704868038283706
0.3636276096593576
0.3589050453204205
0.3519981042333053
0.3430559364903757
0.33203916162968955
0.3220977121422897
0.3145775533663992
0.31074913086674777
0.30871748260133736
0.30884668683940486
0.30951195399420883
0.3121675948414685
0.31560779574389153
0.31997421505866597
0.3223238697495935
0.3229477866516695
0.32142086888715254
0.3199575397471044
0.31845337271776725
0.31739836193775683
0.3153842424279738
0.31291023578986826
0.30996480406422877
0.30855320664812336
0.3081131844879422
0.3087549487566571
0.3086926616176971
0.30737246267302987
0.30604198925545834
0.3055754526396729
0.30649431261283333
0.3078805907169159
0.3082925125180606
0.30794529226950207
0.30631795726779565
0.30549275083532307
0.30515761301411387
0.30572604032710876
0.30503774818038887
0.30359007061137994
0.30093834368601713
0.2993460864137592
0.297902532032287
0.2979029985718356
0.2966588848069014
0.29485104626009095
0.2920076089760845
0.2909097401776619
0.29142204290843216
0.29365352167074515
0.2960546539182474
0.298468867028197
0.30132276954320025
0.3061494201805205
0.31303716777496515
0.32140649838961644
0.3296386124536368
0.3380792347698725
0.3465737336897805
0.35677265647566175
0.36858218040092366
0.38238052569690306
0.39564319198366116
0.4084645754687408
0.41997222910574983
0.43300557532920775
0.4462021277194864
0.4609015899082244
0.47349621165557565
0.486360331445812
0.4970932561261339
0.5100436302780714
0.523292941754723
0.5396049146242083
0.5548031898084206
0.5715955992442946
0.5880713957483461
0.6098791813560807
0.6335375067228867
0.6630451485613611
0.6919980565952786
0.7242775008836834
0.7541171622217949
0.7865929109365081
0.816623445363134
0.8476860686397112
0.8733344750573824
0.8983598357394552
0.9176017875309993
0.937324485321592
0.9518253978050932
0.96633124538027
0.9747583873987541
0.9821392310100183
0.9850354668242508
0.9887500549482771
0.9903943693844547
0.9926177395835315
0.9927495053459852
0.9934515593433003
0.9927747703210393
0.9930231309778572
0.9923206172802672
0.9924377793755795
0.9908724355627617
0.9894446254575204
0.9856762236735738
0.983102349892346
0.977596614577778
0.9736230971207903
0.9638396990718474
0.9545289961198141
0.9383327936262604
0.9243049980452316
0.9044388900026825
0.8865069370100226
0.8616961906325076
0.8374154007624554
0.8059321562732422
0.7763503495940326
0.7413564234469177
0.7075940366381637
0.6675107220531358
0.628165912034303
0.5849944892829736
0.5463490080957693
0.5070117253870048
0.4734486803244425
0.4380736999674511
0.40747466819481215
0.3755912394807801
0.34988714012181416
0.3241951260535192
0.30452440976301093
0.28431114711765565
0.2676173080025332
0.25048222861585573
0.23723341395495356
0.22534495192614068
0.21649924214933855
0.20700971013193142
0.19875129705983716
0.18969776611558875
0.18289648896477592
0.17635209296238755
0.17322330675712186
0.17236099752690287
0.17466260174054987
0.17777819312213602
0.18110068218615005
0.1852429442966849
0.1898547423128157
0.1944944634824088
0.19876121766707602
0.2028894234416642
0.20733831425810526
0.21225730640780344
0.21754823804950427
0.2225525139697498
0.22716608335401384
0.2313614483653999
0.235729703898654
0.24057222521289112
0.24546856335633016
0.2500593138041233
0.2540655746659012
0.25759930452826496
0.2609203232001161
