0.8390026393439293
0.8559156374559893
0.8726178559774054
0.8869716461533633
0.9040071406372435
0.9178739549139171
0.9343578417261568
0.9482648456294228
0.9649417339324299
0.9777041184586936
0.9893658783839353
0.9956761759087557
0.9991649751972137
0.9998949154257764
1.0
1.0
1.0
1.0
1.0
1.0
1.0
1.0
1.0
1.0
1.0
1.0
1.0
1.0
1.0
1.0
1.0
1.0
1.0
1.0
1.0
1.0
1.0
1.0
1.0
1.0
1.0
1.0
1.0
1.0
1.0
1.0
1.0
1.0
1.0
1.0
1.0
1.0
1.0
1.0
1.0
1.0
1.0
1.0
1.0
1.0
1.0
1.0
1.0
1.0
1.0
1.0
1.0
1.0
1.0
1.0
1.0
1.0
1.0
1.0
1.0
1.0
1.0
1.0
1.0
1.0
1.0
1.0
1.0
1.0
1.0
1.0
1.0
1.0
1.0
1.0
1.0
1.0
1.0
1.0
1.0
1.0
1.0
1.0
1.0
1.0
1.0
1.0
1.0
1.0
1.0
1.0
1.0
1.0
1.0
1.0
1.0
1.0
1.0
1.0
1.0
1.0
1.0
1.0
1.0
1.0
1.0
1.0
1.0
1.0
1.0
1.0
1.0
1.0
1.0
1.0
1.0
1.0
1.000000314753724
1.0000003147169845
1.0000003147664935
1.0
1.0
1.0
1.0
1.0
1.0
1.0
1.0
1.0
1.0
1.0
1.0
1.0
1.0
1.0
1.0
1.0
1.0
1.0
1.0
1.0
1.0
1.0003121989847064
1.0003123008976815
1.0003122898620902
1.0
1.0
1.0
1.0
1.0
1.0
1.0
1.0
1.0
1.0
1.0
1.0
1.0
1.0
1.0
1.0
1.0
1.0
1.0
1.0
1.0
1.0
1.0
1.0
1.0
1.0
1.0
1.0
1.0
1.0
1.0
1.0
1.0
1.0
1.0
1.0
1.0
1.0
1.0
1.0
1.0
1.0
1.0
1.0
1.0
1.0
1.0
1.0
1.0
1.0
1.0
1.0
1.0
1.0
1.0
1.0
1.0
1.0
1.0
1.0
1.0
1.0
1.0
1.0
1.0
1.0
1.0
1.0
1.0
1.0
1.0
1.0
1.0
1.0
1.0
1.0
1.0
1.0
1.0
1.0
1.0
1.0
1.0
1.0
1.0
1.0
1.0
1.0
1.0
1.0
1.0
1.0
1.0
1.0
1.0
1.0
1.0
1.0
1.0
1.0
1.0
1.0
1.0
1.0
1.0
1.0
1.0
1.0
1.0
1.0
1.0
1.0
1.0
1.0
1.0
1.0
1.0
1.0
1.0
1.0
1.0
1.0
1.0
1.0
1.0
1.0
1.0
1.0
1.0
1.0
1.0
1.0
1.0
1.0
1.0
0.9998781338782398
0.996919158020944
0.976844089685293
0.9419603998021503
0.9040233710407992
0.8872436951830582
0.8891217393122461
0.8929911384444715
0.9001458571165392
0.9012856644927749
0.9026576511733317
0.8967148253942936
0.8888085190140278
0.8942181638164535
0.8958407032323707
0.8958202115178366
0.8953329878333656
0.8948800415036019
0.9009545575785288
0.90175484268792
0.9096093272627684
0.92218674758047
0.9368525141613768
0.9491007575598055
0.9608128422372136
0.9706730105138206
0.9804194479987193
0.9854138764971069
0.9868115347174709
0.9847895996588123
0.9804119858951689
0.9700313050686142
0.9535467461132126
0.9274578416456067
0.8933751546650851
0.8516045642658242
0.8073701567811681
0.7601002781150848
0.7143678775408946
0.6686341838936074
0.6243750576897402
0.5812916130922815
0.5398583678640723
0.49943618351211344
0.4629309361024133
0.4305147562026602
0.404120526902187
0.383642162176153
0.3711022692766076
0.3642092196943063
0.3594645458884211
0.35254274535507074
0.3435966472574425
0.33255601651333344
0.3225607329213265
0.31501656741233075
0.31117980193607847
0.3091552257273464
0.30927095807911853
0.309938388274306
0.3126052813802606
0.31606356530495494
0.3204315826429335
0.32278458720335235
0.3234130768656845
0.3218982140573867
0.32044155640530936
0.3189132386898892
0.3178607672976857
0.31581280082343666
0.3133415461370741
0.31037969687641537
0.3089833696197366
0.3085332729282766
0.30916392447954755
0.30910812228223117
0.3078000420163864
0.3064625002291089
0.3059809323473457
0.3068904685223945
0.3082794023547724
0.3087026155710143
0.3083402924183444
0.3067459186120133
0.3059134939904053
0.305607666627813
0.30614225791904787
0.3054700385384563
0.30401854519429145
0.3013826722359016
0.2997816954065669
0.2983205182035234
0.29830836698168645
0.2970519427769169
0.2952443810662581
0.2923912477746992
0.29129174029839683
0.2917984068867542
0.29402320598957865
0.29644154895037444
0.29888743509519233
0.30178281098120885
0.3066241738364925
0.31354971263663217
0.3219316041059685
0.3301872613261952
0.33863387102314507
0.3471623011258756
0.3574031890660592
0.3692612967053361
0.3830973199186133
0.39638421713002414
0.4092217873839623
0.42076983599822637
0.4338472842722507
0.44708707718774904
0.4617909649029555
0.4743878419796546
0.4872646975229018
0.49802820381810725
0.5110005978293068
0.5242734527521772
0.5405988345984882
0.5558400318276951
0.5726646502202882
0.5891830088138286
0.6110187509567513
0.6346920649424488
0.6642324881659478
0.6932112328345149
0.7255286134014755
0.7553959250283115
0.7878896059882733
0.8179426981321539
0.8490038769994699
0.8746469912276761
0.8996657669474478
0.9189203679281017
0.9387532388419394
0.9532985162264208
0.96789608229453
0.9762683382842566
0.9836258680297495
0.986445060757328
0.9900337026591955
0.9915976221051255
0.993696988789797
0.9938170478186475
0.9944915167252261
0.9938655274337916
0.9941159201395596
0.9934439294744899
0.9935511811042896
0.992066687830188
0.9907065446322983
0.9870159671357492
0.9844977464089283
0.9789975211475245
0.9750301207831691
0.9652583789479562
0.9559280242985053
0.9396766589925808
0.9255672934859973
0.9056874506266124
0.8877616190783283
0.862939971944535
0.8386197927721232
0.8071172238138049
0.7775386393404302
0.7425180515035285
0.708731977663276
0.6685722733975933
0.6292092632730297
0.585983905931793
0.5473020187454308
0.5079158363755117
0.47428825244108763
0.43885143241826446
0.40818844486715405
0.37626788982545195
0.3505068581876455
0.3247984392575534
0.30506922563634264
0.2848255047039951
0.26805557820811143
0.250890973279496
0.2376257763075903
0.2257031458174229
0.21684371496156185
0.20731263669233677
0.19906468228452318
0.1899819476154464
0.18317495113735818
0.17660904421638549
0.17348635452462588
0.17263989378357253
0.174931567595691
0.17804813160654356
0.18135110768512502
0.18551305436686596
0.19011672164425295
0.19478540662444763
0.1990539930804696
0.20320676704714874
0.2076419308693339
0.21257166948821504
0.21783736837662368
0.22288346951136828
0.22748204306162234
0.23171022355978405
0.23606601376917644
0.24091628033891385
0.24580992624857254
0.25039949537271056
0.2544162166509025
0.2579587055068539
0.2612669541166951
