0.8395538907432716
0.8564301947884749
0.8731347752808304
0.8875146582000881
0.9045777587994692
0.9184423760260849
0.9349278084101843
0.948815697709419
0.9654702396254516
0.978177512944751
0.9896202566391618
0.9957484643080391
0.9991008553503753
0.9998744153775646
1.0
1.0
1.0
1.0
1.0
1.0
1.0
1.0
1.0
1.0
1.0
1.0
1.0
1.0
1.0
1.0
1.0
1.0
1.0
1.0
1.0
1.0
1.0
1.0
1.0
1.0
1.0
1.0
1.0
1.0
1.0
1.0
1.0
1.0
1.0
1.0
1.0
1.0
1.0
1.0
1.0
1.0
1.0
1.0
1.0
1.0
1.0
1.0
1.0
1.0
1.0
1.0
1.0
1.0
1.0
1.0
1.0
1.0
1.0
1.0
1.0
1.0
1.0
1.0
1.0
1.0
1.0
1.0
1.0
1.0
1.0
1.0
1.0
1.0
1.0
1.0
1.0
1.0
1.0
1.0
1.0
1.0
1.0
1.0
1.0
1.0
1.0
1.0
1.0
1.0
1.0
1.0
1.0
1.0
1.0
1.0
1.0
1.0
1.0
1.0
1.0
1.0
1.0
1.0
1.0
1.0
1.0
1.0
1.0
1.0
1.0
1.0
1.0
1.0
1.0
1.0
1.0
1.0
1.0
1.0
1.0
1.0
1.0
1.0
1.0
1.0
1.0
1.0
1.0
1.0
1.0
1.0
1.0
1.0
1.0
1.0
1.0
1.0
1.0
1.0
1.0
1.0
1.0
1.0003121989847064
1.0003123008976815
1.0003122898620902
1.0
1.0
1.0
1.0
1.0
1.0
1.0
1.0
1.0
1.0
1.0
1.0
1.0
1.0
1.0
1.0
1.0
1.0
1.0
1.0
1.0
1.0
1.0
1.0
1.0
1.0
1.0
1.0
1.0
1.0
1.0
1.0
1.0
1.0
1.0
1.0
1.0
1.0
1.0
1.0
1.0
1.0
1.0
1.0
1.0
1.0
1.0
1.0
1.0
1.0
1.0
1.0
1.0
1.0
1.0
1.0
1.0
1.0
1.0
1.0
1.0
1.0
1.0
1.0
1.0
1.0
1.0
1.0
1.0
1.0
1.0
1.0
1.0
1.0
1.0
1.0
1.0
1.0
1.0
1.0
1.0
1.0
1.0
1.0
1.0
1.0
1.0
1.0
1.0
1.0
1.0
1.0
1.0
1.0
1.0
1.0
1.0
1.0
1.0
1.0
1.0
1.0
1.0
1.0
1.0
1.0
1.0
1.0
1.0
1.0
1.0
1.0
1.0
1.0
1.0
1.0
1.0
1.0
1.0
1.0
1.0
1.0
1.0
1.0
1.0
1.0
1.0
1.0
1.0
1.0
1.0
1.0
1.0
1.0
1.0
0.9998171833329808
0.9968697372374237
0.9771974818196274
0.9427838753101542
0.9052160508235169
0.8884404402128007
0.8903151899972512
0.8942300975132638
0.9013997079500451
0.902560967238169
0.9039380446082091
0.8979979609557678
0.8900831737290418
0.895511673979058
0.8971478661219827
0.8971608052082287
0.8966644565859009
0.8962423942967381
0.9023167324672918
0.9031501934445267
0.9109764739206716
0.9235871949345205
0.9382400315971601
0.9505180386089462
0.962153390824055
0.97180674314873
0.9812807750138356
0.986059538363309
0.9873412044615116
0.9854679098517322
0.9813425697735904
0.9713295845981241
0.9550138412061605
0.9290095455676254
0.8948962218176241
0.8530865178075212
0.8087273315048593
0.7614008998170149
0.7155405826297156
0.6697454993786806
0.6253441578843894
0.5821592496842727
0.5405838237878684
0.5000756477837788
0.4634501840667913
0.4309360061197396
0.4043884306980667
0.3838334160537834
0.37120872287195017
0.3643107601039441
0.3595299229788614
0.3526054688139522
0.34359857112160275
0.33253083308528825
0.32247802565981426
0.31490578228428306
0.31099309502727573
0.308964023559633
0.3090688458541802
0.3097860178597293
0.3124490447038354
0.3159388511970088
0.3203158504921081
0.3227111704150558
0.3233262590705269
0.32181261027346847
0.3203221964141417
0.31882686952168815
0.3177395345459827
0.31569925086411305
0.31319713481501654
0.31026542821873415
0.3088357153054153
0.308381642338031
0.308986090697887
0.3089405735561298
0.3076347327905435
0.3063294771686535
0.30584891976464057
0.3067778407607144
0.3081559323423505
0.3086035443566523
0.30823870895817446
0.306632641927048
0.30577456342564946
0.305464771370561
0.3059923370350196
0.30533017474857566
0.3038557815209885
0.30122869803480024
0.29959466611196717
0.2981531278750541
0.29812849087161974
0.29690178658579036
0.29506784387046214
0.2922231084872318
0.2911017195461578
0.29162869674928976
0.29385125328720496
0.2962883585324805
0.29872584200841046
0.3016597554931527
0.3065234950080053
0.31350738824690877
0.3218895242913688
0.3301909348456199
0.33866094521966594
0.34725513709255795
0.35752900883535926
0.3694502180115495
0.3833338959432791
0.396705013143575
0.40957450455866484
0.4211933886605703
0.43428809448295697
0.44758676109439066
0.4623164601503928
0.47497956855419105
0.48788743085769243
0.49870495384799884
0.5117007582786629
0.5250364648948316
0.5413719845098602
0.5566639918519198
0.5735001840573974
0.5900650526570033
0.6119291548625123
0.6356482632473874
0.6652167444715492
0.6942374705822864
0.7266188336189638
0.7565374689150005
0.7890539916406616
0.8191185736315737
0.850230884040035
0.875918083456996
0.9009731670657438
0.9202486008247291
0.940055787025259
0.9545248210452761
0.9689267398991965
0.9771530308677477
0.9842508669367881
0.9868888703841917
0.990177923308676
0.991620601496948
0.9935801808718148
0.9937002471005068
0.9943325697466856
0.993729676844536
0.9939642186648413
0.993332668542561
0.9934194376593829
0.9920581874405872
0.9907916029021099
0.9874065653445308
0.9850402976640784
0.9798128954178817
0.9759343912097878
0.9663617266799184
0.9570912580673987
0.9409367797240216
0.9268203237957024
0.9069484583964987
0.8889905319825401
0.8641869009189673
0.8398359335831865
0.8083228869337657
0.7786994553916671
0.7436687372951301
0.709828708697339
0.6696376003898429
0.6301787309985866
0.5869167844863943
0.5481427070386639
0.5087125455331004
0.47501303248234833
0.4395404907918015
0.4088244890204826
0.37684083508684235
0.3510186382103328
0.3252522774680557
0.30549060393457794
0.2852156648586091
0.2684248721083255
0.2512255880165254
0.23791198439738293
0.22597708138742767
0.2170863053831436
0.20755033364872616
0.1992489854685666
0.1901665381781841
0.1833400110037585
0.17679509912520336
0.17364745588644956
0.17279048329284818
0.17506512643639416
0.17820409783162408
0.1814981137271648
0.18567057127865094
0.19026256909210013
0.19496195002503477
0.1992028686815698
0.20335025519497568
0.20776811694797817
0.21272149022142278
0.2180067838790905
0.22305842666820114
0.2276528440122359
0.23187215021546945
0.2362142685121795
0.24107690932762824
0.24593825062509828
0.25055532572200473
0.2545467901279494
0.25814156822504963
0.2615128567460175
