0.8386617476576002
0.8555389541163101
0.8722335275403662
0.8866210679944592
0.9036558781685697
0.9175138606106861
0.9339818795080024
0.9478456044203935
0.9644634490275239
0.9772289080598829
0.9888902287633704
0.9953754282301913
0.9989815561146446
0.9998806666699495
1.0
1.0
1.0
1.0
1.0
1.0
1.0
1.0
1.0
1.0
1.0
1.0
1.0
1.0
1.0
1.0
1.0
1.0
1.0
1.0
1.0
1.0
1.0
1.0
1.0
1.0
1.0
1.0
1.0
1.0
1.0
1.0
1.0
1.0
1.0
1.0
1.0
1.0
1.0
1.0
1.0
1.0
1.0
1.0
1.0
1.0
1.0
1.0
1.0
1.0
1.0
1.0
1.0
1.0
1.0
1.0
1.0
1.0
1.0
1.0
1.0
1.0
1.0
1.0
1.0
1.0
1.0
1.0
1.0
1.0
1.0
1.0
1.0
1.0
1.0
1.0
1.0
1.0
1.0
1.0
1.0
1.0
1.0
1.0
1.0
1.0
1.0
1.0
1.0
1.0
1.0
1.0
1.0
1.0
1.0
1.0
1.0
1.0
1.0
1.0
1.0
1.0
1.0
1.0
1.0
1.0
1.0
1.0
1.0
1.0
1.0
1.0
1.0
1.0
1.0
1.0
1.0
1.0
1.0000010841517162
1.0000010840251685
1.0000010841957
1.0
1.0
1.0
1.0
1.0
1.0
1.0
1.0
1.0
1.0
1.0
1.0
1.0
1.0
1.0
1.0
1.0
1.0
1.0
1.0
1.0
1.0
1.0003121989847064
1.0003123008976815
1.0003122898620902
1.0
1.0
1.0
1.0
1.0
1.0
1.0
1.0
1.0
1.0
1.0
1.0
1.0
1.0
1.0
1.0
1.0
1.0
1.0
1.0
1.0
1.0
1.0
1.0
1.0
1.0
1.0
1.0
1.0
1.0
1.0
1.0
1.0
1.0
1.0
1.0
1.0
1.0
1.0
1.0
1.0
1.0
1.0
1.0
1.0
1.0
1.0
1.0
1.0
1.0
1.0
1.0
1.0
1.0
1.0
1.0
1.0
1.0
1.0
1.0
1.0
1.0
1.0
1.0
1.0
1.0
1.0
1.0
1.0
1.0
1.0
1.0
1.0
1.0
1.0
1.0
1.0
1.0
1.0
1.0
1.0
1.0
1.0
1.0
1.0
1.0
1.0
1.0
1.0
1.0
1.0
1.0
1.0
1.0
1.0
1.0
1.0
1.0
1.0
1.0
1.0
1.0
1.0
1.0
1.0
1.0
1.0
1.0
1.0
1.0
1.0
1.0
1.0
1.0
1.0
1.0
1.0
1.0
1.0
1.0
1.0
1.0
1.0
1.0
1.0
1.0
1.0
1.0
1.0
1.0
1.0
1.0
1.0
1.0
1.0
0.999848305527634
0.9966520479545986
0.9765651879266278
0.9417081041971753
0.9040028100078379
0.8872256882385314
0.8890986982387877
0.8929708591652307
0.9001239652600719
0.9012572684790294
0.902628699924961
0.896694230047506
0.8888127849969436
0.8942186185019066
0.8958319599018274
0.8958040526228758
0.8953011304982759
0.8948815803320385
0.900939205090116
0.9017547727437734
0.9095741430842613
0.922156316759799
0.9367644761118704
0.948954727244402
0.9605021181283243
0.9702519358051003
0.9798678713306291
0.9848446110723276
0.986205428252558
0.9842009799065425
0.9798516207721681
0.9696313339488095
0.9533272765230081
0.9274339504422984
0.8934239787837519
0.8516778330785362
0.8074106887721174
0.7601367912122348
0.7143710253668958
0.6686247037092569
0.6243214383661616
0.5812173221900245
0.5397693209649311
0.4993567402210328
0.46285330429854893
0.4304530731790878
0.4040305492888411
0.3835646532893884
0.3709948714476665
0.36411439501276044
0.3593485531479716
0.35245154621547
0.34350108367770216
0.3324810258609323
0.3224751929798217
0.3149262047952616
0.3110559835664343
0.309035383314872
0.3091686949609787
0.3098611536839973
0.3125132601813184
0.3159674941735675
0.3203179839648192
0.32268371344563596
0.3232970866123637
0.32178598809138376
0.32033653920323296
0.31882214702767986
0.31777038488845305
0.3157155872260984
0.3132526749408164
0.310296977141057
0.3088921960533143
0.3084252252020326
0.30907025043012065
0.3090086916120329
0.30771074145490185
0.306367778575753
0.3058988222694143
0.30682264702242634
0.3082217596974153
0.30865643831008294
0.3082801259061226
0.30666824417011523
0.305830723125372
0.30553279175121567
0.3060671925394108
0.30537463869978587
0.30391727701586635
0.30129715044542155
0.29970021106542666
0.2982414397386948
0.29820950858280487
0.2969649697361106
0.2951668334215028
0.2923271680628955
0.2912256369997161
0.2917185721034738
0.2939565026121526
0.29636470880471555
0.29880027276353416
0.3016731174023162
0.30652475393048706
0.3134553397411994
0.3218407634754485
0.330099516690793
0.33855471222892475
0.34708678008138916
0.3573129331392767
0.3691651045942296
0.3829910128745561
0.3963090999917219
0.4091378237637195
0.4206789547778126
0.43371712598038914
0.44696338924278006
0.46168318625448296
0.4743058783163889
0.4871907125210433
0.49795691173907697
0.5109164526724062
0.5241819276672746
0.5405040839488657
0.5557498062458981
0.5725598893109172
0.5890728057944055
0.6109011260867976
0.6345776722624887
0.6641126036216182
0.6930835171847509
0.7254102526309912
0.7552772095009357
0.7877758982274979
0.8178217421433086
0.8489069546360318
0.8745375886403239
0.8995761284448746
0.9188135259496609
0.9385760827772728
0.9529923596537881
0.9673841458840405
0.9756812361970064
0.9829707558569598
0.985791132277966
0.9893374288640561
0.9908672132171024
0.9929728146707386
0.9930960596181085
0.9937867643574494
0.9931419936311814
0.9933853890637504
0.9926954277633063
0.9927904125465361
0.9913106428900622
0.989983829135843
0.986366135946713
0.9838651312258696
0.9783957289186515
0.974445679326033
0.9648291690907067
0.9556314101796245
0.9395524581812685
0.9254884874278466
0.9056480463190469
0.8876891367483877
0.8628643930728065
0.838544789263218
0.8070536887242175
0.7774693958415589
0.7424466645861215
0.7086347025105274
0.668490782332751
0.629112557652906
0.5859015797575173
0.5471852943308653
0.5077809027805195
0.47416189379737705
0.4387519273859232
0.40811560338304503
0.37619076593731265
0.35043346730458863
0.32472167616508063
0.30500153406290265
0.2847793323179599
0.26804283068838597
0.2508943253628473
0.23762280915456768
0.2256972445922691
0.21682629230462888
0.20730610674803746
0.19905106898115635
0.18998355335786052
0.18316475924034215
0.1766024118650392
0.17348149825814882
0.17263736165154048
0.17494129879617148
0.17807489480630884
0.1813805255137752
0.18554082065175934
0.19011963404258747
0.19479854229413418
0.19905075881774514
0.20320530607691636
0.2076401413804661
0.2125841828601118
0.21788302977673568
0.22291553483000737
0.22751965581245828
0.2317420317525776
0.23610432755189417
0.24097145503290407
0.24584515816444902
0.25043717838747587
0.2544237817422726
0.2580014151169535
0.261398359843956
