0.8378762510798224
0.8547606940064966
0.8714462234388318
0.8858215472669275
0.9028479884600955
0.9166936807220405
0.9331541131530702
0.9470320194687714
0.9637330473845009
0.9765578933763776
0.9884289324463338
0.9951008021567781
0.9989321042066249
0.9998673259230723
1.0
1.0
1.0
1.0
1.0
1.0
1.0
1.0
1.0
1.0
1.0
1.0
1.0
1.0
1.0
1.0
1.0
1.0
1.0
1.0
1.0
1.0
1.0
1.0
1.0
1.0
1.0
1.0
1.0
1.0
1.0
1.0
1.0
1.0
1.0
1.0
1.0
1.0
1.0
1.0
1.0
1.0
1.0
1.0
1.0
1.0
1.0
1.0
1.0
1.0
1.0
1.0
1.0
1.0
1.0
1.0
1.0
1.0
1.0
1.0
1.0
1.0
1.0
1.0
1.0
1.0
1.0
1.0
1.0
1.0
1.0
1.0
1.0
1.0
1.0
1.0
1.0
1.0
1.0
1.0
1.0
1.0
1.0
1.0
1.0
1.0
1.0
1.0
1.0
1.0
1.0
1.0
1.0
1.0
1.0
1.0
1.0
1.0
1.0
1.0
1.0
1.0
1.0
1.0
1.0
1.0
1.0
1.0
1.0
1.0
1.0
1.0
1.0
1.0
1.0
1.0
1.0
1.0
1.0000011890696243
1.00000118893083
1.0000011891178648
1.0
1.0
1.0
1.0
1.0
1.0
1.0
1.0
1.0
1.0
1.0
1.0
1.0
1.0
1.0
1.0
1.0
1.0
1.0
1.0
1.0
1.0
1.0003121989847064
1.0003123008976815
1.0003122898620902
1.0
1.0
1.0
1.0
1.0
1.0
1.0
1.0
1.0
1.0
1.0
1.0
1.0
1.0
1.0
1.0
1.0
1.0
1.0
1.0
1.0
1.0
1.0
1.0
1.0
1.0
1.0
1.0
1.0
1.0
1.0
1.0
1.0
1.0
1.0
1.0
1.0
1.0
1.0
1.0
1.0
1.0
1.0
1.0
1.0
1.0
1.0
1.0
1.0
1.0
1.0
1.0
1.0
1.0
1.0
1.0
1.0
1.0
1.0
1.0
1.0
1.0
1.0
1.0
1.0
1.0
1.0
1.0
1.0
1.0
1.0
1.0
1.0
1.0
1.0
1.0
1.0
1.0
1.0
1.0
1.0
1.0
1.0
1.0
1.0
1.0
1.0
1.0
1.0
1.0
1.0
1.0
1.0
1.0
1.0
1.0
1.0
1.0
1.0
1.0
1.0
1.0
1.0
1.0
1.0
1.0
1.0
1.0
1.0
1.0
1.0
1.0
1.0
1.0
1.0
1.0
1.0
1.0
1.0
1.0
1.0
1.0
1.0
1.0
1.0
1.0
1.0
1.0
1.0
1.0
1.0
1.0
1.0
1.0
1.0
0.9998243169596204
0.9964302315292007
0.9758105269798892
0.9404782767853453
0.9024526200193475
0.8857004475897039
0.8875381987083153
0.8914054736292099
0.8985137947371976
0.8996420178892791
0.9010183391822667
0.895094331758448
0.8872374833875806
0.8926127394329877
0.8942357774777611
0.8942153394501163
0.8937371486601036
0.8932981608447133
0.8993352022802257
0.9001352160245957
0.9079404920126145
0.9204725479719151
0.9351271152960218
0.9473639237055088
0.9591350579617284
0.9690398156953411
0.9788769570260216
0.9839160654965161
0.9853643794455952
0.9833560567772669
0.9789760939913502
0.9684906431804262
0.9519249309059082
0.9257947270610173
0.8917899446517761
0.8500947720726146
0.8059270570343864
0.7587314216884998
0.713093637575613
0.6674644480843063
0.6232918284325751
0.5803212843679806
0.5389932559040352
0.49870573201010876
0.46231373002590365
0.43001380468166794
0.40366164807082683
0.3832299939804698
0.370687226152585
0.36382477923880235
0.3590894234069433
0.3521962445964421
0.3432697302675987
0.33225087731018604
0.3222855433057495
0.3147428218370916
0.3108884789980086
0.30884802897709784
0.3089709209593211
0.3096546351055629
0.31231645163458815
0.3157660840368145
0.3201273704193379
0.3224929137409401
0.32310970428816604
0.3215823861206426
0.3201185288090486
0.31860417769310717
0.3175576504407158
0.31552210453200763
0.3130592637974456
0.310119330825672
0.3087083450986987
0.3082552660237157
0.30887671102926945
0.3088200812168747
0.30751034861638005
0.3061818680928922
0.3057043179025254
0.3066203018046256
0.30801249026842936
0.3084523488098755
0.3080980872261213
0.3064871553541998
0.3056400389145458
0.30531946305096214
0.30587256822799397
0.3051914654121885
0.30374674769986565
0.3010960255802846
0.29948314097724754
0.29803047056583065
0.2980242452846885
0.296793157747615
0.294982705860839
0.2921289476880096
0.2910200172680005
0.29153283903404537
0.29377153802912753
0.2961834906287738
0.29861262191708715
0.3015081572881397
0.30635385520356195
0.31327362469606446
0.3216145188862287
0.3298602831114947
0.3382833756108221
0.346814603496327
0.35701184692091265
0.36884154931141655
0.38262066977635467
0.39589478366579045
0.408699708590262
0.42019999185637086
0.43320635699953386
0.4463969642165107
0.4610839845441011
0.4736586697230986
0.48650504820831236
0.4972205534154327
0.5101599156673875
0.5233929303744163
0.5396754966880468
0.5548685062726372
0.5716413862327305
0.5881156378364353
0.6098953705102983
0.633506486757395
0.6629727911744834
0.6918632048204665
0.7241012538616776
0.7538998085720867
0.7863604254194748
0.8163767063390419
0.8474084530501741
0.8730066521461293
0.8980130330115904
0.9172313204024811
0.9370284675388437
0.9515358166996712
0.9662125466388305
0.9746945955236639
0.9821472402293642
0.9850001439146263
0.98867843421837
0.9903279844747449
0.9925458012939239
0.9926771301780208
0.9933880504955488
0.9927125112971271
0.9929769001457738
0.992278330431257
0.9923773809340202
0.9908275549049084
0.9893939122621145
0.9856427877953865
0.9830781207378274
0.9774884248534244
0.9734446489214389
0.9635659868535594
0.9542027590603966
0.9379346307213013
0.9238504122563767
0.9040154422928987
0.8860908891354615
0.8613295579104655
0.8370590903868159
0.8056206350222059
0.7760729561528215
0.7410997521699333
0.7073395763032696
0.6672462169494914
0.6279266468823813
0.5847896872000234
0.5461589859195279
0.5068462203534785
0.4733031372516953
0.43794837533577713
0.40736151060870696
0.3754948346206059
0.34978521028042436
0.3241007612328363
0.30441490868832877
0.2842300485697178
0.2675276213432037
0.2504180152691587
0.23717319820243596
0.22530133872959063
0.21645853109125504
0.20696330213207223
0.19871077130289125
0.18966024061351927
0.18286420298963946
0.176313380974793
0.173188960988415
0.1723356400332679
0.17463932983862557
0.17774924273665443
0.18105111231386248
0.1852048747991582
0.18981474234193976
0.1944771721644942
0.1987252427140026
0.20285232523326235
0.20729520384447306
0.21222582480248842
0.21750731841017307
0.22251892463406503
0.22710862467937015
0.2313219012720917
0.23567753769008595
0.2405185190468777
0.2453967389424599
0.24998764218780498
0.2540151911573768
0.25756432481103547
0.26088384844861523
