0.841005695919409
0.8579297991123098
0.874652299759302
0.8890742463177802
0.9061289398781149
0.9200133020275992
0.9365028195858911
0.9504286483614023
0.9670281394298186
0.9795683917213216
0.9905977354215533
0.9963085549005328
0.9992875386312366
0.9999240776093067
1.0
1.0
1.0
1.0
1.0
1.0
1.0
1.0
1.0
1.0
1.0
1.0
1.0
1.0
1.0
1.0
1.0
1.0
1.0
1.0
1.0
1.0
1.0
1.0
1.0
1.0
1.0
1.0
1.0
1.0
1.0
1.0
1.0
1.0
1.0
1.0
1.0
1.0
1.0
1.0
1.0
1.0
1.0
1.0
1.0
1.0
1.0
1.0
1.0
1.0
1.0
1.0
1.0
1.0
1.0
1.0
1.0
1.0
1.0
1.0
1.0
1.0
1.0
1.0
1.0
1.0
1.0
1.0
1.0
1.0
1.0
1.0
1.0
1.0
1.0
1.0
1.0
1.0
1.0
1.0
1.0
1.0
1.0
1.0
1.0
1.0
1.0
1.0
1.0
1.0
1.0
1.0
1.0
1.0
1.0
1.0
1.0
1.0
1.0
1.0
1.0
1.0
1.0
1.0
1.0
1.0
1.0
1.0
1.0
1.0
1.0
1.0
1.0
1.0
1.0
1.0
1.0
1.0
0.9999981814263619
0.9999981816547214
0.999998181360088
1.0
1.0
1.0
1.0
1.0
1.0
1.0
1.0
1.0
1.0
1.0
1.0
1.0
1.0
1.0
1.0
1.0
1.0
1.0
1.0
1.0
1.0
1.0
1.0
1.0
1.0
1.0
1.0
1.0
1.0
1.0
1.0
1.0
1.0
1.0
1.0
1.0
1.0
1.0
1.0
1.0
1.0
1.0
1.0
1.0
1.0
1.0
1.0
1.0
1.0
1.0
1.0
1.0
1.0
1.0
1.0
1.0
1.0
1.0
1.0
1.0
1.0
1.0
1.0
1.0
1.0
1.0
1.0
1.0
1.0
1.0
1.0
1.0
1.0
1.0
1.0
1.0
1.0
1.0
1.0
1.0
1.0
1.0
1.0
1.0
1.0
1.0
1.0
1.0
1.0
1.0
1.0
1.0
1.0
1.0
1.0
1.0
1.0
1.0
1.0
1.0
1.0
1.0
1.0
1.0
1.0
1.0
1.0
1.0
1.0
1.0
1.0
1.0
1.0
1.0
1.0
1.0
1.0
1.0
1.0
1.0
1.0
1.0
1.0
1.0
1.0
1.0
1.0
1.0
1.0
1.0
1.0
1.0
1.0
1.0
1.0
1.0
1.0
1.0
1.0
1.0
1.0
1.0
1.0
1.0
1.0
1.0
1.0
1.0
1.0
1.0
1.0
1.0
1.0
1.0
1.0
1.0
1.0
1.0
1.0
0.9999058659467439
0.9973417554389118
0.9783998680318529
0.9446186568728292
0.9073806593296082
0.8905703853889562
0.8924138810192261
0.8962898921003445
0.9034400272551087
0.904571660517467
0.9059364039068116
0.8999893281295261
0.892088501664453
0.8975106357171229
0.8991252220099585
0.8991081503846438
0.8986033444338878
0.8981593155843803
0.9042253860002997
0.9050571533327545
0.9129114358973838
0.9255279460306678
0.9401409376864728
0.9523689203117104
0.9639277472109304
0.9734336930485704
0.9827184615701008
0.9873386766866636
0.988541038775525
0.9867688491935785
0.9827755592737574
0.9729666112729201
0.9567737719121163
0.9308318847214635
0.8967348316889084
0.854819036365143
0.8104029865099975
0.7629601728531331
0.7170077052702903
0.671042718373446
0.6265233334951564
0.5832004714753891
0.5415219292223318
0.5008415941364965
0.4640803539633659
0.43142083860514285
0.40482153769384677
0.3841935295448815
0.37153292638245206
0.36459098964283415
0.35980668150540857
0.35286407291172617
0.34382835716664994
0.3327239992619997
0.32265710336531095
0.3150725778698842
0.3111708654089373
0.309124617859487
0.3092346518146194
0.30994447201189457
0.31265670688596603
0.31615680973259247
0.3205393734829325
0.32291006048273985
0.3235416275052767
0.3220326318120058
0.32056409980323075
0.3190424118909869
0.3179726748555731
0.31592634330111186
0.3134288978372167
0.3104754312587227
0.30904316155479183
0.30859646446700034
0.3092200655461775
0.3091628274003352
0.30783401227684326
0.30650072919241206
0.3060279685363494
0.30695538670993383
0.3083503621030612
0.3087869286469153
0.30843039461656047
0.30682892317290933
0.3059954402440232
0.30569146297340105
0.3062136119703359
0.3055241623770169
0.30407227194759734
0.30144057006229286
0.2998171906531007
0.2983428728212642
0.2983097649721663
0.29707502218616816
0.2952588943301026
0.2924151245600894
0.29128972929619407
0.29180459374032464
0.2940280762462786
0.29646174287961846
0.29889033431835743
0.30181819873494764
0.30668659982477403
0.3136842382876778
0.3220906739764735
0.33041395605498586
0.3389113590884014
0.34753172804921
0.35783325042299663
0.3697611554698346
0.3836453245808181
0.3970506531751632
0.4099903672025199
0.42162155903499027
0.4347543639484205
0.44807972050447037
0.4629074290156751
0.4755959173080352
0.488549851166115
0.49939499935863724
0.5124481808845285
0.5258030961819915
0.5422076487855229
0.5575413448514865
0.5744508982411052
0.591066746574873
0.6130134451324546
0.6368154499347395
0.666488568705794
0.6956195752955261
0.7280974047767845
0.7581143220822498
0.7907106665470418
0.8208471107319849
0.852012484347173
0.8777629551671403
0.9029012344621192
0.922221549986099
0.9419886119889395
0.9564186589453867
0.9707139647909394
0.9788299917781791
0.9856898589477517
0.988167143327826
0.9913098069101264
0.9927123197980938
0.9945526659671854
0.9946717259087923
0.995242934458305
0.9947148167499305
0.9949125797107041
0.9943379987145738
0.9944245279224739
0.9931252969385772
0.991918037702184
0.988691186937656
0.9864551085214956
0.9814031101978365
0.9776165822821814
0.9681889020781057
0.9590142634748835
0.9429068241199079
0.9287903814163804
0.9088555972441168
0.890840762297042
0.8659476714721038
0.8415665496347257
0.8100084730152368
0.7803524160091607
0.7452370220884266
0.7113093410353524
0.6710112633721738
0.6314886938304395
0.5881159538285454
0.5492591691868661
0.5096946569312831
0.4759394012098833
0.44038771529155
0.40962409126152854
0.37757462776105233
0.35169919298895336
0.32587038379471417
0.3060549243588527
0.2857338295494964
0.268909133466527
0.25166691312791084
0.2383163306732707
0.22633982131222952
0.21741302186549016
0.20786212994714895
0.19956137564504922
0.19048301904496479
0.18365481808281914
0.177075496393028
0.17403490172312078
0.17327429078732812
0.17570429811919605
0.17883808235662466
0.18217482986812583
0.18634635096931704
0.19098007906932302
0.19565321250679207
0.1999392535063897
0.20411476554690403
0.2086034428167444
0.2135835471591607
0.21889207738718194
0.22394119247731942
0.22857483837353024
0.23280579761842765
0.23721482815974146
0.24207728705994128
0.24702115339837277
0.2516306617017458
0.25569038207818706
0.2592509656174855
0.26256077835055064
