0.34674125066912415
0.34731228545290466
0.34772784207547175
0.3483850415005901
0.3487521216582006
0.348731244118433
0.347990832428895
0.3477069767508824
0.346964782238346
0.3467465248598231
0.3451374312749788
0.3438517590084785
0.3407515681773172
0.33853903044954814
0.3349056297676791
0.3329604512949075
0.32966544829199657
0.3274463975579312
0.32408103164871604
0.3223935939590892
0.32058336909967494
0.3201882184954581
0.31909238613551966
0.31848423654297253
0.31716693522815853
0.3171691278723809
0.31732042915709413
0.31885283071961673
0.31955804918916875
0.32063999817380756
0.32047715352601647
0.32133420258387774
0.32162845341033003
0.3227914754612558
0.32248091817342067
0.32201027850205893
0.3201689445517758
0.3189797817214839
0.3174331893810795
0.31665413156527633
0.31450802471440575
0.31197466480911995
0.3081000621799669
0.304944657774579
0.30140632088098707
0.29854263754581484
0.29473367766791847
0.29112208525935257
0.28671074886261927
0.28299876053369466
0.27921271833376005
0.2760742083539608
0.27200485366092225
0.26765905544642293
0.26256557508568823
0.2583232211966189
0.25455112517832756
0.2518308056047497
0.24858205775795522
0.24519117695273732
0.24063055719940404
0.23616864578329294
0.2311968478110274
0.2263190884271078
0.22040382501970113
0.2141505907272552
0.20733528277235178
0.20155985555176517
0.19678755042225587
0.19344012115495932
0.1902945271542674
0.1875073345550066
0.1846524099957401
0.18248307897769156
0.18047046388640792
0.17879090949946203
0.1765863853516773
0.17434506528245028
0.17218420748450552
0.17118011590777574
0.17114430170649078
0.17200105194234905
0.1726508831451301
0.1730096506933729
0.17292768000904463
0.17333548017211534
0.17431602592256318
0.17620460146659267
0.1784479090824401
0.18146094996477147
0.18526389523208764
0.19066843263200142
0.19715391274740415
0.20447425335661737
0.2114004711728961
0.2177453305252914
0.2232358125379173
0.22891224825456852
0.23448817658993196
0.24036391647659802
0.24540754716610746
0.24998812973914356
0.25381863431496104
0.258026528132965
0.2622643701349784
0.26681062263592104
0.2703582461814135
0.2731138125011919
0.27485986250661076
0.276927523246633
0.27920588488552717
0.2819560918297659
0.2840257665117145
0.2856667898451115
0.28655406962866103
0.2878819399441211
0.2892914109741214
0.29128970812127536
0.29262003799613945
0.2935527626655835
0.29393378767127576
0.2949209831211429
0.2962402609859844
0.2980865374759079
0.2991914417704079
0.29979335203882007
0.2996470648456111
0.29989987742188545
0.3005218583699665
0.301507130070962
0.3020396644960814
0.30183105094893314
0.3011244026726327
0.3008056069607634
0.3010593365064984
0.3016834743941925
0.3016135565821846
0.30090890118805
0.29971202886464277
0.29902780852000466
0.29895914199213597
0.2993820983901259
0.2993667538207172
0.29875193111308046
0.2978265786163628
0.29743360537747265
0.29776555148615047
0.2981799180886729
0.298106109701676
0.29707279474595266
0.29575289899595275
0.29460149001801766
0.2941743720002971
0.2938356881851833
0.2931376544770929
0.2913426172725716
0.28928332370419496
0.2872358561225009
0.28582072631746697
0.28407410411361506
0.2815545070676124
0.2775140180593779
0.2725455152275459
0.2670277957187128
0.2613736803598644
0.25501424016664875
0.2472220520770027
0.23814855016531608
0.22789469041107485
0.2176764063192483
0.20762278548666313
0.19781233197786288
0.18758166212567293
0.1772730509162009
0.1676401258953569
0.16014218410251688
0.15578864232790593
0.15408493062633966
0.15338848103728894
0.15242461775713265
0.15079764593972064
0.14929904749562684
0.14817529437105267
0.14735021038209822
0.14597495864008156
0.14408667436723832
0.14182861175600628
0.1400718675600385
0.13893443040423512
0.1385254698386512
0.13851521422654858
0.1386715506559534
0.13913181058810556
0.1398170468259568
0.14084584595326455
0.14155324330571314
0.14142889432164346
0.1399960142898444
0.13772305847460528
0.13519037079293034
0.13293961832246856
0.13078557015887923
0.1286518382374152
0.12655872209880462
0.1250482657886743
0.12442619403481853
0.12509064169818934
0.12666880303379455
0.12894997482018308
0.13148102206830506
0.13445712719924297
0.13798404725260838
0.1421524626943154
0.14649853596837717
0.1504704566598604
0.15365616619316208
0.15644805718034535
0.1591565181858132
0.16208663042151347
0.1648224467953039
0.16708880492900366
0.1684039708830711
0.1690748565843846
0.16953154266840664
0.1700553436871258
0.17024161202431454
0.16986000716078947
0.16855963641300173
0.1669891715207391
0.16541782841623848
0.16435453507406833
0.1631884975137254
0.16146870381308454
0.15880988850263497
0.15584346558039752
0.1527601217159721
0.14999076810719472
0.14700277262353684
0.14365425535146326
0.13973933406169606
0.13560766178781192
0.1317535734495818
0.12859848268377658
0.1258989610548145
0.1235903919586169
0.12142171294848593
0.11988714013532592
0.11903405849770093
0.11928334302398409
0.11988438781520036
0.12053857900540357
0.1205126928647331
0.12029938746410641
0.12008661719133643
0.12043920434858005
0.12105966098297745
0.12201046889399186
0.12306890535245599
0.1248694180506
0.12759062156209564
0.13167063665050754
0.1363408232514657
0.14132497451294468
0.14579930337590297
0.15024959433877252
0.1546079682089536
0.1591407033405476
0.16325800206712152
0.1665419859536755
0.16857085961800783
0.16973628339607022
0.17038492995517218
0.1708745167506
0.17095633249428083
0.1701512934883508
0.16837386836125082
0.16574404957622102
0.16298652779933742
0.16032182073989287
0.1579844468464709
0.15574876745247898
0.1534852223662564
0.15145331200255918
0.14996412988688487
0.1492229261279782
0.1487306994981101
0.147838670663091
0.1461739113836357
0.1439351646562453
0.14177738631627154
0.14005392422854496
0.13835361997685588
0.13623454144694996
0.133542954555132
0.13065505094279853
0.12812392491130437
0.12612506835922818
0.1246829631385135
0.12308538383678307
0.12124272936957471
0.11892377593691998
0.11696181341270269
0.11543535419501792
0.11422172862492687
0.11272796758326753
0.11092907324128927
0.1089447731177853
0.10725901720098938
0.10579726166580107
0.10459262697129336
0.10331514581238219
0.10191026875882953
0.10059129327522819
0.09979415094131305
0.09963630974501676
0.1000182340830862
0.10047139555716232
0.10087495929445958
0.10126947788599555
0.10204569222881874
0.10315178752802455
0.10435283842809112
0.10494895003940649
0.10477953917355597
0.10385679315864264
0.10264766891218209
0.10112195183744419
0.09915174613835058
0.09627388880423156
0.09251768826959515
0.08797868518245745
0.0831328069757666
0.07837610540348104
0.07379902888044422
0.06930048902823223
0.06484384705109845
0.060487919578597164
0.05633152293962734
0.05252883569748505
0.048995034936345695
0.0458556545133922
0.04318918988683468
0.04118387824674908
0.03990386388253911
0.039256823121097996
0.03884227219490149
0.038255929058054965
0.03738004064027896
0.03627369144303461
0.035285005078142084
0.03459284579468031
0.034313374131157634
0.03419999682087984
0.0342544371099152
0.0343310036695362
0.03462324869168254
0.035002340155352835
0.035461724804276215
0.035748265167848514
0.0358344030616365
0.03572265100339659
0.03557350021731118
0.035501693068939265
0.035462833308013884
0.03535829436712396
0.035103268333398566
0.034810928056540055
0.03465142741615289
0.03468887202327213
0.03483211626031851
0.03492488345060659
0.034827130724495566
0.03470233832095075
0.034645023504700764
0.03482037822198692
0.03507464190104101
0.03523868199410844
0.035222555521745996
0.03508207622295934
0.03500359114245005
0.035079925484258145
0.03523095254165289
0.03527125601232479
0.03512224879479191
0.034853505021849786
0.034695260639202634
0.034653900696928384
0.034728575884873304
0.03467393318920985
0.034441282902209935
0.03415979227483622
0.03402109322415752
0.03415246951229998
0.03443813061310219
0.03474387441600915
0.03499365790944366
0.03527968342290338
0.03579026062236053
0.03659151012407004
0.03756602873459893
0.03851922704738645
0.0394026937300805
0.04029857156930009
0.04141429109517271
0.04276510181877618
0.0442965426896583
0.045797408726801825
0.04714319878206889
0.04835646166578661
0.04970702266830382
0.051253853846599175
0.05295368165624489
0.05445998190620546
0.05575734953670978
0.05693905634479894
0.05829145524915843
0.059903712122827385
0.061761488511917595
0.06359058460487343
0.06532162862158622
0.06712412340033011
0.06937598331973047
0.0721619706742698
0.07551973889709236
0.07905832642981928
0.0825402238943127
0.08592045100716585
0.0895557290470886
0.09346280771482897
0.09739798807822211
0.10095330194245676
0.10383269792545673
0.10623270602731914
0.10857204280158304
0.11103363076389292
0.11351770240296223
0.11551364424165893
0.11685035966299412
0.11774475134146688
0.1186785931110237
0.11985072727925532
0.1210472239290178
0.12195078232023332
0.12238881934444254
0.12258173119258955
0.12288216082519535
0.12345934437923113
0.12412142386397367
0.1244788249689318
0.12430181763679035
0.1239061765561832
0.1234908304721075
0.12345097633915335
0.12343702044819949
0.12313447419803161
0.1222880895906113
0.12110147067978351
0.11998814040222966
0.11920944431244132
0.11854925667003803
0.11773858352065034
0.11656197603468146
0.11530296056109808
0.11431505335510454
0.11396891090841704
0.11408294637761666
0.11434012263045026
0.114676371643439
0.11527511477438512
0.11654988725054306
0.11875176117606813
0.12151848572145497
0.12450588279392165
0.12759369439560647
0.1307444050662076
0.13402291340259034
0.13728811970884974
0.14053665806228263
0.14361308879987633
0.14666007432549236
0.14956792231272073
0.1528113241734119
0.15650081865377552
0.16056809677321748
0.1644188089793438
0.16807730180551242
0.1715848758823595
0.1755651553197586
0.1798086351421207
0.18432967527244778
0.18866823441471378
0.19279331754627307
0.1967201477600338
0.20103253123798098
0.20554989360981418
0.21044925258005767
0.21497433672091099
0.2195097795653068
0.22387697207631566
0.2287114958075428
0.23346967487281178
0.23857413585874013
0.24324194072796085
0.24811887333455226
0.25228395084258853
0.2567571628405235
0.2610807340770928
0.2655783226856293
0.2698732153944131
0.2736305624787068
0.2771312385233092
0.280343576775399
