0.34276713609151077
0.343358301676536
0.3438325888699129
0.34445143322293925
0.344837669807946
0.3447856299955753
0.34406145603115457
0.34378029590833403
0.34304133263057823
0.34286649124498864
0.3412439126491028
0.3399799081199784
0.3369042542872267
0.3347472328490844
0.33117795293698465
0.32929735999731347
0.3260677489236676
0.32383422911224097
0.3204804125514847
0.3187806702183699
0.3170282643091055
0.31665018001302403
0.3156003512565734
0.31499203956014665
0.3136867542677319
0.31366957477660945
0.31384672074285647
0.31535295887291614
0.3160778121035474
0.317153190396223
0.31703747753844685
0.31789083771439763
0.3181844639233333
0.3193417487604017
0.3190489586871506
0.31860998375089666
0.31676908468893844
0.31558812522931334
0.314050587881838
0.3132949095743936
0.3111813021204178
0.3086580627049707
0.3048283932030351
0.30168533763707756
0.29817739264746707
0.29531356348648313
0.2915380802285988
0.2879665623567139
0.2836081337703462
0.2799239138161578
0.27616337855793754
0.27302818350120156
0.2689840464557978
0.2646546417824221
0.25960226749157617
0.25537321712528366
0.25162346502119953
0.24890125265117383
0.24570559623037141
0.24232455882598616
0.23781933130961944
0.23333743441128899
0.22842642793411314
0.22355670985666573
0.21771012647916332
0.21146847087253143
0.204711914437906
0.19896982571606495
0.19423766739831547
0.1908946661855601
0.18777325643104195
0.18498378470213736
0.18216273053958823
0.17998628505398498
0.17799801177517205
0.17631241394192043
0.17412020598833677
0.1718966501076305
0.16976279794317725
0.16879510860555952
0.16875585904627208
0.16959443063451995
0.1702193797511486
0.17057322176293555
0.1704952257471501
0.17090458750470594
0.1718711229490133
0.17374445736117564
0.17598274127767563
0.17896738561360725
0.1827483523982732
0.18810410951683593
0.19458283141960428
0.2018667088271474
0.20875159394021314
0.21504557539978617
0.22049935060313167
0.2261315568108199
0.23167591417889696
0.23750547699192429
0.24252694150662168
0.2470801747673086
0.25087911730232804
0.25506499154243106
0.25927499752898553
0.2638167536534819
0.26736341296693017
0.27010351569998453
0.2718398275642791
0.27388715502485406
0.27616672238668616
0.278905432095084
0.28097137758503
0.2825887170828708
0.2834679097285477
0.28477976839253794
0.2861827670572864
0.28816425063050005
0.28948119513324067
0.2904106455120847
0.2907889792591111
0.291782292725682
0.2930999107962036
0.2949406543398447
0.29605403988400314
0.2966558326942624
0.296512068498733
0.29673645864815923
0.29735213232715996
0.2983573517433718
0.29888096026174915
0.2986810667061747
0.29796539485238493
0.297659083979084
0.2979113528099797
0.2985197242215428
0.2984554978063673
0.2977583523478888
0.2965691178316744
0.2958945000090361
0.295817136746174
0.29627065187668283
0.2962494394452947
0.2956547365512794
0.2947067442037216
0.29432884603554427
0.29466339504153566
0.2950862246387218
0.2949958604386193
0.29398563720223775
0.29268948691086694
0.2915905852517463
0.2911813914129637
0.2908735756688037
0.29018032461638804
0.28841293760780234
0.2863703671844552
0.28437800476172015
0.28296013200914755
0.28125143329642466
0.2787305594653353
0.2747464857453923
0.26980514707065884
0.26433403308339365
0.25871147136930345
0.25238854780950365
0.2446374011511105
0.235591152528354
0.22537733124114295
0.21521251356040258
0.20520648334693803
0.1954353075584871
0.18523340114088518
0.17497525123845004
0.16539519981672512
0.15793388515150003
0.15360493609386036
0.1519130956735256
0.1512348897483036
0.15027519604562525
0.1486562676821279
0.14717544306744454
0.14607655269456135
0.14526285372039055
0.14389278025425378
0.1420027390328823
0.1397709124504651
0.13802301537635264
0.1368953116853829
0.136475036944718
0.1364598536297585
0.13660184169850695
0.13705350177149958
0.13774268991781052
0.13879722858728438
0.13950133201707335
0.13937741669583031
0.1379373178301061
0.13569531050820474
0.1331770987877414
0.1309606007926682
0.128809347309683
0.12669880691223442
0.1246236327091927
0.12315031365017194
0.12253888890496815
0.12319666142855258
0.12475164094546132
0.12701650177764695
0.12951201432610673
0.13246160711465413
0.13594165369120872
0.14007417883920315
0.14436990752174886
0.14831050379108257
0.1514722184678718
0.15424316636745314
0.1569248901786868
0.1598263984669978
0.16254393446050888
0.16480129777217184
0.166100779107161
0.16677596062711533
0.16723024778568588
0.1677537912119624
0.16793994162770587
0.1675504123692308
0.166271485688549
0.16470845403920387
0.16315845556166084
0.1621057650827275
0.16095604341369932
0.15925106371889994
0.15661934511474776
0.15365529154091928
0.15058900955577695
0.14781874870887476
0.14486441235065278
0.14155928308240437
0.13768893394393314
0.13360192856201347
0.1297721589731183
0.12665560483831534
0.12397981931398776
0.12169978243040774
0.11954298096446017
0.11803328918371708
0.1172037950667852
0.11745853708373993
0.11805377373136479
0.1186838835121927
0.11866155833112359
0.11844115611503084
0.11825228868513815
0.11861225817018829
0.11922086720024586
0.12013873181150712
0.12116958216971366
0.12296214625122286
0.12565387262443942
0.12969709692613626
0.13431974138937433
0.13927231961115022
0.1437211180499004
0.14814681381355874
0.15246961803626313
0.1569649742933779
0.16106118173875933
0.1643332339520644
0.16635978074132401
0.16753783499004324
0.16818886607704867
0.16867006299054058
0.1687423160815415
0.16796494180547067
0.1662092435922438
0.16358796548052365
0.16084773144175007
0.1581993333853986
0.155874176975244
0.15364427240649076
0.15139960729445465
0.1493926563872573
0.14791243249950106
0.1471839169488151
0.14670092330129414
0.14582283220276598
0.1441732063478952
0.14195172475839068
0.13980807642832657
0.138105922195306
0.13643471880026645
0.1343332287935142
0.13165495134384042
0.12878285523334132
0.12628066363481477
0.12430934724599085
0.12288109678787677
0.12128859953497813
0.11946503688327349
0.11719172517335626
0.11526978667520678
0.11376787271380666
0.11256340931052
0.11109093449281829
0.10930008066341675
0.10733126849308312
0.10566568453956048
0.10422708933156552
0.10304430989374055
0.10178749467999497
0.10039733366341201
0.09910535269805311
0.09831066063916145
0.09818312422853345
0.09855611963616906
0.09900536203066002
0.09940846876668068
0.0998051741764567
0.1006088095545731
0.10172290556546824
0.10292401568310691
0.10351422382023716
0.10333758031502545
0.10243585003146595
0.10124296554835216
0.09974455288960243
0.0977934853139362
0.09495331560132912
0.0912510724447538
0.08677406453734957
0.08200158974440763
0.07730314494143505
0.07280190547560482
0.06838648574584928
0.06402262838373056
0.059752614172324796
0.05567551777824502
0.051949738348027914
0.048499134263461655
0.045429803428397704
0.04282950348110937
0.040870388824861145
0.03962851195278604
0.03900170509417382
0.038603721718747985
0.038028299968368186
0.03717055717134775
0.03608197518732178
0.035119113400602565
0.03445273075770809
0.034192121144554916
0.03407715235607452
0.03410833707462092
0.03417576289342906
0.034456120688505
0.03482368070429861
0.035276633154207857
0.035562014363737425
0.03566435228739846
0.03554694899861604
0.03540456528988063
0.03533305180978639
0.035303321025898345
0.035202156619558056
0.03495266152207921
0.03466406210531067
0.03450977314700584
0.03456174878959328
0.03470610965733974
0.03479104642812136
0.034680851214827474
0.03456184539904111
0.034508569772712175
0.03468907535352335
0.03492890907732488
0.03509152435505192
0.03507258126501033
0.03493357439791333
0.03486154630752678
0.034927768522446896
0.03508294044088947
0.03511827319389402
0.03497240283720281
0.0347167315257306
0.03455575411133302
0.03452186083375905
0.03459082507681298
0.034533941785865
0.03431007270785084
0.03402876131680375
0.03390706253324266
0.03402281710136822
0.03431259035159681
0.03461532008007534
0.03486474942929788
0.03513375036720862
0.035617240719926904
0.03640497526671528
0.037356059087074796
0.038292497489053376
0.03914627922975816
0.04001477911791844
0.04110142872654478
0.04242633123352799
0.04391719835415015
0.045378319757526465
0.04667313833035163
0.04784760555342368
0.0491560435797764
0.050669102829813795
0.05233464062052459
0.053804961478498045
0.05506022977113074
0.05621813430096362
0.05753363301617794
0.059124759272582546
0.0609452321631164
0.0627319069358394
0.06440646138439671
0.06616767160103977
0.06839285764184948
0.07114212159023532
0.07442315815254436
0.0778802690650988
0.08129686118240118
0.08461804348224007
0.08820588247418257
0.09203395252638956
0.09592398626342358
0.0994295502432687
0.10228092860805757
0.10465021454867132
0.10695305288294389
0.10939031852193064
0.11183315335351884
0.11379978502991164
0.11512454241118851
0.11601591294179543
0.11694547786413591
0.11810937633038211
0.11929772838749499
0.12020105356226657
0.12062735619692498
0.12082909607297761
0.12112574227705175
0.12170242811811968
0.12234197249369931
0.12270095595212627
0.12252995320951161
0.12214068842351604
0.12171588988033019
0.12167144626923325
0.12164069894433886
0.12134879662312913
0.12050559243339336
0.1193670715499721
0.11825500662427531
0.11749207119908285
0.11682482768245725
0.11604114377898882
0.11487511636421928
0.11362866411684991
0.11265653934958884
0.11231441075423869
0.11243372309641647
0.11266573688833983
0.113000218284145
0.11357187053602104
0.11484426545740373
0.11701478722114046
0.11976670111715974
0.12270388882928042
0.12576902854879746
0.12891197684728203
0.13218521522116553
0.1354196994783037
0.13858276580745818
0.14159558720670287
0.14460568475085425
0.1474887257320915
0.15074455155500646
0.15438521043868333
0.15840971835857995
0.16221763601511907
0.16581958551629172
0.1693077451766036
0.17323205673351083
0.17752202236259274
0.1819964702698367
0.18629405868060225
0.1902862104019931
0.194201919245061
0.1984742970040189
0.20302847340591523
0.20791653900455925
0.21236799804940795
0.2169029026474982
0.22118304584790663
0.22604426358659538
0.23064447295228496
0.23579033825397008
0.24049289966814794
0.24518570981226237
0.24938808732119808
0.2535252639534326
0.25801110919237824
0.2623244863992446
0.26655405569703616
0.2703243019679231
0.27370107846630237
0.2767746027028683
