0.34763013255420383
0.34827403932301904
0.34872958156774286
0.34934304884531253
0.34973299330586005
0.3497129713437494
0.3489468833033641
0.3486482284226912
0.3478984746033142
0.34770923168060347
0.34609529556734997
0.34479153626935166
0.3416879781829349
0.3394798424052272
0.3358506697875796
0.3339198885452115
0.33066151769175195
0.3284215615800142
0.32503485914169183
0.3232842152969947
0.3214963991859577
0.3211028383412469
0.32001141890549545
0.31938866922356696
0.31808275043345235
0.31810428425584863
0.3182408217917048
0.3197593025298036
0.3204428754941779
0.3215550761623099
0.32139943733690474
0.32224366144099476
0.32251206080418615
0.3236645426120772
0.32335353115035836
0.32288342213656746
0.32101797206991195
0.31984920361865316
0.31831083733763965
0.3175460011662072
0.31538310932866787
0.3128581581874812
0.30900127590525855
0.30584131857540625
0.3022809041279684
0.2993992966392596
0.29558665182648214
0.29197184874196375
0.28756838836356324
0.2838700591904959
0.28006489543717694
0.27690255446205725
0.27280069631989085
0.2684495915076663
0.2633262170819675
0.2590457470053906
0.25524044131700346
0.25250623258321137
0.24926114023295706
0.24584194999316497
0.24127233350848631
0.23678710953742765
0.23179278626591215
0.2268633793158023
0.2209011241299278
0.21462438495007985
0.2077905487770984
0.20198688851939425
0.1971758206088641
0.19377786741856126
0.19060523938572685
0.18779261547164594
0.1849219967992553
0.1827311778286727
0.1806967924993673
0.1790143560399918
0.17678649500516744
0.17455014669744162
0.17237307436602278
0.17137952725634842
0.17131497719997452
0.17216679349938305
0.17282170717262527
0.17321176881979153
0.17315222456063875
0.17355817186323486
0.1745107674883134
0.17639175496405082
0.17864502281457123
0.1817037565022015
0.18555084498068597
0.19100520854502306
0.19755834627507668
0.20491383728583198
0.21190288919076145
0.21827565239982502
0.22382157011412684
0.22952191975162303
0.2351469581636894
0.24103057357917643
0.24610472909198497
0.25069789229413175
0.25455413950682326
0.2587747751041999
0.2630403635167212
0.2676280988395006
0.2711698481309125
0.2739208467469892
0.2756632416041347
0.27777277750463614
0.2800598859820461
0.28281804447590747
0.2848938576627103
0.2865215347257502
0.28740955233312143
0.2887194921415236
0.29014660372642803
0.2921545312795635
0.29348227235825414
0.29442468845347625
0.29478572264578323
0.2957848602424174
0.2970868574260763
0.2989596824099184
0.30007178332059764
0.3006904669587747
0.30052380407749973
0.3007618529487406
0.30138139388198854
0.3023721198568625
0.30290564083203264
0.3026830350681329
0.30198472530870113
0.3016725086260593
0.3019419722025707
0.3025490228050517
0.3024709938208476
0.3017570765203299
0.3005576489932524
0.2998820426481961
0.299815707731941
0.3002615446456115
0.30023321568898487
0.29963102213729
0.298674255321437
0.298288010559852
0.298628205887094
0.2990597161280242
0.29898574124142985
0.297924963235598
0.29658592583617166
0.29543174468904204
0.29500155026597635
0.2946698049382115
0.29396557501060727
0.29216826941478413
0.29011432318431785
0.28805584727311784
0.28662938990352743
0.28487791618328634
0.28235027370612026
0.2783048889288859
0.27330539550626587
0.2677773778729639
0.2620938151324591
0.255704037815079
0.2478610623420442
0.23873210431467418
0.22843355166853763
0.2181596331564786
0.20805313282961965
0.1981672749503445
0.1878561577284109
0.17748294587639898
0.16777980906003084
0.16022624109003336
0.155818911940057
0.1540956042729548
0.1533995173481364
0.1524337331299443
0.15079688858504955
0.14930713645428692
0.1481829945540352
0.14736096259155126
0.14595842642147278
0.1440552491786388
0.14179015716442073
0.1400189667821023
0.13886422047064068
0.1384382021630776
0.13842468173628625
0.1385728450150836
0.13903370220516034
0.13974379019705196
0.14081547957726817
0.14152561392463772
0.14139874646903736
0.13993583442796367
0.1376534273895071
0.13508449998277608
0.1328302249705023
0.1306565332181923
0.12851304883555242
0.1264001692584364
0.12487548933170103
0.12425760408354579
0.1249204468807788
0.12652908479366978
0.1288264792812946
0.13138473254272404
0.13438119788045053
0.13793931735834208
0.14215580798592262
0.14654054837192912
0.15053535106891408
0.15373427285013466
0.15653444202882838
0.15926533526409048
0.16220887900610806
0.16496091026995996
0.167234663117763
0.1685632031598491
0.16924287131862595
0.16971695887998117
0.17023720364596825
0.1704339107477078
0.17002857318450532
0.168734857438952
0.16715186326277248
0.16557688462770567
0.16448869035307231
0.16330759019742852
0.161581456680181
0.1589184349562812
0.15593453867721685
0.15281567371531063
0.14999866394168904
0.14698848181722673
0.1436325171005849
0.1397043505010782
0.135536121341184
0.13165024726981076
0.12848389828062573
0.12576656122092503
0.12344858499597271
0.12124893155879064
0.1197130276302211
0.11885821517683266
0.11911057070503797
0.11971896697298504
0.12036343826875665
0.12034584790415005
0.12011985972026157
0.11991670995697537
0.12028756584382912
0.12090853439181037
0.12186346649520906
0.12290655566900974
0.12473419907890204
0.12746518259065362
0.131571973622276
0.13625889932922688
0.14128001427933887
0.14578902868420243
0.150285026212445
0.15467059588527468
0.1592288405584654
0.16337057942104993
0.1666760914334007
0.168721275832702
0.169891020782306
0.17053903138243984
0.17102634113613066
0.17111225635616278
0.17030891877091053
0.168522079034682
0.16586249054685365
0.16308565077903756
0.16039447574113508
0.15802998908897095
0.15575343993706786
0.15347642400559267
0.15143050423127005
0.14994848687984888
0.14919555770588588
0.1486995130596844
0.14779483619919023
0.14612240288945322
0.14386492827837155
0.14168527032078854
0.1399468209111427
0.1382475965667686
0.1361241922853698
0.13341897918673115
0.13050541626201337
0.12795854469159168
0.12594654266662164
0.1245107536418414
0.12289918726332548
0.12103837164247207
0.11871181149877895
0.11675201574263
0.11522176941234831
0.11398552575749436
0.11248370551402603
0.11067307499626754
0.10866365849258264
0.10696310444090416
0.10549421261129979
0.10428686304801058
0.10300373965906484
0.10158445364478327
0.1002644118927392
0.09945062000314185
0.09929034823214217
0.09965616831756867
0.10010432542001388
0.10050873532502311
0.10089932134488651
0.10168280275558166
0.1027797733709617
0.10397103825197247
0.10454972828035554
0.10437670557430137
0.10344675738305191
0.10222382477647893
0.10067899170418099
0.09869155177781003
0.09581044053104268
0.09204920562340738
0.08750716930059929
0.08266087943779686
0.07789774656057477
0.07333097572628586
0.0688393560938166
0.06440647682228173
0.060074613298038614
0.05594927766475414
0.05217889272507888
0.048699981909982745
0.04559869975243596
0.04297954086945856
0.04099363069496666
0.039740111542858135
0.03910637720938053
0.0387084511960837
0.03814021288377412
0.03728165793609608
0.03620151830329118
0.035234431326668314
0.034556044201199794
0.0342871616694684
0.034174930680914574
0.034233536518110036
0.034299193043114455
0.03459126816737028
0.03496027363939985
0.03542858200991911
0.03570308612621732
0.03579589325327455
0.03568350987604053
0.03554930176522747
0.035473000488931365
0.035438105601754234
0.0353228987336715
0.03508099607817871
0.034779976109251244
0.03463912411108614
0.03467826108232675
0.03483540049708371
0.03491584716128506
0.03481727856573937
0.03468570375787349
0.034636589556321436
0.034821344301953265
0.035077076377934883
0.035243140042047816
0.03521952318631071
0.03506503572310356
0.034986100231053766
0.035056115147974756
0.03521831063680126
0.035249358805128625
0.03510717477689294
0.03484944201930714
0.03470151039467025
0.034667327752539806
0.03474591784236926
0.03469523622884929
0.0344646444036558
0.03417962980247268
0.03405058020916197
0.03417435104876291
0.03445360288086734
0.03474443372202225
0.03497897594827809
0.03524974511396425
0.03573946142561904
0.0365211539009063
0.037475325649570485
0.03840090702209868
0.03926950377165013
0.040137938433905625
0.04123908120560588
0.042565168779784814
0.0440692406078888
0.045542307307880746
0.04684854507598277
0.04804487694590126
0.04936982696718357
0.05089625526675761
0.05258542352986615
0.05407851104904978
0.0553903544069908
0.05655782956176771
0.05790604423272257
0.05950803391408964
0.06137549214646709
0.06319360333882479
0.06490924716635645
0.06669607253016695
0.06895572093317856
0.07174693442774123
0.07509610333371199
0.07862331718086772
0.08211277205876026
0.08550632121925737
0.08916998818716204
0.09307134238715443
0.09702203410005383
0.10059936635711177
0.10350846175668439
0.10593399607694874
0.1082796601580131
0.11076115195809541
0.11325162017174212
0.11525695193092261
0.11659871620553604
0.11750375111154941
0.1184462645877548
0.11962767010745406
0.12083705031836808
0.1217467935604341
0.12219342897457035
0.12238608732498951
0.12269296362546545
0.12327537981878825
0.12393231608172893
0.12428870644273564
0.12410694139185857
0.1237083464613965
0.12329147173216781
0.12323196705927868
0.12320553343874338
0.12289714012692
0.12205920126099451
0.12087972286369912
0.11975574812937216
0.11895747889957553
0.11830611818943258
0.1174951181762989
0.11632837737968758
0.1150339253362392
0.11404294072816912
0.1136805162252764
0.11380759396927291
0.11404949762774835
0.11438980736866415
0.11497009372923166
0.11625180780808043
0.11845638743246366
0.12123559611457856
0.12418442803553752
0.12728312800397604
0.13046198174114276
0.13377478778486074
0.13703851800943376
0.14024662454748577
0.14332581471278513
0.14638644485331143
0.1493322143807528
0.1526499331067413
0.15633231231524
0.16035344268591176
0.16417276406685738
0.16787748266283864
0.17146823214166562
0.17543204071869514
0.17969710191629987
0.18430947271320258
0.188731062474853
0.19287471162332798
0.19673677121321026
0.20099576958170834
0.2055256634490001
0.2104179464953353
0.21498454080802365
0.21962000810207602
0.22408044260131688
0.22895597172147025
0.23368592175551764
0.23869249793683836
0.2433776958420258
0.24824707226566756
0.2525540465075529
0.2571823731543526
0.2614756656339053
0.2661302212561332
0.2701228615938739
0.2738543504801887
0.27722887603804025
0.2807840598207822
