0.3463330051939272
0.34706055766672067
0.3475658466680572
0.3481748146722965
0.34858648475116577
0.348553247605027
0.34781262279301245
0.3475296102688286
0.346754152722017
0.34656660283521784
0.3448996407271664
0.3436303345486573
0.34047307019210177
0.33828220342345755
0.3345876564180125
0.3326831231844258
0.3294481056451356
0.3272752871710351
0.3239262479657102
0.3222014346614986
0.32041332535294514
0.32000546857384493
0.3188967892463963
0.31828456207133693
0.3169277918389468
0.3169477802931328
0.3170780319464214
0.31863516776626294
0.31932703778088783
0.3204197295094464
0.3202757307041345
0.3211492756323704
0.3214569264392019
0.3226121862544276
0.322300970633243
0.3218474851679699
0.32000897849787746
0.3188201163705005
0.3172653126676146
0.31648659077965796
0.3143408363936981
0.3118077212680751
0.3079480175758422
0.3047805704094125
0.3012329617278272
0.2983531333285819
0.29456139364249295
0.2909487589137069
0.2865531817476692
0.2828450653642442
0.27908094317454285
0.27594861336999876
0.27187375833202915
0.26751379265941777
0.26241575361488617
0.25816293040272403
0.25439461225333315
0.2516767509309912
0.24846296957667058
0.24508094144341772
0.24052867137196215
0.2360516672227175
0.2310952722135102
0.22623062009380607
0.22031902218331173
0.21408313507711643
0.20726490520082036
0.20152087891663642
0.19675046909634722
0.19340199791429735
0.1902581431748982
0.18746630734001735
0.18461695780097503
0.1824274139251
0.18040887357403038
0.17874179471483706
0.176551336290958
0.17433295820335012
0.1721750760827263
0.17120124071124565
0.17114790792358642
0.17200239943468262
0.17263131887496547
0.17300372577041928
0.1729291322872391
0.1733274351135301
0.1742933673127118
0.17617667556649735
0.1784339521674367
0.1814377674310468
0.18524468752982115
0.19062634259301217
0.1971195259142778
0.20442685050408424
0.21135756297330482
0.2176947526104282
0.22317910316473047
0.22884116498415968
0.23440754532844493
0.24026409586895947
0.24530236462778296
0.24985604412695195
0.25367265452331045
0.25786437440056154
0.26211196607466125
0.2666709047925709
0.2702107603132827
0.27296754761193354
0.2747041348425927
0.2767839541674851
0.27905671276154514
0.2818020068507327
0.2838808999417416
0.2854959146811496
0.28637254626822306
0.2876824602606281
0.28911066736863095
0.2911036207449921
0.2924321018836784
0.293352995718434
0.29373640938873874
0.2947224342278636
0.2960553908250869
0.2979241484128721
0.2990357234684376
0.2996360822700981
0.2994622592728709
0.29971286428051036
0.3003252147934823
0.3013431252889173
0.30186097795812733
0.30165981477995035
0.30093901934310335
0.3006244604313746
0.30089376995047956
0.30151226385414565
0.3014535257769696
0.30072848689009357
0.29952791221234765
0.2988521394049331
0.29879198665753975
0.29923092538953994
0.29919745048662333
0.29857607607031383
0.29762977683146274
0.2972367137241692
0.29757261509961014
0.2979940025977528
0.29792006401695476
0.29687091234592056
0.29553763896290514
0.2943923994092489
0.2939910377411228
0.29366862636409535
0.2929670257720538
0.29116378150961036
0.2890798136274303
0.2870309019235749
0.28561112258951327
0.2838886987184347
0.2813692469494565
0.2773307192734605
0.2723768580354155
0.2668712683539695
0.2612343779815614
0.2548797628294856
0.2470990805918276
0.23801933339162135
0.22778139333591751
0.21757520564922023
0.2075551098964402
0.19774440010647917
0.18753268118427524
0.1772554718444189
0.1676454399287956
0.1601518002556296
0.15578455866673946
0.15408291355926274
0.15338915244783474
0.15241680458043702
0.15077559850373645
0.1492829959682861
0.1481820267714744
0.1473773009098217
0.14600139340587703
0.1441146125362472
0.14185932494184586
0.1401086369701805
0.1389537928559457
0.1385410728784766
0.13851790289447288
0.13867692925196504
0.13912760714410616
0.13982730780038433
0.1408804543817861
0.14158691006292648
0.1414755816211655
0.14002096691550228
0.1377702496083199
0.1352182492640211
0.13297961974062414
0.13081099864572265
0.1286916307085196
0.12660196762932396
0.1251077677765584
0.1244732255662895
0.12513656795820455
0.1267123294949713
0.129015062031516
0.13154561326978031
0.13451709167253958
0.13801642603513095
0.14217823859503192
0.1465153237993581
0.15049620908850264
0.15367936280032873
0.15646775823651898
0.15916842339941456
0.16209713816148913
0.16482231898286573
0.16708570065851405
0.1683854752781583
0.16905520026450127
0.1695104166122049
0.17003278609838618
0.17023257161860156
0.16984314634321368
0.1685421564308457
0.16697729190622507
0.16541083971028203
0.16434622122579207
0.16316890687190713
0.1614563845183462
0.1588267484669845
0.15585844278688316
0.15276658125077897
0.14997372972749642
0.14699328684195706
0.14366752147034528
0.13975899424452257
0.13563585689747543
0.1317882765382804
0.12863840426808218
0.12595040433392635
0.12363558858213049
0.12146662466733052
0.11993668235176787
0.119085493994712
0.11935061360202959
0.11994247359488544
0.12058959597673927
0.12055366665742655
0.12034476438428157
0.12015156273913362
0.12052009431528639
0.1211224866378135
0.12205665248140231
0.12310328858176565
0.12491039592186921
0.12762396002678097
0.13169452474828872
0.136361950790421
0.1413410459115417
0.14580779288950904
0.15025312562293475
0.15460038779946225
0.1591285765470752
0.16323621417740802
0.16651509377708756
0.1685329199901021
0.16969996989812566
0.1703458119005581
0.17083792257343222
0.17091248629461564
0.1701211233318189
0.16835041481053498
0.16571978439238103
0.16296868566299136
0.16030446139842608
0.15797214566383758
0.15571594025305963
0.1534620560404723
0.15143499234368835
0.14995472765955878
0.14921259609197035
0.1487289969095942
0.14784081611190003
0.1461789902819939
0.1439286722179545
0.14176315974567077
0.14003731417343154
0.13835995856255257
0.1362603434273348
0.13357449402579522
0.13068076600425366
0.12814192821453077
0.12613988376940294
0.12468789446042822
0.12309543895703216
0.12125439649019523
0.1189548002530954
0.11699101658678267
0.11546423754641093
0.11424122661985008
0.11276872662472594
0.11097030142307181
0.10899910099504755
0.1073098127940736
0.10585515525238294
0.1046480216272398
0.1033774539968385
0.10195876795519518
0.10065378919031197
0.0998375324263561
0.09969253444227995
0.10005352724014192
0.10050815344684909
0.10090978980833974
0.10130224803201689
0.10208763924205005
0.10319254769984958
0.10439668524629353
0.10498693217928753
0.10481895257954613
0.10388593275690802
0.1026836368699398
0.10115922382665918
0.09918029598180762
0.096295773188625
0.09254099526104631
0.08802293787513059
0.08317936412328872
0.07842229512180343
0.07384730215508903
0.06936924986960216
0.06491289701713815
0.06055292542467918
0.056383259637505914
0.052572497638653674
0.04904805322341487
0.045897283604963104
0.04323214413914429
0.041206672324564264
0.039932594495960004
0.03929761446011239
0.03889047522980177
0.03829889779130194
0.03741066119374225
0.03630410581403636
0.0353218156025642
0.03463649419625015
0.03435403600884011
0.034233499856735815
0.03427521523731522
0.03435830505767649
0.03465161652518675
0.03503643703840064
0.035498349845259194
0.035788319545047846
0.03586375755308513
0.03574962497314457
0.03559447771502192
0.03553869574776784
0.035492679938440796
0.03537992043756276
0.035124133048325686
0.034837476102603834
0.03468709037475858
0.034728902318132665
0.034879841624957136
0.034958613378488636
0.03485743863660143
0.0347281072284886
0.034688200285210045
0.0348696903037452
0.035112712082812476
0.03527708008626578
0.035251236361071164
0.035113493323189734
0.0350403517019949
0.035130177602189686
0.0352853381860148
0.035318749566573555
0.03516240359388442
0.03490739326609935
0.03475450489651211
0.03471400071262046
0.03478214326469409
0.03472236867168984
0.03448114748265882
0.03419408839094524
0.034048427874490104
0.034176892408312745
0.03446181177848718
0.03478182117782094
0.03503645518040723
0.035310960963555536
0.03581265550228571
0.036621755511518646
0.03761179079607828
0.03856748119083777
0.039450484401566704
0.040355217029494635
0.04147704635119736
0.042837222389728785
0.04435688106045528
0.04586706099135367
0.04719944570422729
0.048418647416197357
0.04976693453265596
0.05132369971552052
0.05303336886601474
0.05453122835850682
0.05583420325339811
0.0570046347505214
0.058361257564506525
0.05997486710637102
0.06184362945458819
0.0636651812623785
0.06538404645263897
0.06718633777625871
0.069448104337201
0.07224978903583971
0.07559915947296693
0.07913239990082602
0.08259875759875415
0.08598203563789769
0.08963248292013466
0.09352461329819704
0.09745950210546328
0.10100028015771699
0.10389922294269692
0.106301918202276
0.10864539980247255
0.1110973140742718
0.11356302986445888
0.11554708606649375
0.11688572552258218
0.11778423308060838
0.11871066555457459
0.11988844540160071
0.12108048748012862
0.12199335388749577
0.12241059181556417
0.1226056914348125
0.12289252974079615
0.12348608037172368
0.12414094896866273
0.12451002488815649
0.12432431445046277
0.12393686931353615
0.1235025689173373
0.12347642201102603
0.12344994362448629
0.12315552762742472
0.12230065327152251
0.12112010113154471
0.12002299160035176
0.11923899007221164
0.118582371556548
0.11777837100965277
0.11660853260014706
0.11535338711754212
0.11436829404153286
0.11402873682344745
0.11414359807221872
0.11439226221903558
0.11471776426090652
0.11531155229968898
0.11658850883943359
0.1187810016471834
0.1215736169371696
0.12453380736364436
0.12765620794903934
0.1308113942628312
0.13411460580040643
0.1373454437537093
0.14055671267486874
0.14363539779963763
0.14666657992533527
0.1495715617630781
0.15281040325434395
0.1564911685110401
0.16051785298562518
0.16432844236960892
0.16798939338388547
0.17153267619729753
0.17546591821356752
0.17972725585031682
0.18418444555410202
0.18866501246291184
0.1927856868515494
0.1967228434551435
0.20089066894903074
0.20537978799103768
0.21028656358240147
0.21477025497865415
0.21941913477872468
0.22368291059293346
0.22858131238337684
0.23328014084032273
0.23847408393636985
0.24329963665143825
0.24801028954043808
0.25221971187362363
0.25642661065309386
0.2610350459165991
0.2653859466124827
0.26975163445311817
0.27344821669972164
0.27704559158056224
0.27999065963662834
