0.34783203924278105
0.3484782078518895
0.34893027413727706
0.34957755625757564
0.3499404911766729
0.3499338711035059
0.3491611730868392
0.3488666253003501
0.3480872954522877
0.34791395153402066
0.34630895855112276
0.3450472677714402
0.3418918311299367
0.33969892565734694
0.3360604889366791
0.33414990458732846
0.33088777280502635
0.32866243758746205
0.3253208948878164
0.32360786162703103
0.3218005056358307
0.32142056213353754
0.3203337789353051
0.31973620390521124
0.31840457505009945
0.3184022204083788
0.3185476464868004
0.32007797141999933
0.3207644420990794
0.32185841123913966
0.32167657061057114
0.32252418091988877
0.32280734382793974
0.3239731438718847
0.323684104252588
0.3232332690926949
0.3214069003190996
0.3202595689618027
0.3187254788117402
0.3179617830111454
0.3158102881265022
0.3133020958310516
0.3094546284138983
0.3063090243437654
0.302757273472345
0.29991029114877765
0.2961254084878963
0.29254291056319603
0.2881448468064735
0.2844339675083964
0.2806650417282456
0.2775000381140849
0.27344657584615617
0.26908583861856356
0.26401842449674484
0.25973624028140957
0.2559790758257262
0.253245267611385
0.2500257920747725
0.24662263019945763
0.2420629773556756
0.2375872477837057
0.23260593649973604
0.2277141798789904
0.22176252042862113
0.2154865691937475
0.20862792359668952
0.20284915075160093
0.19804620661257905
0.19467533746937463
0.19150591668393135
0.18867889590151404
0.185810553517888
0.1835866314348221
0.18155980307401626
0.179867661099066
0.17766374568401513
0.17542668785613902
0.1732461724963769
0.17223692242989172
0.172168861791674
0.1730399685315628
0.17370360857373424
0.1740976565923602
0.17401091197149804
0.1744206133172763
0.17538855201295034
0.17728849281363324
0.17954646229312327
0.18259245726871154
0.18643012473848242
0.19187152941357014
0.19840797836646665
0.20576011110874193
0.21272830599808548
0.2190768286818231
0.22459126042849165
0.23027800733283488
0.2358891172953062
0.2417738346477926
0.24682541214488066
0.2514070552033362
0.255227703981721
0.25943732001887926
0.2636669315955444
0.26822782243670024
0.2717634438390631
0.274510201895484
0.2762330827570979
0.27831205785486124
0.2805858999932626
0.28335919898732603
0.28541759385229504
0.28703795627187995
0.28791265688710843
0.2892242807300679
0.29063926571344956
0.29262473698663793
0.29395324851700927
0.29489022736693843
0.29527313663607896
0.29625522349217426
0.2975769439990476
0.2994244249247977
0.30055322246351146
0.30115926631721485
0.3009982900110816
0.3012229293367536
0.3018382310875077
0.30284069087679355
0.3033735245085154
0.30315828985574267
0.30243410111510133
0.3021190649150133
0.30238859667099205
0.3030228491735853
0.30296323866512065
0.30225045924611754
0.3010487214429186
0.3003622898287496
0.3003013010022768
0.3007479597112084
0.30074962086810597
0.30014049063510817
0.2992033180698225
0.2988090945043695
0.29918682826843446
0.2996184572848306
0.2995703215649707
0.2985161039159313
0.29722442337296767
0.29607747355416075
0.2956979719823364
0.29537784146411705
0.29472538467808823
0.29292096673729423
0.29087748597218555
0.28881869360136225
0.28741740971253243
0.2856702834754768
0.2831832128346618
0.2791348262922739
0.2741722908982414
0.26862972532255613
0.26297794310661937
0.2566136222605251
0.24881312566306296
0.2397039875337634
0.2294036207453824
0.21913143104067212
0.2090363546160301
0.19915754346700412
0.18884593525419296
0.17845557020290867
0.16874793316784778
0.16118916386072546
0.15679027600287054
0.15507140249363285
0.1543644182288467
0.15339790433798497
0.1517525018790812
0.1502550191672511
0.149124646985532
0.1482929607468753
0.14689153169410932
0.1449861153601869
0.1427119734681831
0.14094637301568394
0.13977539219277327
0.13936664611775762
0.13933614016261145
0.1394988039347119
0.13994463055426276
0.14065983448375394
0.14170597460337753
0.14242828550969755
0.14229681750056034
0.14085048445417866
0.13856363215910616
0.1360051633286761
0.1337443205354902
0.1315490141661932
0.12940237898341075
0.12728564476885643
0.12578690530161013
0.1251559276158767
0.12582376245935697
0.1273996990298235
0.12970137051545963
0.13226311315512457
0.13528070778109436
0.1388274394871642
0.14302627001744184
0.14740644927653188
0.15141422755804174
0.1546226772257166
0.15742617179098256
0.16016100987730156
0.163115235650592
0.16587468399439823
0.16815373980396026
0.16947424988735785
0.1701578687545824
0.17062886488339848
0.17115761262862067
0.17134382335824574
0.17094630748516623
0.16965219847841612
0.16807522947034118
0.16648920545949294
0.16539905673932717
0.16422173642825824
0.16249504722591168
0.15982716199516944
0.15682228234520654
0.15369854626293786
0.1508884829321767
0.14786896117643522
0.14450770899954055
0.14055543816352062
0.13640525726922983
0.13252503712447414
0.1293507434747536
0.12662441376694317
0.12428212525894516
0.12208190295570617
0.12053564080528939
0.11968065286615424
0.1199401462675484
0.12054676026867805
0.12119508367936337
0.12116859681246518
0.12095252418513064
0.12074986855585862
0.12112584345899978
0.12173545801727757
0.12269937741079409
0.12373743701244543
0.12556964343289376
0.12832023026405853
0.1324500905255219
0.13716089802624254
0.14218445703692567
0.1467125211479143
0.15121926909877226
0.1556208061682153
0.1601989444062217
0.16435633314640333
0.16766786384897764
0.169703205515609
0.17088847630854492
0.1715493440475185
0.17205216237440416
0.172130882757547
0.17132020981413934
0.16952912325936734
0.1668719459065033
0.16410491255469892
0.1614230465159647
0.15906026289657627
0.15679440560624694
0.1545227831733211
0.15248749550678756
0.15097476668003396
0.15022366379955351
0.1497129684921461
0.14882141242046604
0.14713547381529543
0.14488027817315616
0.1427016517761893
0.14096676239665185
0.13925885452882458
0.1371218405219978
0.13439559012296767
0.1314861129965922
0.12893224195492428
0.12691959102800945
0.12545515013482056
0.12383582929376853
0.12197644999550572
0.11964890359803727
0.11767442254729012
0.11612227123270905
0.11486956682680394
0.113368863335518
0.11155228994265308
0.10955918760349248
0.10785671833080761
0.10638152800596463
0.10516793873934134
0.10388445484022263
0.10246023720992462
0.10114353871514042
0.1003297688358018
0.10018630761116182
0.10056418448706635
0.10103471975585625
0.10145066992087168
0.1018585890970174
0.10265843457571293
0.10380506756112261
0.10502064971450865
0.10563254669920481
0.10545454991013536
0.10453271756546406
0.10331323888163892
0.10177591690311513
0.09977292764733678
0.09686141588413844
0.0930520121567974
0.08847380519956581
0.0835630759878231
0.07873979887734703
0.07409197546943326
0.06954062800413022
0.06503482344665797
0.06064394976975236
0.05644457570835114
0.05261826376975822
0.049066425897151746
0.04591212808722871
0.0432348867580711
0.04121792765961332
0.039945764382224865
0.03930608058707761
0.03888599028690656
0.03829926193310907
0.03742260969013333
0.036329112282172796
0.03535027860762066
0.034674722208082535
0.03440662374253956
0.03428962355548728
0.03433212036422222
0.0344020036759311
0.034686676047346786
0.03505393736632636
0.035517399782683194
0.03580143868599336
0.035899557716082595
0.03579148824423661
0.035653817605199714
0.0355802462418714
0.03554795606311791
0.0354355362401252
0.03518544384754608
0.03488783014302533
0.03473513976887069
0.03478112479219715
0.03492478162423791
0.035012914398190174
0.03491054010243985
0.03477679579850318
0.034729992387627216
0.03491883437159628
0.035168033471538844
0.03533558145120651
0.035302575484620936
0.035160428695000974
0.035078721594791695
0.03515063496776654
0.03531685810314502
0.03535284968341109
0.03520634818843739
0.03495234290475512
0.034803004711202554
0.034767494445359905
0.034834811431903936
0.03476883244426353
0.034549774572227215
0.0342713729888521
0.03414097826537991
0.03426988893828009
0.03454751095049736
0.03485293908856343
0.035084333012712486
0.03535891409908577
0.03584265945338236
0.03664395277011824
0.037617840549248334
0.03857639630613009
0.03945083102475064
0.0403361323349241
0.04145328465231429
0.04281007367933396
0.04434409123996913
0.045843988678720866
0.04717726934219896
0.048398268682237164
0.04975529351299369
0.05132304244573775
0.05302295966956844
0.0545365302162734
0.05584735562932877
0.057021767053964015
0.0583805148951928
0.05999839415738144
0.061905686606450336
0.0637564529858428
0.06549714014652666
0.06731360453243485
0.06959199153318771
0.07241030766129158
0.0757912330332804
0.07936160501952085
0.0828774047392892
0.08628910842238283
0.0899629771218792
0.09389800892077055
0.09787407072846914
0.1014773139811311
0.10440016759794159
0.10683493358896783
0.10919971329866089
0.11168866561613569
0.11419341902716447
0.11620146617926727
0.1175590529582417
0.11846899882298212
0.11940885441952195
0.1205912473610665
0.12180141455573942
0.12271174908504959
0.1231503876085141
0.12335161905441112
0.1236602082684292
0.12425005422125908
0.12490157085181922
0.12527049899294143
0.1250870910302799
0.12470433371066474
0.12427642957215325
0.12422944720233892
0.12418877586269075
0.12388080588564723
0.12302695368229506
0.12184633532702713
0.12072704694486952
0.11994256139009707
0.11927324001690634
0.11847212207291621
0.11727457430656264
0.11600449616205043
0.1149857469642235
0.11463797209929169
0.11474106440267177
0.11497317970155276
0.11531332265616073
0.11589883048529893
0.11719275515109258
0.11937210901711373
0.1221439904188985
0.12512924511188447
0.12823837277338113
0.13141377571573834
0.13468757633605974
0.13796226297210315
0.14120722363774824
0.14426096409622474
0.14736543905997598
0.1502866067156418
0.1535713126342959
0.1571654413047389
0.16120232594539197
0.16501534120996036
0.16871516291260624
0.17220386103670451
0.1761951398456139
0.18050653522942192
0.18504324491219423
0.189465667485713
0.1934758407965759
0.19745607252498018
0.2017140357888852
0.20625899668343464
0.21107691391801858
0.21567251110231572
0.22030767750151553
0.2247590697280543
0.22947059352028656
0.2342284470230111
0.23928300045906134
0.24412774284723368
0.248880360974564
0.253135117181369
0.2576045784482964
0.26192867536083747
0.2665409914778943
0.2706991552556164
0.27448592995103754
0.2778403952092515
0.2811820866690188
