0.3436323801203664
0.3442150088368946
0.34464366258769347
0.345292647885277
0.34571870757436535
0.34570055285806206
0.34494768378599067
0.3446589222394823
0.34389581028766875
0.34369584085304494
0.34207926253296206
0.34081008616567116
0.33768101737524275
0.3354586787937094
0.3318507859110373
0.32997657247988915
0.3267837845775843
0.32458474394948417
0.32123239312167956
0.3195154076943215
0.3177229205555436
0.3173351441239852
0.3162335706280258
0.3156371481801102
0.31431068976772386
0.31432132042661803
0.31446973696074493
0.31599045800464415
0.3166902553919605
0.317776109227894
0.31763930880367175
0.31848778253967364
0.31879760134333734
0.31996086758192815
0.31964600568361434
0.319174621169179
0.3173404027379768
0.3161886999498975
0.3146434278699682
0.31385133211371696
0.31171998794510836
0.3091915062229565
0.3053680374429088
0.3021851227692154
0.2986369943521819
0.2957532855154732
0.29196545997122497
0.2883683953818434
0.2839833129309331
0.28028749958308224
0.2765328683803207
0.27338332097293033
0.2693360713628657
0.26498906438102593
0.25991067418373065
0.2556419060100141
0.25188026285803755
0.2491659928738875
0.24596255307897108
0.2425578968401016
0.23801315389636243
0.23353775943190846
0.22859933675255986
0.2237236562216855
0.21780561172773677
0.2115721802201016
0.2047828242767852
0.1990628743245873
0.1943111856669022
0.1909554651764017
0.1878096983466839
0.18500947734452855
0.18217647259553968
0.17998576589805415
0.17797872533998194
0.17630166472246786
0.17410916781012306
0.1718876692696126
0.1697434008039945
0.16876322317833836
0.16871602161679275
0.16956332601981916
0.17020367243710194
0.17057070646545514
0.17049941501117225
0.17092056588495178
0.17188370487979068
0.17375650491648517
0.17598357204642587
0.1790045996809017
0.18281224854078354
0.1882063599550143
0.194684383502595
0.20197962286489857
0.20889556006162172
0.2152225151871932
0.22070962255356577
0.22638150722361608
0.23195609133478623
0.2378051030835308
0.24282994791692197
0.24739553393632602
0.25122991512380005
0.2554327213825594
0.259677779688395
0.26423175180541786
0.26776607194485313
0.27050445546800655
0.2722438733775585
0.27432674503051974
0.2766068945727213
0.279343916346713
0.281410410370314
0.28302051825314184
0.28390616198757834
0.2852153690277024
0.2866540883587864
0.28865331443852094
0.2899888807908858
0.2909203423501557
0.2913024194624748
0.2922808153079051
0.2935799218690766
0.29542655602814955
0.29654076017087894
0.29714128709678983
0.2969839050692212
0.29723208585114747
0.29786375235272744
0.29886034899232683
0.2993790899750592
0.29916910686747333
0.2984469731684018
0.2981266575368553
0.29837534439966207
0.29900592378876895
0.29894235745677794
0.29824850320532503
0.29703120895644225
0.29634903145826685
0.29625843619395265
0.2967073273492891
0.29668204709199697
0.2960720641900833
0.2951033804416983
0.2947102892082411
0.2950223369207932
0.295453941245641
0.2953498590448033
0.29432573449889876
0.2930004925335411
0.2918708736648229
0.29143261081650795
0.29110877822209846
0.2904031570045553
0.28863145132258533
0.2865494438134297
0.284532526802382
0.28308863518438576
0.281362641983261
0.27882861051254293
0.2748432709425518
0.2698841313499973
0.26439937071797864
0.25874880662800837
0.25242698814994624
0.24464033005427824
0.2355713839740068
0.2253392685158934
0.21514503230892948
0.2051273803587412
0.19532844890934348
0.18511908417610848
0.17485152323921693
0.16524961217045267
0.15778061716723762
0.15342403411414776
0.1517246679907591
0.15105381871671866
0.15009944157629912
0.1484836749676105
0.1469927674177083
0.14589317893807235
0.1450727160165079
0.14369720494731247
0.14181544826981232
0.13957670414110093
0.13783108158251844
0.1366957521559038
0.136286160255079
0.1362716048646237
0.13641287649331676
0.13686005927864864
0.13755248341233586
0.13861024227201982
0.13932398409302316
0.1392033547190475
0.1377673044781449
0.1355216320080777
0.13299572027567522
0.1307738152232598
0.12861766535505073
0.126506329255707
0.12441176346133495
0.12293339877137308
0.12230219899862423
0.12296533072940105
0.12452912041395735
0.12681924073258113
0.12933790818791605
0.13230174465372405
0.13580038785063978
0.13993264727120874
0.14425333487906963
0.14819970845855207
0.15137395387367508
0.15414663119220245
0.15683354550022735
0.15975711572618284
0.16245595689891973
0.1647155263533008
0.16601939844554472
0.16670469583100136
0.1671718004470992
0.16769052819993327
0.1678946973542537
0.16749363356604371
0.16621100073824505
0.1646518363019452
0.16310170390124312
0.16203392167666303
0.1608451972181119
0.15913626459606717
0.15649418909226212
0.15354494415608763
0.15046186090612818
0.14769428542302993
0.144718894662052
0.1414083964779238
0.13751005106195524
0.13341368595576833
0.12957795356462956
0.12645402345021023
0.12376314268180838
0.12146602794771058
0.11931780938044395
0.11780767401172573
0.11697521098649158
0.11722333408927996
0.11783148314113948
0.1184703485600045
0.11845394161824496
0.11822720171402729
0.11802433384625527
0.1183784418982661
0.11898573235797627
0.11992111218409933
0.12095383641187961
0.12275833736609187
0.12546187664616157
0.1295194316913863
0.13415426222832938
0.13910108977177732
0.1435504946946693
0.1479897311843661
0.15232745559229466
0.1568333232871176
0.16091131585488552
0.16417764632246554
0.16618855892422985
0.1673659484654963
0.16800560391815955
0.16849475043304127
0.16855101586090004
0.16775536556146758
0.16598511436641164
0.16337277993327814
0.16063814581347194
0.15799125963115773
0.1556634644843763
0.1534152008543381
0.15115930711376135
0.14914111808672592
0.14767076651678826
0.1469343498637505
0.14643955520082652
0.1455507388126414
0.14390245874125207
0.14167963257183794
0.13952765771223646
0.1378153934085247
0.1361355798126189
0.13403912022303147
0.1313622804620683
0.1284999895573354
0.12599189601184804
0.12401715957844939
0.12258400881565626
0.12099972957284612
0.11916744682905958
0.11689115739156174
0.1149583722967423
0.11345116929940939
0.11221323719865056
0.11073681292831969
0.10893851909713317
0.10697644698444315
0.10530111243770371
0.10385636642885798
0.10265171849164703
0.10138053733104777
0.09998198157145992
0.09870100104450533
0.09790336152608232
0.09775713233441206
0.09811810711348797
0.09857249230320733
0.09895873549288106
0.09933912843100265
0.10009276567425567
0.10117651235858738
0.10236218466299121
0.10293925280617643
0.10277284542940306
0.10184840552525971
0.10065901517534523
0.09915189578004754
0.09720291603086643
0.0943652636192136
0.09065858206242226
0.08620100633781148
0.08144889567660603
0.07680076097358693
0.0723285289528138
0.06793893569744859
0.06358231385145532
0.05933611618148622
0.05529367669632401
0.051623912629501695
0.04824498567335236
0.045227910401932046
0.04268237004221206
0.04074710646793887
0.039533688771679
0.03891732737901296
0.03853507380902842
0.037985250314719735
0.03714451349955295
0.03608547202676854
0.035147291368412444
0.034502981438507045
0.034245197309217525
0.034137840945356226
0.03418189736062268
0.03424889453973886
0.034531042969467705
0.03488793073452371
0.035347957758627715
0.03561502389262042
0.03570959515393879
0.03557990343566291
0.0354365683621756
0.03536827670628022
0.03534018553623199
0.03524205940727023
0.03499745442198235
0.03472114663628356
0.034579020803226224
0.03462828563105071
0.03477175282002647
0.03485305119678358
0.03474701931494844
0.03461836939297376
0.03456895012951775
0.034748132241898225
0.0350002224608196
0.035157806275358604
0.03513882937111684
0.03499886107726162
0.0349222774623509
0.034994403509906825
0.035144156107671305
0.03518281680656162
0.03504423862306609
0.034796622986253044
0.034642094911183634
0.034607313532730284
0.034677063848163193
0.03462704078404783
0.034397774784838346
0.034112414578680625
0.03398842078383875
0.03410332220303981
0.034402286526113025
0.034698226440632425
0.034935231454013574
0.035181746703761944
0.035647244671023696
0.03641938401352562
0.03736474480412613
0.03827968742047794
0.03911430324103933
0.039944656994131904
0.04100707824453262
0.04230814936741104
0.043787690546029996
0.045226303690142106
0.046499648598334026
0.04764626716039176
0.048950618969645504
0.05044348402236317
0.05209969018645017
0.053543768303732926
0.054809282438373436
0.05594991906197788
0.05725371868089319
0.05882027597451548
0.06063569514162097
0.062416977581653287
0.06408033483855673
0.0658288848354699
0.06804999450221394
0.07079338264856792
0.07407703529645625
0.07752791958139099
0.08095193519326285
0.08427324116017727
0.08786992185532681
0.09169934833541367
0.0955821568551118
0.09907912788974571
0.10193432199280984
0.10430397225272119
0.10662071930766276
0.10904548890649073
0.11151727475614742
0.11347648355780798
0.11480881840140275
0.11569377889237879
0.1166231336082458
0.11778375559437067
0.11895770613808183
0.1198714039920831
0.12030975905366058
0.12050865141616135
0.12080430589342675
0.12137712435181307
0.12202923746322816
0.12237187336852426
0.12219557749176474
0.12179613434176235
0.12138765177907089
0.12133712249948476
0.1213160962730445
0.12102303814856637
0.12019349464567812
0.11902803771914176
0.11792264644101502
0.11714387545325894
0.11650846038341811
0.11571048684227185
0.11456504746267798
0.1132942091389205
0.11231832484755577
0.111972703461333
0.11211035214436721
0.1123719861705061
0.11272264009897426
0.11331489813534588
0.11457531725613412
0.11673236925550712
0.11948146550110401
0.12242872441532118
0.12550414061052292
0.1286462356567851
0.13193708960343617
0.13515026084783285
0.13836452443519692
0.14137725158608747
0.14441288242823683
0.14724359804625742
0.15051271017963236
0.1541845369576962
0.15822005463683053
0.1620340876364678
0.16571547554255645
0.16924040113846808
0.17319475726945954
0.17743083395972287
0.1820143857469029
0.1863133903914143
0.19040787759009067
0.19431109489700393
0.19871230516322178
0.2032213257062721
0.2080114836877333
0.21248937298032824
0.21708866850641917
0.22150824584884823
0.22625023454408044
0.2309039692115325
0.23606106698508936
0.2407868094900974
0.24549044497638753
0.24950123550516862
0.253793461978232
0.25830382316977984
0.26286377014528
0.26721626655729497
0.27086802392707954
0.27426891769671324
0.2774008316107612
