0.34555985031327663
0.3462112165866197
0.3466623384334733
0.3472950276898553
0.34767518060446095
0.34764070000877456
0.34686402166561775
0.3465359548636857
0.34579358645082364
0.34563172468899367
0.3439823911675952
0.3426819150557623
0.3395372917011891
0.33737236071821625
0.3337519090639485
0.331847276643319
0.3286287664032422
0.32640613191221324
0.3230674844670214
0.3213075238634344
0.3195328114690153
0.3191248750229853
0.31804079728563284
0.31739790631627635
0.3160868389120147
0.31611520968185197
0.3162979788259197
0.31781832662367265
0.31851116415640407
0.3195943759283051
0.3194410288696616
0.32030357120227465
0.32060671230876514
0.3217722328006346
0.32146017995814724
0.3209877187015829
0.3191394771247417
0.31797011121386226
0.31642585537314294
0.3156568545416314
0.3134990450044239
0.31097250072085947
0.3070927310199015
0.303921666735864
0.3003752864354846
0.29752030119500195
0.293728538742379
0.2901327319223285
0.2857183132362405
0.28201109556490683
0.2782335603164333
0.2750971018181969
0.2710389396215918
0.26667987906499624
0.2615870636731586
0.25731291511359594
0.253526849827148
0.25081615664575924
0.24759378132089171
0.24419862434497444
0.23967931573994194
0.23520701230519062
0.23025575838486517
0.2253142205623873
0.2193965750038118
0.2131461850115329
0.20637051863420722
0.2006158072485696
0.19586578950097072
0.19251222246251662
0.1893831895818528
0.18659298896396806
0.18374046868609772
0.18154986734989076
0.17952468236073507
0.17785172503816804
0.17566390090128428
0.17344629939169584
0.17129982271468536
0.17032062524434413
0.1702747526092817
0.17112304839597373
0.1717599262818305
0.17210582046544456
0.17202531253864636
0.17242761765814424
0.17340784434392406
0.17530469905179072
0.1775417619143037
0.18056254359203716
0.18435608148884355
0.18976980751952735
0.19625647186544182
0.20356191457684764
0.2104665965740698
0.21679816924531078
0.22228898135774558
0.22796134394622694
0.2335388917859259
0.2394111580712704
0.2444533250714057
0.2490121789694082
0.25282322848733
0.25702612666644215
0.2612690860495313
0.2658327056643691
0.2693861607016981
0.27215213696278645
0.27390680706076137
0.2759808127925567
0.27824826690517207
0.2809873302777037
0.2830576145167593
0.2846893586002215
0.28557003853403506
0.28688632634487704
0.28830441731319195
0.2903091907734329
0.29164302836534295
0.29258551346984235
0.29295824101813384
0.29394938375348906
0.29526334456734654
0.29711620208023
0.2982334925522785
0.29885244237944114
0.29870739074326513
0.2989495555109951
0.2995493394831435
0.30054585519530286
0.3010709103650871
0.3008740510885964
0.30015385211089846
0.2998370166622766
0.3001076182614113
0.30072997076472086
0.30064922562818525
0.2999316887591016
0.2987285106672353
0.29806580424439827
0.2979839287403231
0.29842397145012467
0.29839544115568756
0.2977987498129322
0.29685722758805416
0.2964695610871267
0.29680474286305164
0.29722235384203055
0.2971359245552422
0.2960866648145477
0.29476376618739303
0.293651130848055
0.2932307684935547
0.29289832254563564
0.2921692497895713
0.2903695209845295
0.28830978849376104
0.2862767733409247
0.284869507909602
0.2831240580192339
0.2805922816745425
0.2765498621477083
0.2715722915421351
0.26607924246071624
0.2604300039296004
0.25408605281004704
0.24628429368884686
0.23720449564075857
0.22696001075770628
0.2167550815269802
0.2067105828624755
0.19690413900997258
0.18668006715531574
0.1764123508956413
0.166793507583864
0.1593042713222909
0.15493595703651672
0.15325041114550583
0.15256092557636494
0.1516036041091932
0.14996522900553952
0.1484832844407744
0.14737935633118524
0.14656794514357144
0.14518162194659578
0.14328848297926924
0.14103478108419493
0.1392845473036989
0.13815067203281597
0.13775049082284724
0.13773928146778092
0.13788362836053006
0.13833618270790576
0.13902489118951528
0.1400708103567738
0.1407657849819512
0.1406436265052884
0.1391996690652779
0.13694850195044775
0.13441714328885615
0.1321859916044182
0.13003883990864615
0.1279098455037309
0.12582532529355753
0.12431501625609587
0.1237105486319656
0.12437859348555783
0.12595376189129978
0.12822699628645587
0.13074287347654473
0.1337095615385727
0.13722063704375406
0.1413736959635149
0.1457189296541485
0.14966708355371194
0.15284235902475984
0.15560660793981673
0.15832036964060886
0.16123524719714602
0.16398024803622632
0.1662262429754191
0.16753629316018534
0.16819104547413063
0.1686634190349852
0.16919433918158658
0.16939346143785403
0.16900566953421425
0.16770581299544446
0.16613009003568285
0.16456019631359256
0.16349258215782664
0.1623206488253127
0.1606109885770485
0.15797377616168773
0.15501571417682672
0.15191984042365175
0.14913627258681333
0.14615820668192483
0.14284836962498473
0.1389492507900829
0.1348437931066796
0.13099929645876
0.12788252545504664
0.12520072614135533
0.12289383223152427
0.12071992136730408
0.11918991410327227
0.11834969309813542
0.11860254362501055
0.11920645015628024
0.11984728083790815
0.11982518979877003
0.11959945958229626
0.11940247030274054
0.11975840058401734
0.12037700367602276
0.1213187164615728
0.12235970621752047
0.1241591883052035
0.12686652929673545
0.13094191008831071
0.13558858737295762
0.1405550553139845
0.145007001666841
0.14944652477199846
0.15378237827053035
0.15830439052142922
0.16241483841492077
0.16568968955529223
0.16771431626000102
0.16888823084668492
0.16953338127336576
0.17002748195072187
0.17008980867771867
0.16930499302699176
0.16752082921664416
0.16489785068960572
0.16214386352431007
0.15948837373001762
0.15716464667181804
0.1549218175517773
0.15267407808819553
0.1506384339914947
0.14916062949923797
0.14841405549970285
0.14792259285128756
0.14703467423883906
0.14538012189440735
0.14314608045176583
0.14100113594340105
0.1392787182386311
0.1375945532110537
0.13547459448595986
0.13278878889502516
0.12991005384934012
0.12739820863112278
0.12541758622522386
0.12399402845923871
0.122387285638984
0.12055405533940278
0.11826274766803628
0.11633438450976814
0.11482176033182803
0.11359244815933456
0.11210849832831901
0.11030226105895598
0.10832188329276819
0.10665363987147007
0.10520367858352149
0.10401025420680485
0.1027363580340584
0.10134519982534941
0.10004314376209729
0.09923732045694349
0.09908942825932046
0.09947009661834079
0.09992757381435764
0.10033198095819995
0.10071960735938146
0.10148720246097988
0.10258739363612457
0.10378011761713783
0.10438597123114857
0.10421153685531254
0.10329506006267052
0.10209036900561332
0.100575458400806
0.09860865209071797
0.0957410726853084
0.0920165273632965
0.08751243265837373
0.08271087776578795
0.0779758888861429
0.07344732359374631
0.06899267745405757
0.06458741031974312
0.06026098493755145
0.05614434118347443
0.052375472623315406
0.04889404580004715
0.04577271903638655
0.043137765781956904
0.041146265994013234
0.03987910449636119
0.03924305047436024
0.03883289826020168
0.03826442570022241
0.037386237657051284
0.03629085035287781
0.0352936376347543
0.03460865866098196
0.034333888231610044
0.03422489992904038
0.034273010878023265
0.03434395748132651
0.034637740508219425
0.035008543323232603
0.03546819768623962
0.03576257323094226
0.035864989210069004
0.035752388361482645
0.03560178680379117
0.03551831326658064
0.035478396488748204
0.03535713656602964
0.035110513026081556
0.03481736772342562
0.03467807072205766
0.03472220286130055
0.03486969790634058
0.03495711427058279
0.034841616737581994
0.03471210117535126
0.03465735972770346
0.03484520227677329
0.03510074956704087
0.035267028449874095
0.035249720193353526
0.035101104076396335
0.03501684696634128
0.03509639323912091
0.03525453945137622
0.03529132490901725
0.035139239001406905
0.034881689428961304
0.03472518241366747
0.03467590734078993
0.03474501862975833
0.03469060699689543
0.03447411759965493
0.03418337354413077
0.03404748084723451
0.03415914596535464
0.034456181592161524
0.034765171068046385
0.035026466280142096
0.03530448081010553
0.03579501629184269
0.0365860581658175
0.03756296064549124
0.038524550150206636
0.03940581333873594
0.04028492101327466
0.041387308946257785
0.04272466200618158
0.04424194668724285
0.04573080374882413
0.04705610536813038
0.04824857682312593
0.049580546928363826
0.051116835005873204
0.05280646587793243
0.05428743053525681
0.055567736117042514
0.05672712666828022
0.05806957730864224
0.05966566074177843
0.061523257756472355
0.06332801848691345
0.06503500982595281
0.06681296283305206
0.06905512019526439
0.07182510388578682
0.07514038363243983
0.07864026732648546
0.08208241465463167
0.08544133511182807
0.08904941336383033
0.09292327868416209
0.09682725464737328
0.10037060091578227
0.10323712988975775
0.10563279158554112
0.10795687117392573
0.11040665123821408
0.11287937865444135
0.11486027058599392
0.11620093055787323
0.11708533703159449
0.1180091444876998
0.1191693856307792
0.12035640129631185
0.12126291541762432
0.12170581926648306
0.121903533706519
0.12219014223879586
0.1227548367051688
0.12341471031864189
0.12377572617572749
0.12361071359796817
0.12321464400425926
0.12280693209255833
0.122757177297401
0.12272767074144746
0.12243797721622647
0.12160321941331981
0.12043718652308438
0.11932194242643214
0.11853386915154089
0.11788575761114845
0.11708637762662649
0.11592361808039432
0.11465061612211123
0.11366591092699903
0.11334278928558843
0.11348711418608551
0.11373526350011329
0.11407090732263703
0.11465254489760049
0.11595480118753133
0.11813609181040097
0.12090334256455358
0.1238576031675911
0.12692947317438608
0.13009797235170759
0.13336923074071
0.13668067226890693
0.1399115945489875
0.1429785623312537
0.1460106971775356
0.14892459594072846
0.15218555966669195
0.15583644344236958
0.1598086527167813
0.1636559008410846
0.16730562787915007
0.1708028472672653
0.17472745726473726
0.17900065503063828
0.18361191264870708
0.1879908190483396
0.192067553692535
0.19599231008041634
0.20030531026837825
0.20486897664163037
0.20971176333831681
0.21426381002352846
0.21875664448667
0.22318246719184723
0.2279365071603929
0.23278976923277478
0.23780576325230238
0.24261814597883266
0.24723969487253286
0.251505053343893
0.25578879518235015
0.2602947428414757
0.26475520538904923
0.2690343068994718
0.27276939309522596
0.2761171787211873
0.27900355305299834
