0.35076953533391725
0.35138748928915925
0.3518452514587033
0.3525333331694148
0.352892291439042
0.35289063220234573
0.3521327457284463
0.3518671709326282
0.35109562523760907
0.3508654442255496
0.3492239704131716
0.34794071324078885
0.3448139759761698
0.34261088201393086
0.3388244549170602
0.3368973303441259
0.3336217731554484
0.33149484404857454
0.3281050324009779
0.3263685410650266
0.32454554831423466
0.324171296548907
0.3230518600957467
0.32242532195823514
0.32106908989761823
0.3210995742236532
0.32124301224472457
0.3227706025286499
0.32345152407345373
0.324550222721819
0.3243872091948188
0.3252321404293349
0.3255149036376322
0.32669168641543544
0.32637066420190275
0.32590923175754793
0.32403797817607044
0.32287149396210324
0.3213365994459411
0.32058461500450586
0.3184585077947672
0.315939358405226
0.3120563597683411
0.30890574948075045
0.3053588534470407
0.30251590466937567
0.29870211556405935
0.29507833763507757
0.2906832699710218
0.28696808483757724
0.2831846839843242
0.28001675567762924
0.2759265495330776
0.27156056584823207
0.26642755374724447
0.26214066625489924
0.25833082673879776
0.25560536510014936
0.25234493335135183
0.24892285308303794
0.24433861174388033
0.2398324656659057
0.23484084206897574
0.22991601827502947
0.22396948291455576
0.2176578090761429
0.210761191985521
0.20490936959390882
0.2000838635484537
0.19668298660032224
0.1935069776129604
0.190669265558457
0.18779899437020256
0.18559045796013685
0.18353574427931876
0.18183608332291737
0.17959309406052693
0.1773453472693959
0.17514079657358056
0.174147612764116
0.17407626889960667
0.17494756851184445
0.17558809497391153
0.17597546590016844
0.175898147485107
0.17631204011176865
0.17729738679421725
0.17920388755178301
0.1814879134777607
0.18454672267744282
0.18840407698469283
0.1938916288806169
0.20048688427948785
0.2078903044830304
0.21489287832675874
0.2212908147190021
0.2268417997887447
0.23255774936237483
0.23817002628425274
0.2440862997612294
0.24915791263316975
0.25376071941794226
0.25758607772983005
0.26180944411632784
0.26605643662084355
0.2706477635458182
0.2741901932854404
0.27695170869231767
0.2786823126200729
0.280770551247473
0.2830611035203453
0.28582015470789823
0.287889402791391
0.28951672697032693
0.290368582815487
0.2916907420271508
0.2930973578770349
0.2951296954203704
0.2964606466943597
0.29739506889434975
0.29778079049873873
0.29875920253384863
0.30009062861452196
0.30193436859735656
0.3030493425830803
0.30364859341881895
0.3034802933374816
0.3037374608710779
0.30435650717617907
0.3053746878860954
0.30589344027575016
0.30568008281799
0.3049537772376313
0.3046488548306657
0.30493017838349046
0.3055591151148687
0.30549051491031504
0.3047608605153668
0.3035769158443418
0.30289993706959506
0.3028649113327571
0.3032978001559931
0.3032983585979432
0.3026668815545602
0.30173063344994444
0.3013268488146892
0.30171222612910104
0.30214219677599374
0.30211695656017296
0.3010628935984826
0.2997798879039403
0.29860319002720626
0.29823297187673725
0.29788977470368727
0.2972548904151102
0.29539901923994916
0.29335007221198456
0.29125456248664294
0.28987479982909
0.28811536301149787
0.2855910350623913
0.28151947258428145
0.27653031504639697
0.27096983300532296
0.26526902082987086
0.2588678523688303
0.2510169342813988
0.24187437117649807
0.2315324176242221
0.22122178050490865
0.21106814597578294
0.20112925653443214
0.1907575408414431
0.18030626284152274
0.17052893569230893
0.16292424685592932
0.1584882791557095
0.15674388727822344
0.1560241450981973
0.1550538357278759
0.15340871031924358
0.1519133820825101
0.15078481485204576
0.14995581513927894
0.14854634803290934
0.14662438438349615
0.14431949320045837
0.14254287300587043
0.1413584830815529
0.14094507654279376
0.14091274982713767
0.14108111964888534
0.1415366849690224
0.14224662689389628
0.14331434251818911
0.14404135502031504
0.1439247596692746
0.14245374307417846
0.1401545994987654
0.13755401874898782
0.13528235401019284
0.13306373523926865
0.1308997549331191
0.12874939172749383
0.12723091074795193
0.1265919002934939
0.12726952622283264
0.12888448693545218
0.13123730108093304
0.13382046931011357
0.1368595154374063
0.14043252649838783
0.14466567734670993
0.14908261998256353
0.15312098901646093
0.1563572869830314
0.1591731415329871
0.16191146169728762
0.16488489283429392
0.16767317541566995
0.16996697396393098
0.17129889446029453
0.17197335539039088
0.1724573951844754
0.1729818092127487
0.17318853081747618
0.17278826750125495
0.17147896191482573
0.16987364302786284
0.168295575446049
0.16720660492416634
0.16601662433399636
0.1642562887702818
0.16158122427629512
0.15856752323354767
0.15542978493999848
0.1525955207928278
0.14956525917412758
0.14616733766640844
0.14217723803508503
0.13796928087072446
0.13404715086405336
0.13085016693471574
0.1280986428771084
0.12574469617623077
0.1235319098784042
0.12196950609187529
0.12111064941985378
0.12135917315267841
0.1219763271060351
0.12262177874453342
0.12260773056668368
0.12238308917344665
0.1221925875104951
0.12255365198077788
0.12319031724267729
0.1241468503494349
0.1252124735471282
0.12705024915466107
0.12982158045189116
0.13397490090726524
0.13871721381952754
0.14379425562182516
0.1483544486181911
0.15289579585146357
0.15732421546333716
0.1619345818144627
0.16611609077965803
0.16944685438537987
0.171497501195829
0.17268356433696844
0.17334257098948988
0.17384622447768347
0.17392046165439087
0.17310611765699363
0.17130363073184585
0.16864136785449638
0.1658524506868136
0.16314964554767097
0.16075858248337124
0.15848316933112133
0.1561764713835541
0.154128553412006
0.1525958092096748
0.1518488953610977
0.1513349124495764
0.15044269863806078
0.1487423526075131
0.14646953431763768
0.144266406677138
0.14251174982683495
0.1407886933153488
0.13863540084417994
0.13590867162125944
0.1329567012318863
0.1303786264426707
0.12831890651902086
0.12685056919783178
0.1252031740629232
0.12333187642562535
0.12097953126044289
0.11899947134501872
0.117450702706603
0.11619800382101282
0.1146909269156296
0.11284819716351989
0.11084377288014251
0.10912452326416834
0.10764587016864925
0.10641313407292474
0.10512329608229298
0.10367755815606579
0.10233721509746282
0.10151141441637164
0.10136996950188888
0.10176157881429386
0.10221737411896052
0.1026193805372123
0.10301856877535229
0.10383074758474138
0.10498421588209118
0.10621585562586525
0.10681506823524194
0.10662874266537964
0.10568287464993721
0.1044537160942493
0.10288871720856685
0.10086837624423327
0.09792454474222002
0.09408725458990189
0.08945623117185579
0.08448393588133436
0.07960090141945196
0.0749015711156275
0.0703030833594611
0.06573899596832075
0.0612742519479532
0.05700608055751458
0.05310461490127417
0.04948637272542252
0.0462739623424528
0.043548109972565696
0.041498865680855805
0.040191980471287324
0.03954365874330342
0.03911783355116276
0.03851535986556856
0.03761536526411702
0.03649931890919588
0.03549385594070956
0.034801632686596605
0.034508950029320085
0.034392252076515716
0.034431683925575274
0.034514611653741076
0.034822973018741946
0.035215096489454784
0.035691839854836954
0.03597096258539891
0.03606279332167663
0.03593605057446092
0.03579615901191023
0.035718623857557676
0.035683401145317935
0.03556723611459476
0.035309431588035754
0.034999007875837214
0.03484275212298514
0.03489563973134094
0.03505627581269785
0.035145044103338144
0.03503214746878207
0.03489834962088908
0.03484806766493843
0.03503018558858194
0.0352907227122423
0.03545271035225605
0.035428627984033935
0.035283602332916386
0.03520666358832281
0.035295831332161694
0.03545214345405784
0.03548767695335116
0.0353283029547163
0.03506957122022193
0.03491712695830301
0.03487821403172769
0.03494412999360055
0.03488983542394585
0.03465646590635328
0.034364966530303916
0.03423030015426194
0.03435719971467839
0.034653324070602225
0.03495843280734181
0.035213456770881266
0.0355055815721716
0.03600327138180334
0.03681897793782872
0.03779250556577277
0.03876378683630422
0.03965312898047978
0.04057549526956068
0.041715403173144164
0.043100168326362126
0.04465865992002177
0.04620243664517075
0.0475712156397638
0.04881275288926496
0.05019966536882431
0.05179312179441316
0.05354005181068193
0.0550718863996789
0.05640282430613445
0.057616200728937826
0.05901164416313181
0.060665096931229595
0.06258443945765495
0.06444908581818298
0.06621913876371124
0.06806305939171464
0.07038425820850065
0.07324878403806338
0.07667320074681966
0.08028523224569002
0.08385404961316782
0.0873229783133033
0.09105500595660214
0.09503181549158952
0.09904647420678649
0.1026898293740411
0.10565052221010986
0.10810687738614191
0.11048377896726627
0.11298660082165177
0.11552807108258019
0.11755807886552196
0.11893483535334635
0.11984970525611843
0.12080768502028022
0.12201092589954321
0.12323328035013284
0.12414499184955183
0.12458573191439241
0.12478446983884252
0.12510735852111818
0.12568723275008772
0.12634042820078514
0.12670650877210618
0.12652626219382568
0.12613069839163146
0.12569020596733846
0.12565009033948954
0.1256232975680746
0.1253222970430831
0.12445741849461563
0.12327113573001032
0.12212435580056924
0.12132227605657099
0.12062844324306936
0.11982750658783854
0.11861225973603284
0.11732580671119054
0.11629521294391727
0.11594853355042713
0.11607219625757029
0.11631756973121309
0.11666243895915604
0.11724701892154081
0.11854805932705186
0.1207663846505703
0.12356870224343966
0.12656886408327858
0.1296870154758125
0.13287593874476547
0.1362169713074089
0.13950813782762114
0.14278445993349584
0.14585038889889526
0.14893821710684946
0.15183551397067255
0.15512352172344507
0.15882576073436128
0.16298874249795803
0.16684491316219183
0.17053813755357689
0.1740205389649699
0.17811452235811973
0.1824563685290289
0.18703376876836714
0.19135936965734834
0.19546490855460114
0.1994931194628726
0.20382029017200576
0.20839075634199702
0.21328117021118312
0.21784705577178118
0.2225144863797809
0.22690962380299232
0.23181939586334363
0.236587446105234
0.24166920611088374
0.2464484765221725
0.2510646465877717
0.25535282158721306
0.25968029593435676
0.26425025341441355
0.2688778877107138
0.2731421216360551
0.2768133251664507
0.28033272124318126
0.2841195248090119
