0.3425573501175253
0.34317078689433456
0.34361105936693037
0.3442349057367802
0.34462460051389665
0.34460510976179576
0.3438376714719973
0.3435325299054001
0.3427689353402558
0.3425982613966684
0.34097422009994904
0.3397161891004162
0.3365915282049624
0.33444697628820047
0.33086441960186763
0.32898516471626843
0.32576148416872486
0.32353660780896876
0.3202143458692491
0.31851139135484186
0.3167483229057898
0.31634690216691813
0.3152505599557281
0.31465579448997877
0.3133408905417
0.3133328491526974
0.31348247332144225
0.3150058921474421
0.31572308444072833
0.3167973047168488
0.3166469751355245
0.31749806350817145
0.3177947985508876
0.31895549894714537
0.3186606508372936
0.31819022786532086
0.3163497831383777
0.31516162905556894
0.3136564425545725
0.3128811744755273
0.3107775946851016
0.30823761496584157
0.30442089654826604
0.30126844785204837
0.2977366633070581
0.2948794682322716
0.29111667446373773
0.28754034891180696
0.2831933764613161
0.27949880955308776
0.27577491151454536
0.27262763911987437
0.26859160919385694
0.2642494384784827
0.2591886313534777
0.25496992753792636
0.25124013830696634
0.24855700236632047
0.24534895355691597
0.24194863223219543
0.23743438835217176
0.23298368586297272
0.22808448907898657
0.2232143915710737
0.2173543842499468
0.21113654152801611
0.2043969304496907
0.19867670490937003
0.19395900094121002
0.19062821154784443
0.18750234641905136
0.18472807347077236
0.1818982248323912
0.17973443674350295
0.17771956386711593
0.1760488293585423
0.17384749470907107
0.17164075306486706
0.1695070619765822
0.16855429717297465
0.16850471983383952
0.1693416073854262
0.16997862743229336
0.17035131662967168
0.17027805430023518
0.1706653587487166
0.17162288034132905
0.17349251355474893
0.17574863064386895
0.17875619162216497
0.18253895513541507
0.18788170508360383
0.19431322755536726
0.20158860470866452
0.20847619729753403
0.21478080139738726
0.2202192825010828
0.22584236710822503
0.2313845321338092
0.23721570702175235
0.24223053286051888
0.24675309524888092
0.2505459546234715
0.2547213126921424
0.2589424057257135
0.26347827921798866
0.2669862659290518
0.2697191139590888
0.27145318597754925
0.27351664727083946
0.2757944040922232
0.2785102444491337
0.280566384485587
0.28217484172430873
0.28305015373777787
0.28436448318829793
0.2857613798292431
0.28776630833504185
0.28908152110945995
0.290029764090024
0.2903924260126617
0.2913874476857205
0.2926960766104391
0.29453969306543504
0.2956533267987972
0.29625806810217375
0.2960863708364509
0.29631267520329435
0.2968982175324748
0.2979124210523834
0.2984297167997014
0.29822640515404764
0.2975061442582923
0.29719553913565877
0.29745840863909984
0.2980729462408492
0.29799851883340517
0.2972952446241562
0.2960916836525492
0.29542184958580964
0.2953497573204205
0.2957787463789316
0.2957389439544096
0.29511994198026825
0.2941770841116036
0.293791339161883
0.2941137040564539
0.29455420431244367
0.294460170981551
0.29344079202015994
0.29210245877176094
0.29098747698832933
0.2905568924541355
0.2902354904843213
0.2895210553756728
0.2877537136480366
0.2856987751892898
0.28369278995799424
0.28226795830789697
0.28055204942278106
0.2780471277475208
0.2740651643730244
0.26913528311464124
0.26367431161292837
0.2580619062161373
0.2517689474162117
0.24403655152299417
0.23502295506713697
0.2248504786249798
0.21470846127095802
0.20474367372899654
0.19499389816425655
0.18484589529383802
0.17463323922557844
0.16508352753805963
0.15764265911095737
0.15331672223463005
0.151634782439145
0.15094072800290134
0.14996960002164159
0.1483457943421904
0.14687897430656044
0.1457868911664132
0.14496981401197692
0.14359650107761524
0.14171755964757068
0.13949180111504011
0.13775539472109216
0.13661952302536462
0.13621134136599694
0.13619518788096374
0.1363442153536057
0.13680142123485753
0.1374834321008193
0.13852582122671847
0.139215479027434
0.13910746779895297
0.13767286193531889
0.13543128388921175
0.13290147251389117
0.13069381238694877
0.1285504735255772
0.12645824142290132
0.1243921717973129
0.12291820496847539
0.1222929203797458
0.12294570267007912
0.12450748470229818
0.12677138248895406
0.12926465647527866
0.13220479994850148
0.1356886703294856
0.13981676293886913
0.1441258415810331
0.14805999511644985
0.15121825413774842
0.15397947201340761
0.15665381103445414
0.15955388065787351
0.16224868772839598
0.16450715751221592
0.16579859918965473
0.16648052018280762
0.1669230485740746
0.16744816132543022
0.16763286354766513
0.16725728705567244
0.16597862227666635
0.1644256181106662
0.16286156186042552
0.16180541681646277
0.1606403745462806
0.15894395831718564
0.15631778545536745
0.15337347808740778
0.15030649867541984
0.14754534505025252
0.1445761522894591
0.14127412351765045
0.13740026794020568
0.13332588068746046
0.12951889236973052
0.12641023716052388
0.12374752524010184
0.12145981085560731
0.11930031873834612
0.11778860046260922
0.1169477188968917
0.11719909390517175
0.11778474699042289
0.11842782767429974
0.11840403763996447
0.11819919974992997
0.11799182073350711
0.11836294804892186
0.11896751853467126
0.11991061773492187
0.12092465669806493
0.12271119680715127
0.12539715845152655
0.12944968163626222
0.13406012332594125
0.13899557409555655
0.14343001500858762
0.14784605949951976
0.15216052783145398
0.15664999470344504
0.1607371313645257
0.16398841385519722
0.16599226773801998
0.1671469215676655
0.16778982240679827
0.1682711588262691
0.16835731256911798
0.16757174510487255
0.16581096682513005
0.1631840331612589
0.1604547286518347
0.15782922586950282
0.1555176417271406
0.15329191914556978
0.15104577597363864
0.14904837736375637
0.14757460923994262
0.14684496007008951
0.14635239097412148
0.14547855077036345
0.14382644456249147
0.14160737257683456
0.13946244210541153
0.13775879306882166
0.13609028005350626
0.1339966978565997
0.13132907200991814
0.12845787081031596
0.12595776568017314
0.12397854691568129
0.12255611300443232
0.12096703779997581
0.11914850737764872
0.11687227988392276
0.11493785254433558
0.11343378861602714
0.11221561258889495
0.11074830532232703
0.10896105077787478
0.10700258721635984
0.10533996727569717
0.10390044713409359
0.10271353637661344
0.10145016796255983
0.10005441947372397
0.09876204356621501
0.09797021595894416
0.0978153913355792
0.09817681468579559
0.0986072999473051
0.09901962594545953
0.09940704821135511
0.10018339450363556
0.10127177115609119
0.10245411093508008
0.10304525899399085
0.1028646194431438
0.1019617806008635
0.10077241189284594
0.09927544552207505
0.09732892355524646
0.09450129404545275
0.09081878228442439
0.08636097192678804
0.08160666367999177
0.07693892566517122
0.07246754146551274
0.06808419599774002
0.06374058024557895
0.05950200431325293
0.055461740125838946
0.0517736338364748
0.04837117161934724
0.045335694251425834
0.04277735338886862
0.040831602454440334
0.03959856565755615
0.03899263135044077
0.03861192391161037
0.03807037857719762
0.03722576327501235
0.03617480407635518
0.03522612452690936
0.03458135293824454
0.03431858406143126
0.034213732250421805
0.03425145714272424
0.03431300770948577
0.034586300717509205
0.03493570745137265
0.03539072794071524
0.03565954697720433
0.03575750661061093
0.03563294399391358
0.03549743614096631
0.03542487633456668
0.03540479131302055
0.0353047047164764
0.0350670862682273
0.034780723941534746
0.034631517675859036
0.03467655500946887
0.03482251298572661
0.034908434905528286
0.03480629925322721
0.03467539619485835
0.0346234560944172
0.03480227472348796
0.03504945765731126
0.035209999081894525
0.03518161899336998
0.03504490848257909
0.034966025916279224
0.03505165866792165
0.035205456619452034
0.035241152667286134
0.03509618862825467
0.03484127324577406
0.03468836878557053
0.03465034016780456
0.034721724741171175
0.03467899105375198
0.034450155986245325
0.03416990468046435
0.03403887150854704
0.034165951640081245
0.034450078642098585
0.034754802395034284
0.03499576763406859
0.03526313743109428
0.035732068521242166
0.036489480619629665
0.03742744617448167
0.03834148734590259
0.039189693783547065
0.04003642872588227
0.04111683466318329
0.04241548046484691
0.0438896610875932
0.04533596247414589
0.046615976469877786
0.047770594930024654
0.04905958941686024
0.050558725324284924
0.05221471618079411
0.053669041124845725
0.05493164337578178
0.056065396953048574
0.05737842862561229
0.05894581243431582
0.06077042390496111
0.06254830475456434
0.06420675963921804
0.06595863484542507
0.06815409538044484
0.07090530103645226
0.07417256183268978
0.07763802879504969
0.08104394216442673
0.08437412179801859
0.08793650460801018
0.09176708725478505
0.09562476766668247
0.09914484334138957
0.10198830873561411
0.10435871608966274
0.1066470351090971
0.10907007723334902
0.11152224527254892
0.11348179033165308
0.11480918536233226
0.11568620578685916
0.11662378153639825
0.11777116740329233
0.1189669047178583
0.11985655995876138
0.12028901667794693
0.12046785297221867
0.12075255600871576
0.12132826694204447
0.12198104379019069
0.12233981210183628
0.12215481403451209
0.12176621738870275
0.12135623560822772
0.1213256989126904
0.12130002829340282
0.12100664124238021
0.12017225604223292
0.11901612230825921
0.11792071026334167
0.11713638570646405
0.11647847939783969
0.11568236395847883
0.11452072082616567
0.11328382059444139
0.11231247358604396
0.11199085628434122
0.11211028929287019
0.11234126105580396
0.11267495014312282
0.11325921059667395
0.11452472957666864
0.116689723153019
0.1194324925594852
0.12236600153563641
0.1254067795772104
0.12852177129340867
0.13180361513320946
0.1350542001187085
0.13823138877180977
0.14126022076766712
0.14427744766787068
0.14716310196776536
0.15041256023098518
0.15403434114640246
0.15806827104813517
0.16184885016230738
0.1654955544741181
0.16893622519588514
0.17284161005018583
0.17713438082529415
0.18168352119172146
0.1860874510212979
0.1900742466596632
0.19406264166439388
0.19825231315652567
0.20277776541545076
0.2075434320604067
0.21206133837880548
0.21661250360900414
0.22092900172420676
0.22571544348236464
0.23023487591563102
0.2353476248458355
0.24000486003308372
0.2449335151936742
0.2489500943509838
0.2534471334364029
0.2578291309260042
0.2623236979727163
0.2663019778787512
0.27006238712174513
0.2735409186833666
0.27679317728911884
