0.3464851738933676
0.34706167859197723
0.3474657353862989
0.34812072121940224
0.34850697903578914
0.348553396059167
0.34775930597571997
0.3474970738849453
0.3467156006261758
0.3465426316006995
0.34485714940605233
0.3435481024015444
0.3404091609038844
0.33818046459682455
0.3345676194292764
0.3326467540434382
0.3294248116988273
0.32719357005838345
0.3238414966335251
0.3221445087259785
0.32032697084833606
0.3199327167002884
0.31881994761138344
0.31823637059548215
0.3169112389573981
0.3169179866778798
0.3170714344416954
0.31859854101280727
0.3193298277737414
0.3204021333800876
0.3202686549609772
0.32110085355835055
0.3213868933450864
0.3225359940904315
0.32221035284037886
0.32173895627857724
0.3198979847052053
0.31872773749343475
0.31720891140024493
0.3164289894973423
0.31429606025597073
0.3117353120213568
0.30787056896417286
0.30469171341062873
0.30115298219136344
0.2982695653031673
0.2944520080496262
0.29082672022983447
0.2864209609127152
0.2827182550578409
0.27892779367166254
0.27575325806126083
0.27165028257963775
0.26730930785106766
0.2622118675359106
0.25793671665642365
0.254141047368773
0.2514099365327431
0.2481917097089086
0.24475011119434842
0.2401886834631505
0.23567241942727102
0.2307115758484256
0.22578665349872648
0.2198697044104933
0.2135955525628096
0.20676977828581106
0.20098971170144678
0.19621979021576746
0.19286308451992412
0.18971840885674093
0.18689846522338788
0.18404054206752185
0.18184538244256143
0.17983688153037367
0.17816087945081968
0.17593655528272398
0.17369526186333156
0.17153071673109904
0.1705505627834541
0.1704919144950155
0.17134836034325615
0.17199145544475078
0.17237886998080812
0.17230448509309088
0.17272472614117795
0.17368782013985223
0.17557879481475439
0.17783557712895834
0.18087694977309957
0.18468522156611947
0.19010235774831763
0.19661448316839383
0.20395913497546903
0.21089153685187526
0.2172626569159076
0.2227794318471773
0.22849987698399815
0.23408386683802043
0.23997071198759476
0.2450290754198603
0.24963090439176733
0.2534652783092206
0.25767675491420994
0.2619266873645173
0.2665024770640671
0.2700612334899485
0.2728261152630692
0.27459596088065447
0.2766852805253124
0.27897039196771733
0.28172804181603145
0.28380047128868563
0.2854388156985607
0.28630128232011814
0.28763715737461376
0.2890607854728891
0.2910695930421819
0.2923843950243613
0.29331527856462597
0.29368476763263185
0.29468623668594807
0.29600246900638805
0.29787200977979006
0.29898004512209336
0.29957051557545045
0.2994057228642233
0.2996359849779242
0.30028251787586785
0.30129190457620686
0.3018282358891353
0.3016094540713756
0.3008855106413241
0.30058373643937153
0.3008509792933735
0.3014777819554639
0.3013947175537306
0.300671691556569
0.29946478785599195
0.29879466828428886
0.2987314923459713
0.29915080230335667
0.29912108623393957
0.2985147409257825
0.2975927874696034
0.2971953352825851
0.29752636322612463
0.2979521354419671
0.2978766054689797
0.2968393472334741
0.2955061407637981
0.2943623955756241
0.29392621408365593
0.29360198711270225
0.29290959293211444
0.29111555416485513
0.28904515222475125
0.28699106182620837
0.28555192352295916
0.2837896258145113
0.28125704109990907
0.2772255964527444
0.27225112708205595
0.2667204430268902
0.2610461638512939
0.2546714698219709
0.24683641315991064
0.2377313742780824
0.22744120507691465
0.21719826920557397
0.2071128695948518
0.19726343063550122
0.18700447104946077
0.1766652871802745
0.16700412887745752
0.1594758437383557
0.15510599731951863
0.1534039183545036
0.15271887490727715
0.1517536927131374
0.15012330575552532
0.1486311185862827
0.14751661314478473
0.14669369559319018
0.1453127467769307
0.14341447781965658
0.14115027107752343
0.13939586637701548
0.13825228281201069
0.13783464630179781
0.13779771798469728
0.13795350808839996
0.13843336633317108
0.13914007483278187
0.14019000783267696
0.14088812570118966
0.1407696612779891
0.13932082559557293
0.13704582578453792
0.1344929036657327
0.13225209921126477
0.13008531846737967
0.12795814387871168
0.12584487464297045
0.12435745704631287
0.12372591368432849
0.12440756823979497
0.12598683180027975
0.12830093195527717
0.1308308437918961
0.13381356844086445
0.13732922390116764
0.1415117964631943
0.14586727926261303
0.149846922773001
0.15303751867177084
0.15581218417815018
0.15851950360912093
0.16145309058688476
0.16419573980693722
0.16647003451948836
0.1677856224181362
0.16846304299147793
0.16892598573349393
0.16944705201784255
0.16964456504326916
0.16923721071157638
0.16793802297526747
0.1663540755334538
0.1647965071963254
0.16372520195303214
0.1625575365220003
0.16083620198899368
0.15818519343741713
0.15520624593732807
0.15209466460761661
0.1493013370847685
0.14629572980351746
0.14296999637847324
0.13904660173739813
0.13492775921657063
0.13106779590462336
0.1279187879034066
0.1252167124990077
0.12290708445416543
0.12074411403114034
0.11921282686784276
0.11836698782512406
0.11862190323513723
0.11922793338254198
0.11986815693402963
0.1198412318063631
0.11962859293888244
0.11942788377796555
0.11977977002298311
0.1203931313345439
0.12133802304364724
0.12238324211837495
0.12419036190063183
0.12691421849142318
0.13100220859222583
0.13566442369922632
0.14064402340202017
0.14513656592589352
0.1496118602900196
0.15398109612562524
0.15851478642517267
0.1626394395284835
0.1659295867252954
0.16796232535729994
0.1691368933521962
0.16977010477356078
0.17024744177292073
0.17031061546039875
0.16951374215182088
0.16773364555330753
0.1650930391960971
0.162343893697345
0.1596771019481158
0.15732878186921972
0.1550899471254458
0.15282853371323973
0.15079551792613305
0.14927772623432067
0.1485289617169688
0.14803803665797655
0.14716150812430992
0.14549008004386166
0.14324013648960277
0.14107361171752378
0.13935752138618188
0.1376802086324355
0.13556785568029994
0.13287099693185578
0.1299733625031763
0.1274282737007787
0.12544031862021077
0.12399731600718182
0.12241153919536378
0.12056650724392154
0.1182623269993423
0.1163147951239693
0.11479297832552755
0.11356928810445113
0.11209052928853627
0.11028030465516955
0.10832078816465507
0.10662051849127793
0.10517327170377944
0.10395845838130234
0.10269282765861625
0.10128795123183716
0.09998562461826398
0.09918537569278875
0.09902207981517769
0.09939282047130032
0.09984129664536975
0.10025401096447784
0.10063620003231072
0.10141499040747853
0.10251940484190272
0.10372155930791721
0.10430689634510332
0.10412711456496901
0.10319658128029768
0.10199137574630966
0.10046908300675006
0.09849869879842357
0.0956270477747416
0.09188662219084093
0.08738052481507186
0.08257140874560216
0.07784573256953917
0.07330935962335378
0.06886563514925223
0.06447472012983961
0.060174121936261024
0.05607110142054005
0.05231833577351917
0.0488531009842907
0.04576876588621797
0.0431459129734748
0.04117096295221437
0.03990738935978542
0.03928760903733526
0.03887960631413688
0.0383155269338297
0.037446587689670685
0.03636367406740205
0.03538639689872954
0.034714784186367524
0.03443902299642872
0.034318928522373476
0.034367879970513854
0.03443881545753769
0.03472978201721573
0.035097523863812805
0.035565127045261706
0.03584887257997457
0.03593757486165105
0.03582555628553912
0.0356829300774164
0.03560728507087016
0.03557165172821482
0.03545918846247896
0.03521247690081479
0.034914918290182756
0.034761907770434836
0.03480367824314766
0.03495488019914936
0.035042271928013465
0.03494635854401955
0.03481111244122434
0.03477144881050689
0.03494260833946264
0.03519321771526856
0.03535004907848156
0.0353380369629055
0.03519899181129992
0.035112814049208275
0.035194648013623785
0.035351771820235356
0.03539723936168839
0.035240541511524656
0.034982280818227136
0.03482984441447786
0.03479349059775777
0.034862858301434395
0.03480513762449411
0.03458025168695748
0.03429465303755345
0.034163018172419714
0.03428690312509674
0.03457325508491768
0.03487152525761411
0.035116194160109936
0.035393906927715955
0.035889999981409536
0.03667264045520899
0.03763590338371327
0.038574275720453764
0.039438655885414606
0.04031083098585789
0.041420862554021345
0.0427497190021319
0.044255041027264394
0.04571948525583444
0.047039026519574166
0.048224655862876505
0.04954172894174558
0.051059652534767554
0.05274834057508714
0.05422845284472938
0.055513372963195716
0.05665406113765993
0.058002991892928214
0.05958448579467123
0.06143622799630235
0.06322735049612305
0.0649262862630936
0.06669261371240326
0.06892764430091607
0.07169437680577886
0.07502568967230804
0.07851974778717173
0.08198292961324258
0.08534533290767116
0.088968402854509
0.09284452713357239
0.09676062193465364
0.10031483962096718
0.10319175757291467
0.1055803608684704
0.10790337601280625
0.11035856942650961
0.11283468960789535
0.1148240838781358
0.11617106911222892
0.11706935962604732
0.11799924044308246
0.11916678438096238
0.12037670321228312
0.1212921366907672
0.1217191636842673
0.12190966526456821
0.12220851273766858
0.12280026886323016
0.12345823701543662
0.12381434325366368
0.12364027671849936
0.12324203959336588
0.12281969338986214
0.12276345291589752
0.12274044650507694
0.12243654062927958
0.1216003277724752
0.1204163345540401
0.11931684722202839
0.11852891042262845
0.1178861232329238
0.11708605804840162
0.11593221146514157
0.11466639547886055
0.11368908423991672
0.11335123245908064
0.1134820860663257
0.11374816538810503
0.11407586028541093
0.11469112131327859
0.115946878810323
0.11816587210559834
0.12091262885088845
0.12390571934926706
0.12699551856699587
0.13013576781283762
0.1334257007088829
0.13669519852550627
0.1399977114147986
0.14305353519930425
0.1460615591399438
0.14896955385690758
0.1522120360898974
0.1559049841997472
0.15987389072370753
0.16377470055855503
0.16751054751045086
0.17104032361226917
0.1749947130576178
0.17928184954785373
0.1838063146338945
0.1881559440781931
0.19225704927817816
0.1962726623718247
0.20060458785470273
0.2050375987811737
0.20988830912757134
0.2143959260987782
0.2190330551321725
0.22352001655991272
0.22844990657964154
0.2330817025244284
0.23810918869007902
0.2428414631414696
0.24775809492185122
0.2520408647441199
0.25652427379937925
0.26093747459079764
0.2655680731407483
0.26960897948199686
0.2734656224331701
0.2767989283854518
0.2800304623214521
