0.3503741875543767
0.3509324854636398
0.351363624907779
0.35195327944429194
0.35230153383435175
0.35229779290447094
0.35154414540322554
0.3512655906669864
0.35048342424947787
0.3502749056418348
0.3486299210742612
0.3473009177367659
0.34417955188244176
0.3419707442105955
0.3383565411075132
0.33642208298262277
0.3331550679302493
0.3308974600312353
0.32752300839406534
0.3257843791036724
0.32397311206365986
0.32359585631876614
0.3225171128239539
0.32192777753274093
0.32058085568548045
0.3205844590452285
0.3207138197917746
0.3222385224350116
0.3229341315219328
0.32400920254726734
0.3238519280071577
0.3247169351641017
0.324996819996511
0.3261539651523484
0.32580928633105066
0.32535918297477945
0.32349902456630314
0.322358802397783
0.3208299526626308
0.3200681428616499
0.31790130515672566
0.31536685289923455
0.3115139852613765
0.30835650191623787
0.30481627446066895
0.30195687857219683
0.2981657906477806
0.29458905460701107
0.29022351537810415
0.28652040858984634
0.28272908662471014
0.27954612910609267
0.27549096719005095
0.2711314939272743
0.2660287729495361
0.26175055940261416
0.2579627894020211
0.255254947662634
0.25203564997259775
0.24860779225916732
0.24404419927475995
0.23950281389038416
0.23455336640474328
0.22962427938567673
0.22370345662813002
0.2173922957404267
0.21052157625105664
0.2047182291758116
0.19991710683297384
0.1965403793651525
0.19334629144450288
0.19050802803771344
0.18762117628938121
0.18543689488253368
0.18340006596697586
0.18173053213619758
0.1794766374968537
0.17721610791694353
0.17501753593009806
0.1740370741306631
0.17399412896251876
0.17485718061786237
0.17550628892355305
0.17588961083058513
0.17579383086740652
0.17621312815316548
0.17719568961297308
0.17914530819165816
0.1814017364143375
0.18443574496984327
0.18826745533210773
0.19373250550352758
0.20031045962332
0.20767548287214677
0.21466671235474613
0.2210287547294231
0.22656733197173
0.23226177100743803
0.2378695488037458
0.24375657157281486
0.2488132955142476
0.2533987694693266
0.2572070630368015
0.2614112014475088
0.26564949624272954
0.27024590167470397
0.2737868733627371
0.2765519543605897
0.2783005533845307
0.28037985421209627
0.28265682229063505
0.2853744579666383
0.2874467709376341
0.2890677782837975
0.289928746842944
0.2912402157026411
0.29266824438396366
0.2946982046022615
0.2960176744156299
0.29691788521569623
0.2972861393093445
0.29829532606700465
0.29962604579519025
0.3014654348454179
0.3025641981794146
0.3031642842432153
0.30299509405520586
0.30323925891281805
0.30385381993374877
0.3048728747879776
0.3054070972665849
0.3051982892303779
0.3044545645036142
0.30414948586105733
0.30443698441124845
0.3051004884467013
0.3050188047316554
0.30429457082786016
0.3030866138379162
0.3024030298857248
0.30235639196284625
0.30281226417642637
0.3028166938009647
0.30218283588527756
0.301213276797705
0.30083110845278
0.30121404525364265
0.3016822415044225
0.3016343299276903
0.300558870060753
0.29921573287757647
0.2980364282153221
0.2976531228312162
0.2973357710099581
0.2966691523956792
0.29485752051378644
0.2928006180881637
0.2907336899012482
0.2893434821173355
0.2875863727598811
0.2850794933152901
0.28099407971979723
0.2760297660614854
0.2704754762593438
0.264829899047812
0.2584474301986834
0.2506443212878346
0.24151554013743926
0.23119170905365827
0.22090532124762416
0.21079067521882933
0.20092805472798436
0.1906059064519795
0.18019588221454463
0.1704399802308735
0.162841993721346
0.15842341964130827
0.15670076168470434
0.1560133222571692
0.1550354024319318
0.15339593917870475
0.15188120609160072
0.1507576420743391
0.14990455768278638
0.14850730163237263
0.14660197949007206
0.1443380833896661
0.14255013554880092
0.1413784512985143
0.1409377806144287
0.14092444375708335
0.1410788125616869
0.14156057686172602
0.14226516620563803
0.1433420142317153
0.14404917243975401
0.1439187199470322
0.1424248698722539
0.14012862842368376
0.13755573609602623
0.1352967507414608
0.13309273118938542
0.13091576687642634
0.12878044589464321
0.12725167262201814
0.1266333659093908
0.12730648179196177
0.12892484389772957
0.13124195596568447
0.13382966189091328
0.13684496902370896
0.14043451599907256
0.14465308512557168
0.14908118719162108
0.15309459954543106
0.15631965829379393
0.15913040400591116
0.1618657099230707
0.16482879113633497
0.16759750493821632
0.16988577975716415
0.17121216099337044
0.1718855818192165
0.17237462157730138
0.1729058226614556
0.17310424672676866
0.17269284759683504
0.17138527817117447
0.1697802001211453
0.1681960912234642
0.16711215457589182
0.16593298022516423
0.16420504903031188
0.1615329002235463
0.1585425754487385
0.15539331328380243
0.15255892200948465
0.1495224508191246
0.1461432018726057
0.14218708831319593
0.13798434148269584
0.1340773671996456
0.13086486561324392
0.1281379656322888
0.12578066015729475
0.12357140873644638
0.12201777084829887
0.12116090168167233
0.12141975109693562
0.1220358833594365
0.12268759763076878
0.12265647388596612
0.12241871927169326
0.12222501530192025
0.12260212617772773
0.123233130334727
0.12417105167302675
0.125222179317618
0.1270587631233949
0.12983643912411577
0.13399457056708575
0.13873878501928674
0.1438033244717714
0.14834732377126517
0.152848001569415
0.15726166695606061
0.16186986497185074
0.1660565889089365
0.1693719671567834
0.17141311389603459
0.17259434604068177
0.17325673697541152
0.17374376859972693
0.17380222491323696
0.172990094361697
0.17118957823613945
0.1685224675600962
0.165733668363012
0.16303436572762248
0.160680429814237
0.15840372421412008
0.15611771634444097
0.15405426583763343
0.15254196399669012
0.15178527585310364
0.15128835179657338
0.1503926982622206
0.14870263516183715
0.14643319600359686
0.14423425164390213
0.1424780694068803
0.14076220106212273
0.13861771298686495
0.1358855926970147
0.13293854480625417
0.1303586393497566
0.12832352661139107
0.1268555535990038
0.12521570847982522
0.12333295291487752
0.12096847161398595
0.11897083790060647
0.11743089740949661
0.11618565213734264
0.11469285753455614
0.1128586580261386
0.11084995600144362
0.10913474459469888
0.1076571339844078
0.10642132025683515
0.10513498706345793
0.10368770352861088
0.10237933755643987
0.10154090567927004
0.10137466928656702
0.10173928783612675
0.10221161338296507
0.10262847040659243
0.10303028710308078
0.10380953073316096
0.10495831480005295
0.10618202763548146
0.10679788565870224
0.10661581526736282
0.10568277024369216
0.10446135986209748
0.10290070897383688
0.10088398003048653
0.09794294168643278
0.0941129722348913
0.0894779495391815
0.08452828839098314
0.07964576875184502
0.07496765590314114
0.07035786590947816
0.06581632356938534
0.06135720164024225
0.05710714376307584
0.053208486899474564
0.0495935485862414
0.046361299694378764
0.043622170272674864
0.04155731997328296
0.04025474661574673
0.0395919939028025
0.03916160851916651
0.03854891932314581
0.037639295311139055
0.03651167351830484
0.035496018405867295
0.034804521870547146
0.03451058352846055
0.03439397355456534
0.034438165630357745
0.03452871795703748
0.034835634793582496
0.03522909229091798
0.035696929684033374
0.035985903934726796
0.036093218709463616
0.03597040824968632
0.035831747609778725
0.03573615944784062
0.03571156605411035
0.03558742932879483
0.035333539675790726
0.03501954749518619
0.034878777763088065
0.034907922858601406
0.0350715160315238
0.035149065217239234
0.03505520208140567
0.03492228377608026
0.03488031314840095
0.035071245853159974
0.035334178492073195
0.035485222132284534
0.03546304307004904
0.03529516699170545
0.03521247369922494
0.035290914365301754
0.03545516537791137
0.035505714337065515
0.035358227846216186
0.035110227323527456
0.03495381720837858
0.03491106024965205
0.03497589179105612
0.03491637892275255
0.03469142211625863
0.03439708425484528
0.034259478878380545
0.03435879295112759
0.034649741120994615
0.034946253895899226
0.03521936190158231
0.0355091206383598
0.03602817254463065
0.036846484389407
0.03784743197557166
0.03884150525343119
0.039746723960552385
0.04065771348605628
0.04178802434704955
0.04318008759906062
0.044759268599956104
0.046315924659433835
0.04768760374657803
0.0489206303495161
0.050297133306765225
0.05188632300285162
0.05364946892475809
0.05521423533639092
0.05655788579813709
0.05776397931004388
0.059149217432046375
0.060806433983923776
0.06271713472558932
0.06457896633080468
0.0663429592737772
0.06819660060568827
0.07051453806718797
0.07338535202553356
0.07682119164188578
0.0804412800844493
0.08400451914430909
0.08746513817617693
0.09119098997014338
0.09515600638461516
0.0991675107241517
0.10278110256621337
0.10573514817827956
0.10818467076503681
0.11056963607145737
0.1130656267220119
0.11558365842446293
0.11761001573988213
0.11897275865513013
0.11987710066656979
0.1208517885720247
0.12203856104806052
0.1232661443976225
0.12416189326165879
0.12463196381865173
0.12482724003525447
0.12513028120585318
0.12570855554148913
0.12638384106037204
0.12672440868672397
0.12654366887530466
0.12613151899749256
0.1257353455118782
0.12567146130174717
0.12566289945641293
0.12534099008481556
0.12447674699569476
0.12327488820483401
0.12213409227666602
0.12134355456408943
0.12066529852327787
0.11987725239815918
0.11866284625639167
0.1173830808466312
0.11635605755086591
0.11603747939326513
0.11614164324457414
0.11639501490420835
0.11673447639168462
0.11731529210573104
0.11861262536261882
0.12082015440471305
0.12363474956556082
0.12663148499077279
0.12973292139722914
0.13292688551596735
0.1362679663224341
0.13958868890586912
0.14289197107520074
0.14594732144913714
0.14903858661076838
0.1518497835713729
0.15509628209451085
0.15876813124999045
0.16284391063747272
0.16679459217095857
0.170426751535039
0.1739945222670196
0.17796016770843012
0.18215903623208085
0.18679024143412484
0.19110304039366274
0.19533267912709135
0.1993061527856047
0.20354848176931256
0.2081615343629243
0.21291617065298443
0.217616672087908
0.2221842501354961
0.2266900993556982
0.23150555763668473
0.23620990641783499
0.2413620879124473
0.24590211764067404
0.2505612076993638
0.2547180823588803
0.2590749992678259
0.26369321563143316
0.2683792061462868
0.27303067246120566
0.27676345763368787
0.2802819312375348
0.28382087367441194
