0.3378819134152441
0.338431079467464
0.33880742129537544
0.3394418499669497
0.3398393742020843
0.3398451641339971
0.339064414915326
0.338726036014761
0.33799130983344966
0.33778598899276285
0.3362199207609044
0.33495226855669274
0.3318948428095788
0.3297313805946567
0.32625764632771537
0.32442268020353054
0.3212901814350527
0.3190475279746642
0.31575726665289716
0.31403627686314983
0.3122839745818931
0.31189869455783226
0.31084376171309713
0.31024633064574525
0.3089497976367254
0.3089577304243133
0.3091427248989827
0.3106389879542583
0.31136044992480155
0.31240386296655775
0.3122775930002084
0.31310154770483095
0.3134139613853745
0.3145609542878736
0.314282046241429
0.3138053283511499
0.31200009350856467
0.31084076780331366
0.3093586418045734
0.30858093834309597
0.3064687293319762
0.30398657971555465
0.3001736290101872
0.29705675682382965
0.29356307860533637
0.2907595354018384
0.2870309480934541
0.28346048260430534
0.2791548988119665
0.27550847371481896
0.27182629352203935
0.26871838928072234
0.26473964894509455
0.2604423022085918
0.2554264843844616
0.2512161810018632
0.2475227275044908
0.24488205260119345
0.241760277981799
0.23841940783577395
0.2339795732386477
0.22953351670833144
0.22468444497195034
0.21987712771912857
0.21411392536770468
0.2079926933745736
0.20128984796468902
0.1956393863233669
0.1909634507391759
0.18770843439066673
0.1846259345420685
0.18187257127778586
0.17907822805789367
0.17693177960655765
0.1749734758499898
0.17333624169340567
0.1711983996558995
0.16901999504191775
0.16688680317699273
0.1659305775198381
0.16587355735633671
0.16672739074336232
0.16735584846712928
0.16773358832375618
0.1676528644737351
0.16804661925756784
0.16900552037487837
0.17085282236971366
0.17304593898394657
0.17596016658247693
0.17968387455636048
0.18496113506820597
0.19136179041431928
0.19852250576020547
0.20534154350335596
0.21151199887993274
0.2168982711896532
0.2224399710271121
0.22793998567324247
0.2337037440465012
0.23866586547825774
0.24313637656284454
0.24688758937906802
0.25100674278991225
0.25517417196391873
0.25965018536396883
0.26313311212370266
0.2658546541086612
0.26759650278484837
0.26963586815963925
0.27188053595929446
0.2745805247216409
0.27663219576746995
0.2782405213629034
0.2791005355605418
0.2803909307449484
0.2818021514146665
0.28378997599142164
0.2851131926755439
0.2859909597505185
0.28635760611128425
0.2873362328799503
0.28865434607541807
0.29047533106780904
0.2915577262585371
0.29215080618398687
0.2919824518916097
0.2922435888271547
0.29286246167822383
0.29386790433464344
0.2943631730704297
0.29416242481641824
0.2934216229187401
0.29313640759418225
0.293387063311367
0.29404308371527693
0.2939321608674341
0.29324689204191073
0.292036627618815
0.29139398117881443
0.29130932657920655
0.2917501204994378
0.29171675197258246
0.29112677822294436
0.290163174341149
0.2897978216239463
0.29008868163562423
0.29054742897488156
0.2904286099837919
0.28941945130512164
0.2880695309289931
0.2869871218527589
0.28655861544718797
0.28627810517828606
0.28554536871100666
0.28382112720932623
0.2817594548665057
0.27979487828122657
0.27837995086468653
0.27670415051435526
0.27421524495954436
0.2702823921264475
0.2654196671445291
0.26001855584815065
0.2544695254014855
0.2482342756924309
0.24061199250088594
0.23170490190252002
0.2216295345882941
0.2115872226588115
0.20172638183837568
0.19211891345092968
0.18211362997926803
0.17204447927805963
0.16260608236537688
0.15526431927106538
0.15100510726982921
0.14934953121362124
0.14868735547861717
0.14772683009384682
0.1461411241160514
0.14467606303570885
0.14360806430495368
0.14280586353211233
0.14146586456099736
0.13961237064166968
0.13742840094236247
0.13572488643663544
0.13461678797501433
0.13419834844323458
0.13418501729576357
0.1343188551486586
0.13478125487121345
0.13543546529375614
0.136472645349158
0.13714367231836042
0.1370401515722708
0.13561815231402946
0.13343011313268258
0.13094270613576667
0.12878347407881663
0.12667858108762145
0.12461376402426104
0.12256735049784141
0.12110609103157069
0.12049855104662825
0.12115205726300281
0.1226987186780914
0.12491499540195189
0.12736114552942587
0.13023668510491443
0.1336715937251534
0.13774093373141402
0.14196276342338013
0.14581933900895772
0.14890385253425018
0.15161317892196574
0.1542473028251559
0.1571147760019573
0.15980598183233852
0.16202907227362753
0.1633150385163214
0.16397577491705062
0.16443907002174418
0.16495696293707068
0.16514552297621693
0.16475602910479895
0.16347489378294355
0.16192735411323433
0.16039955552216276
0.1593676089863565
0.1582221927735345
0.156551854420381
0.15396678854073723
0.1510815634788794
0.14804914737445837
0.1453242716571237
0.14241553328556728
0.13917655664973325
0.13536889448865483
0.13134375666968706
0.12758884725943256
0.12452520763095783
0.12191712448121102
0.11968140879243833
0.11757837384881277
0.11607963821589515
0.11525044677327656
0.11550278709183734
0.11609568064132526
0.11671907736048044
0.11668049466143295
0.11645644406178793
0.11626774716390424
0.11662504133242457
0.11724709033103854
0.11814984353272577
0.11916671046456051
0.12090870614791327
0.12356286197958505
0.12753464531344785
0.13207465696961132
0.1369355443183002
0.1412887155270752
0.14562030457207042
0.14985928651492963
0.1543076565375328
0.158347057497891
0.16156125398216695
0.16353401596625397
0.16468870720380016
0.16533327805761144
0.16581377589692023
0.16587455730723463
0.16509331574374134
0.16335850782914046
0.16077971478782752
0.15808797266777824
0.15549978619436844
0.1532365728996402
0.15104280022541705
0.14884083105476556
0.1468525729371078
0.14540981797310007
0.14468417159513888
0.14422710552849824
0.14337484259365
0.14173823779388628
0.13955258187544073
0.1374401491090912
0.13578272196108412
0.13412834740451726
0.1320821639549552
0.12945116763126824
0.12663382472756432
0.12415787931390665
0.1222207078253815
0.12083299818330537
0.11929055709449192
0.11749378230169603
0.11523217822463688
0.11331260104639969
0.11183057858332472
0.11063758603149229
0.10919933830585214
0.10744620913982617
0.10553354107852261
0.1039026959601035
0.10250936605267334
0.10134554556747442
0.10012051418247143
0.09874520584693255
0.09748101208439937
0.09669134378569628
0.09653692161102256
0.09690794225868803
0.09735282036056592
0.0977442697852328
0.09812716384347327
0.0988797208389368
0.09999320147728083
0.101164573791979
0.10176051811333965
0.1015819544934154
0.10069519879669243
0.09954970947503189
0.09808920505225766
0.09619157031981145
0.09341353829055847
0.0897967477590875
0.08541998016654116
0.08075960731891108
0.07615679207829866
0.07177773924939117
0.06745452825938927
0.06321105101816736
0.05903886241137308
0.05505915234813558
0.051432514567764806
0.04807910777393173
0.04510122348840735
0.04256808812858618
0.040636734266506915
0.0394216990566393
0.03881814624587348
0.038455230852586814
0.037904257464967984
0.037054605814005624
0.035977733723196174
0.03501419133519401
0.03436324635583196
0.034102993585421
0.03398671964470578
0.03402554049242162
0.03408533199092629
0.03437687440665155
0.03474698676864005
0.03520743991693253
0.03548242035605954
0.03557741375733414
0.03544663237333861
0.03530652675521417
0.03521458340657776
0.03520087103614252
0.03508662684653355
0.03485946498395794
0.03455360110588251
0.03440955504752498
0.03443973717563554
0.03459651222409864
0.03468869814867762
0.03458259145061586
0.03445657516328477
0.03441091594640909
0.03460460698530295
0.0348586665995572
0.03501967159061236
0.03499200031108262
0.03483875923510588
0.03475369262480537
0.03484004247890897
0.034987582995872804
0.03503642228908211
0.03488760747197078
0.0346441674649446
0.03448379556762053
0.03444495643131728
0.034521614971211145
0.0344587615794364
0.03424111949207634
0.033948755498541705
0.0338258374578949
0.03392171217891068
0.03421587097177615
0.034514238493311755
0.03478745320289887
0.035057137314899435
0.03555465825942612
0.03631465369541686
0.03725249716513144
0.0381657289053439
0.039012494500964584
0.039854704138582546
0.04090064965273697
0.04219134831350577
0.04365674110785055
0.04508691125962038
0.046341535095596534
0.04747487217315369
0.0487619084769679
0.05024534728126216
0.05187835858227614
0.053323230108904864
0.05455204249319494
0.05566195150562679
0.0569154541263215
0.058451903777119764
0.06023074132160861
0.061986525691805835
0.06361830858689328
0.06532888288713219
0.06747174091177716
0.07017195708713388
0.07339618926196467
0.07679619309389184
0.08013692128267323
0.08337492868410003
0.08687559898360327
0.0906147034106085
0.09442144862700858
0.09784027514799266
0.1006261475567247
0.10292716702351676
0.10520122601926928
0.1075661298092792
0.1099769073197729
0.11190342853302783
0.11321013561979146
0.11406524591517984
0.11497490953924933
0.11610570290412887
0.11729173119820262
0.11817244953843954
0.11861424736270448
0.1187907509438054
0.11907587481857403
0.11963862829475708
0.12027505047907856
0.12060589239835177
0.12042312854196252
0.12003001280898604
0.11963734409409608
0.11959224362768602
0.11959891277688499
0.1193070509220111
0.11848437851079324
0.11732924716936077
0.11624400239960027
0.11548846198853577
0.11487320384202056
0.11412053082886861
0.1129746323315364
0.11174764724898742
0.11079893703966286
0.11049850968478823
0.11061532778574196
0.11085557641815315
0.11118972561549803
0.11175596179995184
0.11300202586420954
0.11514040230273265
0.11785819201077939
0.12076636912671024
0.12378125990447894
0.1268558356266758
0.13007449924545508
0.1332826413312846
0.13649847782394434
0.13949567788142148
0.14244436526061965
0.14519992491404626
0.14838202580795154
0.15203188240456755
0.15602519629213787
0.15979570198451948
0.16338821581443286
0.16691141346834235
0.17078874067141428
0.1748527021997071
0.17927104909002997
0.18352661189814404
0.18758474174106923
0.19151395665812596
0.1955834059979264
0.20009262563525623
0.20468161691655748
0.20932915092627902
0.21365003918085299
0.2178481594677193
0.22255601788563564
0.2271435975871514
0.23243342893060678
0.23698305751759027
0.24176113487889958
0.24566931546585327
0.24987290232515366
0.25404371335197273
0.2585139636096519
0.26282163961781935
0.2666856100929248
0.270135316723298
0.2734283221558369
