0.3476799781117016
0.348246732768887
0.3486570539828626
0.34927622906707106
0.34963476767420903
0.34964783672188493
0.34888848000072364
0.34854490943383304
0.3477999361281754
0.34761448850318216
0.3460478075335787
0.34471101384853464
0.34160768224602367
0.3393612833650169
0.33583233171709953
0.33388132174461777
0.3306801302413441
0.3283605882094241
0.3250050229510221
0.32324603023543574
0.3214200823778999
0.3210327903772004
0.3199340611155994
0.3193535983795687
0.31799998952928066
0.31802922559085783
0.3181822028574536
0.31972868729714243
0.3204295851678361
0.3214943559483961
0.3213222981572897
0.3221698772789736
0.32248679902740973
0.32366991264537853
0.3233312801873577
0.32284231785668605
0.3209908521200255
0.31980488484763375
0.31826711270035934
0.3174849623005931
0.3153555782082887
0.3128311017503246
0.308945709459649
0.3057699875559709
0.3022090523095144
0.29933905463227395
0.2955289178852958
0.29188135409453136
0.28747750393348936
0.28376936028533983
0.28001002466981567
0.2768409086517931
0.2727764892852462
0.26836904345197027
0.26323481701117735
0.2589108674179476
0.25513153035125535
0.2524047267257657
0.24917654354588406
0.2457507500639739
0.24118085655425595
0.23664319278514012
0.23164948503550953
0.22672065629374072
0.2207915247972437
0.21450059457480358
0.20762368749150648
0.20180489245906108
0.19700689057499116
0.1936382573824858
0.19046287340220197
0.18763206710032007
0.18476685435308726
0.1825718101062936
0.18056231599489245
0.17887585636845138
0.1766586506579195
0.17440436992744304
0.17223031756892218
0.1712519902247617
0.17120582809377544
0.17207239970387997
0.17272778044924184
0.1731175840632925
0.1730185990813895
0.17342923819628123
0.17439667486972296
0.17633244099535797
0.17856769916937842
0.18159309732006465
0.1854268199309366
0.1908892245289297
0.1974635361221427
0.20482026437163225
0.21178963243663815
0.21814408597340126
0.22368954926636608
0.22942199354462142
0.23504085672096112
0.24092538249364395
0.2459941351395777
0.25059949928838976
0.2544588037107185
0.2586838565583173
0.2629564196833456
0.26751526653673563
0.2710746770606469
0.27384510276185614
0.275633931379163
0.2777050994220128
0.28000030629405576
0.28274203312816476
0.28485208072198426
0.28647650434833416
0.2873642948610392
0.28867667091362503
0.2901132432997631
0.2921268172486138
0.2934576617698217
0.294376077652837
0.2947515681745271
0.2957416814191709
0.29706967591466116
0.298926078180804
0.30005983985112894
0.3006669736449897
0.3004946499285825
0.300745509599929
0.30135261657080603
0.3023758875194437
0.3028867118031158
0.3026938438935395
0.3019583631712405
0.30165605021402586
0.30192734556246525
0.3025746794972858
0.30249317340954107
0.30177976713774624
0.30056928716673065
0.2998869412553252
0.29983393355442767
0.30028250824247726
0.30027700836136845
0.29962207981484723
0.2986588987030101
0.2982758438132708
0.2986450425195411
0.2990903305652128
0.2990073773774774
0.2979393330199585
0.29659183663629773
0.29543900733710055
0.2950472352045669
0.29472964805955487
0.2940308168342052
0.2922167715835637
0.2901399389685986
0.28807408682119046
0.286653399126741
0.28488000434655314
0.2823575629587721
0.27829018734813815
0.27332544886908566
0.2677809028810656
0.26209801909464686
0.2556958255177737
0.2478560127229946
0.23872372176209358
0.2284101952656605
0.21810999338399273
0.20798846704834137
0.19810063121744734
0.18779387791662303
0.17741311541775748
0.16769275098726594
0.16013880603078523
0.15573626848089478
0.15401763961087955
0.1533276795251806
0.15236586497714602
0.1507455173332082
0.14925237479289014
0.1481336845958375
0.14729097884916986
0.1458968368712778
0.14398767191067488
0.14172504860367469
0.13995708294670844
0.13880372720281917
0.1383855932386807
0.13836648681792826
0.13851305459484317
0.13898124636109452
0.1396740654252737
0.14075062945291966
0.14145577117772246
0.1413450256624655
0.1398692287864293
0.1376001151515294
0.13503167147125283
0.1327934276260964
0.13060922100123454
0.12846162901941438
0.12634046583966624
0.12483371107267888
0.12422122929443127
0.12489256246341046
0.1264889532083295
0.128783018106798
0.13135124482085778
0.13435471064929835
0.13791824025858576
0.14211072993115784
0.1464847334674521
0.15047278892097063
0.15368422745276974
0.15648237621826744
0.15920432138529297
0.162139650256323
0.16490152155243532
0.16718598993532807
0.1685063022420014
0.1691867967720188
0.169658375620525
0.1701929729786991
0.170379265898135
0.16997000637326148
0.16866528646785614
0.16707653154216873
0.16551002418343766
0.16442475164809522
0.16323984755451826
0.16151666620833693
0.15884922976301627
0.155868790137679
0.15273120200370338
0.14991564937895152
0.14691957486635338
0.14356829471289198
0.13964705295806967
0.13548266485692573
0.13161386545893472
0.12843138974753757
0.1257271485390021
0.1233995105280688
0.1212376305550203
0.11968947952719929
0.11883951082162879
0.11909450230990624
0.11970563043125867
0.12035493026942566
0.12031514341280082
0.12008322360987012
0.11988115293600153
0.12025099388847167
0.12088566995553789
0.12183629096108257
0.12289461122709176
0.1247108438321559
0.12744705279926213
0.1315356240779251
0.1362337529473454
0.14125719662393824
0.14578459712684466
0.15025833253971876
0.15464510765321324
0.15921570814127978
0.16335133765111906
0.1666360057789265
0.16866398035024596
0.1698529996478804
0.17051908838489296
0.17099427423379981
0.17105523279913787
0.17024239623584414
0.1684489990165964
0.16579749942846464
0.16300668230245952
0.16033068604398415
0.157979919391632
0.15573130895553036
0.1534569953892801
0.15140164785783858
0.14989970817108655
0.14915148411010362
0.14866586876322568
0.14777335066141367
0.14609636794010508
0.14384284418152876
0.14165975958490745
0.13991717149662045
0.13822225998297907
0.1361120751211364
0.13341734038233058
0.1305074012630832
0.12795136213417138
0.12594635537576446
0.12450218445353128
0.12290673976818908
0.12105608833598848
0.11872732807960071
0.11675200047597425
0.11520906866231065
0.11397468351175538
0.11248318795781646
0.11068913748098212
0.10870671839758192
0.10700954740681717
0.10553908612191795
0.10434470142606252
0.1030871034739716
0.10167676794845538
0.1003605470350595
0.09953490788442995
0.09935983135290924
0.09973089102590685
0.10017642610964064
0.10058378770959547
0.10096222453902594
0.10174577441750536
0.10287058110496981
0.10407458121391261
0.10466274927768394
0.10447098869819103
0.10353992612240856
0.10234131719289466
0.10081454194618172
0.09882481238018977
0.09592832232037661
0.09217182568004202
0.0876332598446095
0.08278848010973196
0.07801174325477434
0.07345428828599203
0.06897454929430857
0.06455576632690653
0.060229099055336105
0.056106878307391125
0.052341568164968016
0.04885761258390438
0.045751919569562656
0.04313390059401635
0.04113954867996439
0.039889384824766935
0.03924927143647661
0.03885384006052813
0.03826821143469628
0.03738944841471069
0.036294822693672395
0.035314900908057396
0.03464470967675458
0.03437199481229934
0.03425287257999513
0.03431401907165307
0.03438902044761877
0.03468843104932315
0.03505276228851794
0.03552469118870103
0.03580399596098741
0.03589588936724268
0.03575746073587019
0.03562675922062976
0.0355447565330548
0.03553241028165198
0.035409256036425966
0.03517232945990312
0.03486701367764175
0.03472584529971704
0.03475922119750492
0.03490509437221433
0.034993390155909715
0.03489463377723855
0.03476936453008777
0.0347136716904132
0.034891801654177504
0.0351448881003537
0.03530254040231083
0.03528999493059854
0.035140059338078684
0.03507205901377866
0.03515273916015952
0.03532184293081159
0.035366265129145105
0.03521674387294626
0.034954617608250096
0.034795332481493954
0.034751891347097365
0.03483022880172377
0.034772107162733025
0.03454646168244653
0.03424288255523807
0.03411834431825622
0.03422285626817891
0.03451698596050815
0.03480419787578093
0.03506579723276373
0.035338844372457885
0.035832329455686186
0.03662415321635846
0.037582330371355006
0.03852807477697753
0.039394439306238226
0.04026824265722587
0.04134607660917437
0.04267609360012972
0.0441848326475432
0.04568484259296679
0.04698700888751006
0.048179310022354524
0.04949917149199533
0.051053268835634553
0.052742017438208055
0.0542631942502514
0.05554583014848166
0.05672240505954785
0.058048122325699635
0.059641276531966436
0.0614904418030965
0.06330044508655831
0.06502377452695117
0.06681944026794148
0.06906798053592043
0.07185794854346778
0.07521126981636239
0.07875217800938744
0.08223404053724752
0.08560949354395408
0.08925668964187478
0.09314648408616805
0.09708806001037794
0.10064288012167012
0.10354864121667025
0.10597545047920609
0.10831169106029366
0.11076717981932638
0.11325023869180505
0.11526050807406142
0.11662388083385836
0.1175173079536411
0.11847942969780184
0.11965685799390276
0.12087137444187149
0.12177366310025078
0.12222949062861387
0.12242580347169545
0.1227358842687963
0.12329837444821093
0.1239579804295035
0.12428194667813325
0.1241051365483954
0.12369657602497917
0.123300710584945
0.12325804912084315
0.12325069989190138
0.12293399833887218
0.12207813559465566
0.12089377605043028
0.11977059194382388
0.11897137229835596
0.1183023489709381
0.11751297491422516
0.11633641796907623
0.11506692319435328
0.11406511688771125
0.11375019966305884
0.11386309352545074
0.11412092823152616
0.11444723752254245
0.11505100188505053
0.11631915371374618
0.1185283766800802
0.12131034724039637
0.12430665545268191
0.1274022757072759
0.13055780018381458
0.13386896373267454
0.13716278145109945
0.14041389642530772
0.143457482806037
0.14646822184049296
0.14936432719410767
0.15266532175930453
0.15641816194801086
0.16045135160650945
0.16434866778745696
0.16801658172830286
0.1716553892021725
0.17561222231457974
0.17978738277455414
0.18438862648810125
0.18869618284227344
0.19292008175883157
0.19695201226919432
0.2011181632275231
0.2057416031451198
0.21039938739638867
0.21526192109463935
0.2196885331817919
0.22412712449390146
0.22905199655095865
0.23376907495794755
0.23885568298226967
0.243401795346756
0.24821764915941405
0.25252866452077866
0.2568597074463072
0.2613367528484539
0.26606284057824503
0.2704684911644001
0.27426739888807966
0.2776115442881959
0.2810603107423294
