0.3503225177842436
0.3508686456372841
0.3513078967846283
0.35193638953654915
0.3523113126790098
0.35231633132638857
0.3515426862464108
0.35122474521209285
0.3504474401229757
0.35025522331730524
0.34862362715576667
0.34728835872412384
0.34411822676011317
0.3419060847898931
0.3383082042150682
0.3364038619570814
0.3331502107461349
0.330866684769381
0.3274651215179473
0.32572403786070664
0.323898733017746
0.3235206510257048
0.3223886836632323
0.32179714101303253
0.32043526282378537
0.3204780906191373
0.32060730162884105
0.32214244602008685
0.32282590300925446
0.3238990488293775
0.32375310881791647
0.3246155593370233
0.3249247630868442
0.3260599975723126
0.32572844228897285
0.32524871334596134
0.32340723931621546
0.32222778252521694
0.3206958921121945
0.31992252722150777
0.3177663892039532
0.3152022282173158
0.31131085164569866
0.3081389618631292
0.30460767425844737
0.3017438047216332
0.29792696684369535
0.2942832331293773
0.28988712812975365
0.2861748614125586
0.2823863930076397
0.27921074612952834
0.2751336771589386
0.27076738015534574
0.26561381624893193
0.26131272848101017
0.2575049108409923
0.25481138458062225
0.2515854581517347
0.24818291053254282
0.24361990489276375
0.2390943227738441
0.23411240080999088
0.22918737397479622
0.22324391328672946
0.21696119486436566
0.21007858801562357
0.20428683758383526
0.19947308228484312
0.1961080170675642
0.19292069639437257
0.19010013337085965
0.18722007480343658
0.1850404905316529
0.18298661097498425
0.1813113032294447
0.17907766572748907
0.17684007743240607
0.17465537038071768
0.17367673006319218
0.17361930043756132
0.17447970965981832
0.17512059285272719
0.17552397985215293
0.17543503252541318
0.175836889090195
0.17679389932936687
0.17871750075249065
0.18097314175161114
0.18402076274276366
0.18785303770285283
0.19330994345656524
0.1998679828996182
0.20724706730650294
0.21424773941947076
0.22062364185702368
0.22613383557195146
0.23183592293952998
0.23744055830997102
0.24336573070747006
0.24842559558331545
0.2530159069595624
0.25682587550357533
0.2610487805673687
0.26531052120820836
0.2698987486530167
0.27344002693627756
0.2762086350991076
0.2779655936415015
0.2800567449028215
0.2823323952014358
0.2850972880664199
0.28717368173026814
0.2888150725758458
0.28967437068288426
0.29100122918591814
0.2924334168177309
0.29446605609324733
0.29580104684923325
0.2967083975615418
0.2970830248361306
0.298077031297546
0.2994065273901966
0.30124636519391407
0.30234965520093793
0.3029605899076169
0.3028083536060011
0.3030548005670544
0.3036808504299305
0.3046821955812621
0.3052412232368584
0.30503207059177306
0.3043028170824815
0.3039804180040285
0.3042527009600661
0.30489816303670947
0.3048181809263861
0.30410109516533174
0.30289498245153385
0.30219450696020134
0.3021572825191312
0.30260346202430005
0.30262223478939543
0.3019614257761948
0.3009994248769841
0.3005954614132676
0.30097600430695726
0.30142260314762814
0.30137844015624643
0.30029684030227866
0.29896729843864334
0.2977878223857668
0.29739921969674676
0.2970649213203273
0.29638116552707233
0.29456356365780345
0.29250720964552995
0.2904307208524806
0.2890146104146543
0.2872432487623945
0.28471389809540465
0.2806329194376371
0.275655745126693
0.27009104514542387
0.2644086904703014
0.2580093462169761
0.2501920313062891
0.24106290448641765
0.23074128190472695
0.2204638867737532
0.21035714917060008
0.20048423951863126
0.1901817370163823
0.17979774831711462
0.17006261867091793
0.16246502329757304
0.15806102441201958
0.15635049714932447
0.15567524264329866
0.15468576018352984
0.15304058756959726
0.15152590173005442
0.1504124508985523
0.14956532753084542
0.14817249227265436
0.146259033452205
0.1439922461147225
0.1422162717144061
0.1410661532276079
0.1406424650207358
0.14062995042142765
0.1407737920901691
0.14125171751294666
0.1419440626819628
0.14300860595426718
0.14371346018449715
0.14360076863964952
0.1421322817594192
0.1398459142873555
0.1372650076814328
0.135002568832445
0.13280326317656843
0.13063453903668787
0.12850726520678007
0.12698763746335767
0.12635973213149967
0.1270351366113888
0.12864427454836366
0.13097152253511354
0.13354817182583292
0.13656444339592433
0.14014747791964446
0.14437066787907468
0.14876384094568468
0.15275435446382116
0.15596114835058503
0.1587732622034111
0.16151355983258536
0.16447427389696323
0.16723696484072106
0.1695209582237707
0.17084211813382527
0.1715279176582537
0.17199569447746388
0.17252483396358367
0.1727178222239599
0.17232551422775544
0.17100975567214918
0.16941760629988875
0.16783678505919056
0.16675819780619788
0.16556662851304718
0.16384262811871295
0.16117452148160255
0.15818282478637835
0.15504112443929458
0.15222097142999225
0.14921538529480183
0.14584198662974335
0.1418832036076228
0.1376982281516214
0.133805507245947
0.1306144640566542
0.1278683722292746
0.1255248932741362
0.12332422402049031
0.12178647227845629
0.12093369877647522
0.12119601316481304
0.12180269199321216
0.12245448452449981
0.12242994431773992
0.12220104224133606
0.12200254086048051
0.12236436670843
0.12300576922305906
0.12394293527642532
0.12500818960624346
0.12682826994797644
0.12960591303610047
0.13373011286876046
0.1384586677063947
0.1435010788566427
0.14804552103410107
0.15253815476893315
0.15693327335523036
0.16151811592725013
0.16568024048680013
0.16899144857186585
0.1710353432525219
0.17222805140175546
0.17289065376373408
0.1733593237905345
0.17341101217026714
0.17258859793440906
0.17078555786913283
0.16813359823468285
0.16533493544936517
0.16265899027774847
0.16028903938531816
0.1580262204684129
0.15573906520312977
0.15369679454908483
0.15220225594048076
0.15144894736751208
0.1509505665869677
0.15004362566705928
0.14836568639259895
0.1460956995255924
0.14391007591834823
0.1421568120716446
0.14044469259192235
0.13830796488445432
0.1355897034829997
0.13266013706374483
0.13008569287244479
0.1280497322987438
0.1265827475152396
0.12495871882832887
0.12308854756251002
0.12074106277482294
0.11875216657115506
0.11719560563884032
0.11594142844307534
0.11444698727182241
0.11263338082213195
0.1106474127683122
0.10893563904972542
0.10745697466296128
0.10622778961603159
0.1049432813825901
0.10350945475270648
0.10217833434487782
0.10134804215944411
0.10118587554664756
0.10155827629012712
0.10199754145615328
0.10239591138939526
0.10278600902302125
0.10358395862434214
0.10472069733324214
0.10594515653840818
0.10654036039711426
0.1063658140734795
0.10543032067742619
0.10421094095220497
0.10264835169516541
0.10063428231262835
0.09770173610721622
0.0938836142793369
0.08926727467155632
0.08435549699554959
0.07947257692303954
0.07480898826955701
0.07020742660253491
0.06569028799793106
0.061245247289517656
0.057003296142070926
0.05310650597459814
0.049502398883446354
0.04626226232391486
0.043549907166291466
0.041467462328264475
0.0401692674247062
0.039506465076612936
0.03909438636468233
0.038499553871353176
0.03758599086231418
0.03645954318141084
0.035437341382312644
0.03474159887375578
0.03445208908354136
0.03432994043331122
0.03437378729659635
0.03445317478772132
0.03476408425568165
0.03516278892563839
0.03563572299268048
0.035928217802513936
0.036031886616611136
0.0359115148885013
0.035772083114869575
0.03567443789491827
0.03564733728650338
0.03552573806592233
0.03528042345377394
0.03497001759743704
0.03481070163395575
0.03484176392604982
0.03498066127143647
0.035075992400427046
0.034972143756231186
0.034854701173935736
0.034800808315903466
0.03499338176213947
0.03525717047984255
0.03541319165490367
0.03539381539753061
0.03524218279185584
0.03516101370600526
0.035247230982460506
0.03540103095344503
0.03545736174760371
0.035299038611082745
0.03504513707459374
0.03487168747136949
0.03482952530414729
0.03488752690475429
0.034834604935259264
0.03460412029471336
0.0343180913596477
0.034187169461870615
0.03429134115183035
0.034580808079072635
0.034874022021262746
0.03515305673076428
0.035440086219197184
0.03596500850403132
0.03677120656516013
0.03777475466658057
0.038757298114248696
0.0396667931011787
0.04057617006768319
0.041714656325617216
0.04310126368667273
0.04467197068181145
0.04621508030330047
0.04757888549643245
0.04882986624202293
0.05021539983650685
0.0518163545092527
0.05356253924182462
0.05511384231500627
0.0564647058844146
0.05768106880269495
0.05906475830731239
0.06070273602929206
0.06260094811792669
0.06446082555452015
0.06623673989069835
0.0680818741717342
0.07041769016285478
0.07326453367248373
0.07669899206186044
0.0802944789618253
0.08386399649614174
0.08731924136520745
0.09102911915004318
0.0949807223499092
0.09898510276680318
0.10259403117115368
0.10553350675217088
0.10797432710537529
0.11034686633375201
0.11284207290188565
0.11535831841395663
0.11739272948203804
0.11875884095014669
0.11965381093372152
0.12061199052221866
0.12179996368120977
0.12303332018561267
0.12395128642990882
0.12439427585625079
0.12458856687702964
0.12487725332845453
0.1254592035120938
0.12611239213367295
0.1264600640700961
0.12628173536116835
0.12587873109875009
0.1254775182620738
0.12542864535403092
0.12541655321989567
0.12510510756688353
0.12424508133955543
0.12304869945251504
0.12191968223117608
0.1211316087815344
0.12047388859576834
0.11966757348317057
0.11845480716265483
0.11717384764590187
0.11617621471358737
0.11588070245231413
0.11597830634714598
0.1162346123569654
0.116551299252814
0.11719259469594437
0.11847519194894283
0.12070880787894508
0.12350506775410441
0.1265219650328542
0.12964359351364196
0.1328255189434317
0.13614578499365163
0.1394778099118634
0.14277049352403326
0.14586670332567125
0.1488582550845607
0.1517688756734565
0.15500536850500102
0.15871766875129567
0.16274161282882885
0.16669242064607798
0.17046604615167646
0.1740782698017015
0.17808946889707758
0.18231591179380993
0.18688549825413217
0.1912294416766762
0.19540725185923297
0.1993748638689721
0.20352728302258244
0.20811062486222298
0.212929505962679
0.21768591368310544
0.22223403023609634
0.22670421071075256
0.23167727635775281
0.23649354655100563
0.24153271172224802
0.24611788493767994
0.2507397578719624
0.2550792159243119
0.25947149895655847
0.264048426277537
0.2686905244175953
0.27308494566603814
0.27674523217985286
0.280109896693683
0.2835318233770087
