0.3361610640232748
0.3366654842698833
0.33706857862134587
0.3376538229154595
0.338096332752721
0.3380866835845837
0.3373283101373611
0.33700405491815244
0.33631214430534306
0.33613735344582396
0.33460974893157314
0.3332825739905719
0.3302606418645664
0.32805204853735
0.32468595805313144
0.3228218023359565
0.319734465839778
0.31744556394987755
0.3141716533213063
0.31246274886768893
0.31072591996140114
0.3103507696587943
0.3092973350395945
0.30871328751852267
0.30745323265598073
0.30747277772239456
0.30765195886006536
0.3091381969761562
0.3098644435887751
0.3109107297165118
0.3107729962190276
0.31158880463830824
0.3119223910784127
0.3130514995181001
0.31275706115556523
0.31226441672073685
0.31050935119366885
0.30936724191304843
0.3078985603591059
0.3071040423018549
0.3050171924047944
0.3025159373412908
0.298736018710807
0.29560275541279735
0.29216266750312325
0.2893428372136603
0.285632171960823
0.2820403437346071
0.2777691296040887
0.27415132758309957
0.27050062607615677
0.26739776111091323
0.26343117287351314
0.259135333601726
0.25413976449903475
0.24995626491561615
0.24629553188684938
0.24364160831464468
0.24051639394176713
0.23716200763724032
0.23274559704061756
0.22832863287505487
0.2235221415353012
0.2187359182788448
0.2129992033270293
0.20688756687259377
0.20024533642170506
0.19460827675614778
0.18998690110023414
0.18672022763586632
0.18366336728233384
0.18091056428107702
0.17813717117018857
0.17600416576133748
0.17404281498786636
0.17241717172571208
0.17026236799693803
0.16810232390928564
0.16599938141149492
0.16505359693603447
0.16499644284464607
0.16581779175618938
0.16644410674163915
0.1668106032648665
0.16672029015506815
0.1670970901090325
0.16805347265178258
0.16993663102307338
0.17213828118432892
0.17505057474678254
0.1787353506945404
0.18398752589282685
0.19035271074761814
0.19747866124755709
0.2042533615915207
0.210413803330541
0.21577875032317675
0.22131797743837806
0.2267784679809381
0.23251201860279916
0.23745759940626773
0.24189579091447486
0.2456172543239823
0.24971130289925825
0.2538976582204129
0.2583737320664572
0.2618430237366286
0.2645462960041913
0.2662803143249392
0.2683221505146146
0.27054842269728296
0.2732323699028476
0.2752762938794214
0.27686631225353975
0.27771984646056597
0.2790095718925834
0.2804290045203785
0.28242657070502836
0.28374352245399753
0.2846239099395643
0.2849865321255551
0.28595218162779673
0.28726080845928437
0.28906445372091616
0.29015161288425756
0.29074419254367384
0.2905770289869221
0.2908273492299602
0.2914299079564694
0.2924235647022532
0.292925663348192
0.29273632838288816
0.2920192959337665
0.2917304672306136
0.29197271313058304
0.29261559216794575
0.2925151748836714
0.2918338643387034
0.29063942188832687
0.28998943336122623
0.28990625060964387
0.29033983422011034
0.29028176903168945
0.2896935480716911
0.2887256193085975
0.2883970487144909
0.28870241639790745
0.28914532763451156
0.2890157431426561
0.2880161135103779
0.2866894140054339
0.2856133530329279
0.28516522944871986
0.2849004254519988
0.2841676068646874
0.2824690132893477
0.28042422371018033
0.2784926253213222
0.27707152771024657
0.2753933227664428
0.27289864646366085
0.2689895156157797
0.2641500119047596
0.25878631147642106
0.2532689016815607
0.2470603943793734
0.23946673980448385
0.23057543225263483
0.2205508075718237
0.21053890054421157
0.2007327101937367
0.1911525184888905
0.18119536844043785
0.17115898837508853
0.16176968326789218
0.15444994515491242
0.1502131380322416
0.1485614989911316
0.14791236781854422
0.14696496257274913
0.14538879783903175
0.14392579830449087
0.1428585243426209
0.14204833486175042
0.14071632766502684
0.13887870373534525
0.13671057628488784
0.13500741377197348
0.13390121530426258
0.1334908433884713
0.13347659604997736
0.1336069447584998
0.13405877686237277
0.13470244490853603
0.13572180520772464
0.13639243602121678
0.13630562924023965
0.13489141741675356
0.13270823262893158
0.13022966619000234
0.1280880317484213
0.12599426541192105
0.12394288163278434
0.12191536996745146
0.12045401833649133
0.11985682582521076
0.12050014112751159
0.12205153191671748
0.12425897541861318
0.12668621735884392
0.12954026815153474
0.13293000012042003
0.136984064081887
0.1411904087317799
0.1450479315984284
0.14811631100923625
0.15081274475394207
0.15343135364842925
0.1562950242442672
0.158962593017664
0.1611798615624231
0.1624393837082749
0.1631156889024971
0.16356249580816434
0.16408418867245045
0.16426317154976858
0.1638820275673144
0.1626102492304357
0.16106696199499843
0.15954211748911915
0.15851880084850595
0.157381064636146
0.15572072750082822
0.1531474881982925
0.15026580905110123
0.1472414615129168
0.14453202481393468
0.14164813850372762
0.13843945891600007
0.13465369442578962
0.1306482735725252
0.12690847664360155
0.12385892174994509
0.1212643987944236
0.11904362640003063
0.11694707886715666
0.11546027068503893
0.11462696352284658
0.1148794503679564
0.11545925494285089
0.11609525924918505
0.11606296940530414
0.11584899957195428
0.11564837412662951
0.11600023904639466
0.11659635885449436
0.11750083857492676
0.11849958254007112
0.12025625530646125
0.12289093695333182
0.12685345552479887
0.1313737871506832
0.13621145550535738
0.14055571505286465
0.1448694167212288
0.14909719919126366
0.15351168670557755
0.15751457826551538
0.16071904635405376
0.16269843117090702
0.16386869997503847
0.1644950612129274
0.16496421834966227
0.16502084119163932
0.1642576553041592
0.16252726654953226
0.1599688825557378
0.15727774928899468
0.15471569328574933
0.15245462741114982
0.15029130439675367
0.14808389173521416
0.1461130052849327
0.14466512703973594
0.14395665253056153
0.14347970388105266
0.14261671106020402
0.14098432179533715
0.13881565909510676
0.1367142554954284
0.13505015438421492
0.13341238037269823
0.1313836590460085
0.12877283337592715
0.12596926375044226
0.1235061827689609
0.12158535512251169
0.12019458267118528
0.11866358312744268
0.11686073322964961
0.11462020254309079
0.11269129351373527
0.11123558964487326
0.11005256669015243
0.10863587548327998
0.10688993778747025
0.10497325235093134
0.10335396013116246
0.10195572008879268
0.10081143559854756
0.09959850904161639
0.09823145346120175
0.0969757973120056
0.09618095046183199
0.09604467383232249
0.09641136039433078
0.09686087434549817
0.09725231479248943
0.0976307654225877
0.09838840567669006
0.09948231978828294
0.10065604834207277
0.10125577514510666
0.1010926868507904
0.10021521835317326
0.09906184188292247
0.09760871192503764
0.09571440076932268
0.09294339319035246
0.08933347052292111
0.08498046392167595
0.08034670425597619
0.07577544670962193
0.07141470190031182
0.06713161743642714
0.062900093412229
0.05875891597505004
0.05479470646143041
0.0511929685729322
0.04785452200777085
0.044886420823693395
0.042373666921004784
0.04045786859850757
0.03926718053792278
0.038660689012613964
0.0382937765608257
0.03772939622090286
0.03689028078573749
0.03582666545151105
0.034886054062535414
0.03424102505267919
0.03398852670920222
0.0338788572368935
0.03392460766750045
0.033982258989842085
0.03425957911544833
0.034627189109267896
0.035080809618367424
0.035353855666511176
0.03544162163202193
0.035316646606244256
0.035181132287697245
0.03510080753191328
0.035077363694963476
0.03496878124592218
0.03473751278574478
0.034436730475401425
0.03429637173337892
0.034332119754238055
0.034490411146246375
0.03456860239166165
0.03446532527680093
0.034342262583449204
0.03430126133829689
0.03448451579155123
0.03473757611409435
0.03488489811280579
0.034869705103581915
0.03470634098763484
0.03463481834770514
0.03470352130476758
0.03486545200379197
0.034914436098972684
0.03477144168339131
0.03452120971958541
0.03435350016192815
0.03431510924418079
0.034386393159727593
0.03433882068630856
0.03412258949197052
0.03383652280585496
0.033715975322400414
0.03381922160193144
0.03411519866631514
0.034393680054930556
0.034651142507797425
0.03491177215584987
0.03539942679713241
0.036160941653373344
0.03708939425600512
0.038008170298234605
0.038848865726548026
0.039692008293187184
0.04072855880459959
0.042001387039563264
0.043448234725668416
0.04487090943554695
0.04612614495403854
0.047260044848918444
0.0485295212854467
0.049995991479606476
0.05161319901145791
0.05305361814829134
0.05427850446720371
0.055383074708880396
0.0566412922334155
0.0581603938740313
0.059939482621036114
0.061664944735464175
0.0632963862207348
0.06497566372720617
0.06711112098058482
0.06977959737494902
0.07299030575124173
0.07637366194022173
0.07968848544342826
0.08290436450623072
0.08638358333456816
0.09011198592408987
0.09389639192124334
0.0973077338402565
0.10008017432563801
0.10238569412931803
0.10462674805551095
0.10699174601368547
0.10938532713445541
0.11130039402277671
0.11259542588301567
0.11344101291125919
0.1143685002761721
0.11549319468319627
0.11668318488294409
0.11754645979711471
0.11797599903689572
0.11815009449835764
0.11843303828712076
0.11899782448079785
0.11962298294863903
0.11996085901671473
0.11977936676744357
0.11939608064888511
0.11900277851816637
0.11896271535645762
0.11896092659967318
0.1186856873616572
0.1178678489420351
0.11672873444794632
0.11563895975639028
0.11488911895851936
0.11425638052230955
0.11350118221858904
0.11236975880239923
0.11114851516267207
0.1101920108901611
0.10989659713871505
0.1100241738608192
0.11026820927872563
0.11057682481030379
0.11116057013752728
0.11240890086761243
0.11456855964454746
0.11725815710321111
0.12017603507902773
0.12315796547565551
0.12620763678559016
0.12938289874846054
0.13256458271939894
0.1357647264573218
0.1387500059412449
0.14170195120682202
0.14446362023459453
0.14760247054802486
0.1511940565071144
0.15513554722621678
0.15888600950955084
0.16249763782361767
0.16594799471359756
0.16977348689388694
0.1737683725068309
0.17821560352434915
0.182518219497035
0.1865809758180961
0.19044960850400655
0.1944052267629937
0.19877787542296868
0.20337885973869918
0.2081354043548117
0.21261640293467562
0.21693209733542346
0.22152753885518087
0.2260630940305207
0.23110570112330628
0.23566470576261525
0.2404230588795442
0.24450566286612943
0.24856250089174695
0.25275210862790276
0.2570763825289745
0.261357073135167
0.26527810799906754
0.26881039396766365
0.27215278827463424
