0.34485339563887496
0.3454857802786777
0.34593952528092203
0.3465144220619045
0.34690105403909954
0.3468758235693943
0.34612790122325526
0.3458176123875635
0.345066969832932
0.3448736904028156
0.3432974990646158
0.3419868855126942
0.3388650864974446
0.33659990309547055
0.33290345723652204
0.33102104946461747
0.3278597253323095
0.3257497392597491
0.3223963668023448
0.32066934048664625
0.3188634136218744
0.3184986762999
0.3173949255417262
0.31680921647380406
0.31546981495163917
0.31548916406703026
0.31561966392014207
0.31712535497696387
0.31783990542150004
0.31891908714481576
0.3187914900182019
0.3196378264553713
0.3199209397456727
0.321067003020058
0.3207247411003609
0.32026927406200967
0.3184367495853364
0.3172911835339952
0.31577056641687506
0.314979190254356
0.31283560794174464
0.3103142243116779
0.30647255234502413
0.30331386959650797
0.29978617778330713
0.29693971814563286
0.29315947838575973
0.289550028251982
0.28518143074678287
0.281491899433048
0.2777456255336085
0.27459135008661245
0.270560142962982
0.2662078478456012
0.2611326058038181
0.2568561985944727
0.25310049785188493
0.250402318560688
0.24720489599916534
0.24379421730654458
0.23925974928951885
0.23476801938567102
0.2298366332077003
0.22494056438846863
0.2190615143512338
0.21282262645417896
0.20601405130083883
0.20026232285224235
0.19552520887035355
0.19219607895216306
0.1890454195940555
0.18624430017069668
0.1833937177688877
0.1812340750978184
0.17922720450112456
0.1775800059919223
0.17538345320015092
0.17314707301357943
0.17099076050005269
0.17001460898679324
0.16996705866404244
0.17081949231081775
0.17145162128063876
0.1718524238089158
0.17176411640425057
0.17218776093211766
0.17314897224459666
0.17505051644767608
0.17727300572468527
0.18026010059758762
0.18404313537330114
0.18943356021439736
0.1959382243755411
0.20322921206559408
0.21015126230701925
0.21645868387195072
0.2219492739142199
0.22759602452108446
0.23316925741180208
0.2390232611041827
0.24406309963479605
0.24862020523805362
0.2524162498249471
0.25659583167056127
0.26082148305149233
0.2653877545033918
0.2689165871105905
0.2716701036149231
0.27341372616869825
0.27549199046616374
0.27775505387850713
0.28047844359876156
0.28256253961678574
0.284184715914164
0.2850772725351199
0.2863663280377389
0.28779301764423604
0.28978181622050503
0.29111014946837843
0.2920098813920962
0.2923849768123805
0.29337819417890193
0.29469361927576027
0.2965473692218416
0.29763991164789394
0.29824218905651095
0.2980578344011266
0.29830396453936525
0.29892099693386265
0.2999153630359875
0.30043987425848784
0.3002455686569281
0.29951655176976005
0.2992055847681787
0.29946653724887634
0.3001202738782559
0.30004740112408407
0.2993464093880439
0.29812894426484
0.29744703916068116
0.29735638705060663
0.29781319381326277
0.297791946757999
0.29717814840504847
0.29620359584337647
0.2958321918057812
0.29617233982412344
0.29661565671246237
0.29651330447365615
0.2954610334637987
0.29410909937002483
0.2929775824448372
0.29257550348588074
0.29226631911300405
0.29154778079312504
0.28974845397750626
0.287674617985964
0.2856494197746363
0.28423138839241013
0.28249734026037204
0.27998248375865503
0.27596154093908454
0.27102787944327245
0.2655413581736205
0.2599283766144216
0.25361834016321605
0.24586480003485015
0.2368032206565317
0.22655739331453034
0.21637591366362216
0.20636085184083452
0.19658284226432016
0.18636779247356636
0.1760864798556087
0.1664635233103369
0.1589786474174767
0.15463318199248643
0.15295517331943234
0.1522749491685579
0.1513260465594194
0.14970573968947443
0.14822809630701553
0.14711328938936163
0.14629565752250526
0.14490263966047262
0.1430100511022761
0.14076712223489424
0.13903326534570007
0.1379014486550638
0.13747880163983162
0.13745571947408658
0.13759921091069652
0.13806794174794237
0.1387587459842099
0.13982460726842635
0.1405293260135519
0.14041422624358937
0.1389484688300836
0.1367022993691187
0.1341635258754391
0.1319556907853618
0.12977876205035238
0.12765442433578442
0.1255525926098812
0.12406035014217255
0.12344094348110086
0.12410289365098576
0.12569290244914644
0.12798374746941588
0.13052323004968483
0.1334900809662226
0.1370155144981866
0.14116735347483939
0.1455184877509953
0.14947569130555433
0.15265330288030235
0.15540979528905768
0.15808924362277305
0.16100204515386982
0.1637279037217883
0.1659846197937993
0.1672879223193798
0.16796190436673422
0.1684299314265558
0.16896119991102396
0.16915257705969053
0.1687564289131167
0.16745803340357246
0.1658807801281414
0.16431978307516118
0.1632527838326511
0.16207951070336363
0.1603669761063838
0.1577423590453744
0.15479033018566055
0.15170536559163253
0.14891043429369136
0.14594324804963282
0.14261393712274276
0.13872491578889665
0.13459243824246223
0.13076533786825878
0.1276250104607871
0.1249722706268855
0.12267111848721698
0.12051694397527586
0.11898795141383146
0.11815398903124379
0.11841113635337412
0.11899337804569508
0.11962676513640261
0.11959537700395367
0.11937374427386445
0.11917470890878097
0.11953453838347508
0.1201632140866864
0.12108673706693283
0.12212512822383471
0.12392487170119607
0.1266498983004862
0.13071272067034218
0.13536381871189257
0.14033194118733383
0.14479926847424862
0.149221505453423
0.15356105182090724
0.15807887994106562
0.16218246046434967
0.16543553534541394
0.16743969733533637
0.1686058131910768
0.16925734106008988
0.16974165316711584
0.16980101372047435
0.1690003589104914
0.1672227182263409
0.1645862269648635
0.16183215555116162
0.15918106151668154
0.15685738188643228
0.15461934892655277
0.15236052428160435
0.1503287039822986
0.14883204841906528
0.1480888703401458
0.14760740594487037
0.14673256448805141
0.14507054989091792
0.14285057673096804
0.14069247457715817
0.1389735699972459
0.1372808404012998
0.13519102902890268
0.13251380702292778
0.12962865372659826
0.1270994423391858
0.1251116019484084
0.12367961154964408
0.12210073136023489
0.12026557425403167
0.11797700501507952
0.11600049208796101
0.11448116797477967
0.11325570952620219
0.1117884451097435
0.11000703087135946
0.10803780711860722
0.10636421816247876
0.10491683660444732
0.1037169901874363
0.10246278047674703
0.10105369615658598
0.09975969399274581
0.09894498007750235
0.09877757675341362
0.09914328915120312
0.09957839735071046
0.09996993422009905
0.10033012997838062
0.1010965587790855
0.10221479659597454
0.10341542414402283
0.10399909817074855
0.10379310790994388
0.1028653270471896
0.10165527753278457
0.10014133224762903
0.0981753720138361
0.09531243708097178
0.09159358690613904
0.0870893165144091
0.08230291646468549
0.07756221244497864
0.07304575036329916
0.06860088786177516
0.06423739249290691
0.059951171269404815
0.05586331504225716
0.05212984250174329
0.0486826568020011
0.04559834513673098
0.04298647257218122
0.04100146486976727
0.039772888551615176
0.039144556304743415
0.038753915236294886
0.03816511405380234
0.03729692451948383
0.036203523498815934
0.035234494667735636
0.03456757300625431
0.03430353434581876
0.03419046880024869
0.034244663452264956
0.03431847525371287
0.03461363940334077
0.034994916194599074
0.035448295412069265
0.0357278322395502
0.035817121729599506
0.03569399273291365
0.035561318080293655
0.035480349638137725
0.03546277755222318
0.03534314349751365
0.03509985311958106
0.034798842602952566
0.03464825761868028
0.03468258328883573
0.034836506713821866
0.034922065094397055
0.034824465970637014
0.034689345724202784
0.03465043683418622
0.03482854495058289
0.03509317193527718
0.03524097409579797
0.03521794765074948
0.035060878803375106
0.034986701442788384
0.03507423630419922
0.035234473276289174
0.0352776328781633
0.0351323215562642
0.03487623578517428
0.034716539265050826
0.03467327142593241
0.03474567237783395
0.03468742032497801
0.03446519987897674
0.03416866277455706
0.03405407884040621
0.034151659538097436
0.03444199711864159
0.03472740851381613
0.03499183319081937
0.03526825570746038
0.035749810086640424
0.03653175303806114
0.03748205900386995
0.038420729055636545
0.039275452306477124
0.040131917006264284
0.04121617128610478
0.04253625736660628
0.044036234896438445
0.04550738610950346
0.04680148687554764
0.047978553975256015
0.04929328536145682
0.05083920377605692
0.052521612012851826
0.05402580612903565
0.05529047250057922
0.05645439816477344
0.05776563781831258
0.05935439797096062
0.06119834691102946
0.06301293980934648
0.06472130512920538
0.066498835497892
0.06872451398641091
0.07150522471613786
0.07483314281401963
0.07833773825617693
0.08177483974679761
0.08512336465418502
0.08875083773186855
0.0926208116684002
0.09654164384884449
0.1000624906683736
0.1029422296412805
0.10532733276036102
0.10765323730754105
0.11008854080623086
0.1125653782230687
0.11454624750335692
0.11590086007568204
0.11678523694482962
0.11773843753695495
0.11888963284228664
0.12008594672127765
0.1209758760252971
0.12143641760446178
0.1216388041833788
0.12194018067079944
0.1225206528373673
0.12317004566804614
0.12350875780218319
0.12330103476467287
0.12290705599007241
0.12250868396443959
0.12245640373413295
0.12243800773312119
0.12212769100370312
0.12130208055687429
0.12012222164479514
0.11902776882493216
0.11823787264660048
0.11759694570931699
0.11679722404066947
0.11564103357213872
0.11438534379798665
0.11340468952068049
0.11309723364947881
0.11321483450831173
0.11346569080584284
0.11377471574126012
0.11437185225216163
0.11564832026835976
0.11785310227340295
0.12061864576225823
0.12359252090354815
0.12665552284645934
0.1297634145890208
0.13308255508674194
0.1363619540127025
0.1396124141633051
0.14258366278298146
0.14560854302375167
0.14849852706957795
0.15177528922604913
0.1554210328684022
0.15942995137829818
0.16327910361515438
0.1669583267092402
0.17048904372877471
0.17433870822639386
0.1784517616726122
0.18303674169855788
0.18747323030152693
0.1916531927298362
0.19566536355123992
0.19985848658849498
0.20440065678198568
0.20897353505211771
0.2135684541733348
0.21815989256447388
0.22258545895418327
0.22744541819619563
0.23199028246359968
0.23717624785821428
0.2418079671056662
0.24666601314969502
0.2507237262563787
0.2551715799836723
0.25952664892418936
0.26422488055624044
0.2685737892822548
0.27233881450050057
0.275855251333053
0.2793286607954979
