0.3480854627839878
0.3486851315764423
0.349133873823076
0.3497250399791797
0.350069249264556
0.3500540506229436
0.34934067269755664
0.3490553337979745
0.3482719466625283
0.3480543815744812
0.3464294600380362
0.3451070152158972
0.34196793579385876
0.3397334073955638
0.33614612344946665
0.334245956620454
0.3310306570282591
0.32880396556238456
0.3254299013815573
0.3237000958065575
0.3218546406222846
0.3214836743654284
0.32038777606311963
0.31980476574144845
0.318457210947686
0.31846343964651364
0.31864473092323997
0.3201454751675919
0.32086106572831485
0.3219114512985944
0.32177656792786347
0.3226232155959019
0.32291581953459014
0.3240656945961746
0.3237439027279635
0.3232813270309509
0.32144610696046116
0.32026233521135933
0.31872844304507536
0.31793480800935714
0.31576790156128065
0.3132277367184872
0.30935760543728275
0.3062172635191422
0.30267048212511427
0.29983377463449506
0.29603153873813365
0.29242762958536916
0.28803171682152223
0.2843456761600249
0.28056341731333934
0.2774110465234749
0.2733630137821845
0.2690090324481044
0.2639196726239513
0.25964589848121944
0.25589235996462895
0.2531960814470498
0.24998446543061278
0.24658852238324472
0.24204889879222782
0.23753984483813786
0.2326079584540404
0.227726993887533
0.22185007844196727
0.21559378563930554
0.20877166340693865
0.20302712935820738
0.19829319211331436
0.19496609832255318
0.1918011938543191
0.18898092359609603
0.18610641678730527
0.18394424058136197
0.18192306410697331
0.18027077228386143
0.17804510313886393
0.17583397865071426
0.17366503942453368
0.17269364942811513
0.17262452422308264
0.17348349822514636
0.17412496530355032
0.17450370914114335
0.17441706989390615
0.17482751895122892
0.17580302430210998
0.1777052857184541
0.17994921831140104
0.18294875764661123
0.18676169727313527
0.19216041026347497
0.19867227059604442
0.20595573437526676
0.2128939817487152
0.2192135066343787
0.2246986132418717
0.2303472467596282
0.23591354532682107
0.24179142545254792
0.24682766819794338
0.25138565017805087
0.2551844142212482
0.25936172387508705
0.2635942706941854
0.2681422773065676
0.2716779955700477
0.27444021094256554
0.27619009297166225
0.27826705190264794
0.280526961906485
0.28325215722531494
0.2853345084412719
0.28697174853437735
0.2878620718266054
0.2891530178316142
0.2905710632063106
0.2925712321380752
0.2939073742004678
0.2948170880351153
0.295194521859042
0.2961930558627933
0.29750917037247
0.29934373186643465
0.3004596265444486
0.30106478908338613
0.30089105510251646
0.30112752716775576
0.30174740276020817
0.3027696462322535
0.30330530900077424
0.30310268615951197
0.30236961715272725
0.3020590777217448
0.30233963338824643
0.3030057830947004
0.3029259931973625
0.3022122142126067
0.3009924849740887
0.30030667437898206
0.3002476844755309
0.3006979738473322
0.3006906547427997
0.3000525687966803
0.29908637299108126
0.2986947005818114
0.29904558693575983
0.29948473509885015
0.29941960933922274
0.2983571848116862
0.2970175456766688
0.2958565724770846
0.29546619532692314
0.295148586957136
0.29445048118702477
0.2926376424502446
0.2905800516325491
0.2885280612886006
0.28711890707643145
0.2853572535338509
0.2828497235981476
0.2788007932642956
0.27385148014710087
0.2683288478752876
0.2626765619665134
0.25633804242774744
0.24856886890135504
0.23950394388165785
0.22925847216875025
0.21906868090640413
0.20905124234753186
0.199256828900673
0.18903239369764263
0.17873789743091806
0.16909228445644214
0.16158697089071905
0.15721941775474974
0.15553000814358736
0.15484184683463045
0.1538711315212266
0.152233941098663
0.15073543372096043
0.14963427814807004
0.1488057424114617
0.14743410870037643
0.14553355291843326
0.1432792983261871
0.14151845295251278
0.14037754123880253
0.1399602595230243
0.13993693602584614
0.1400809874701839
0.14054977972191565
0.14124365273181305
0.14229721744687238
0.14300755530632114
0.1428932757252481
0.14144556714970516
0.13917987958804773
0.1366191689627788
0.13437675909063967
0.13219185086756058
0.13005197161164
0.1279512636520052
0.1264396351632917
0.1258186313301152
0.1264713906792848
0.1280751086611625
0.13036969975768145
0.13292239677429366
0.13590113009186722
0.13944286757298033
0.14362292643493527
0.14798669353839636
0.15196076273201606
0.15513960761230006
0.1579125269209809
0.16061210866524145
0.16353667695532106
0.1662787174615121
0.16854555138466293
0.1698657317965045
0.17054496828637467
0.17101662602647727
0.17154147467878486
0.17172744585730085
0.17133222727561273
0.17003332141358768
0.16845698944420104
0.1668829262641153
0.16580185159334446
0.16463589939742682
0.16291623269700914
0.16028587230882807
0.1573132119743858
0.1542149505372041
0.1514110360566565
0.14842572319228747
0.1450973316723409
0.1411870298722421
0.13704535680056668
0.13317344623861307
0.13001596530744994
0.12730628923481027
0.12498499545909572
0.12280265732757928
0.1212619587931824
0.12041945553069716
0.12067176328534915
0.12128616319312654
0.12193093011482542
0.12190694771031298
0.12167059832595821
0.12147858311635445
0.1218461379328261
0.12247050239148106
0.12340116383792706
0.12443449718937483
0.1262563557573386
0.12898871348906762
0.13309670559673167
0.13777930867047214
0.14278174856820983
0.14726471101030167
0.15171649576788548
0.1560713987973024
0.1606250012623287
0.16474537583214863
0.16802363784764224
0.17004172282664934
0.1712227844504711
0.1718781999461065
0.17234772034997045
0.17239826008349074
0.17158302669425815
0.1698079443867561
0.1671659071663442
0.1644003853731427
0.1617440696771779
0.15942029504370234
0.1571932381018284
0.15491485672778885
0.15286953064443823
0.15137259696552097
0.1506421373613571
0.15016187546979748
0.14926977241509323
0.1475830534097002
0.14534217786717402
0.1431730269692396
0.141449625715244
0.13975051494308294
0.13764212540210577
0.13494904496079171
0.13203666546920456
0.12947100526267913
0.1274584235610041
0.12600597545324932
0.12440702414819146
0.12254290934589858
0.120202438003506
0.11822284147537139
0.11667727513395337
0.11545550290277064
0.1139765590707319
0.1121806708805909
0.11019003712816826
0.1085001163855956
0.10704257399421327
0.1058383154612269
0.10456673910028597
0.10313973057360178
0.10182733793318346
0.10100518815899646
0.10083830475764544
0.10120653794505946
0.10164332507379176
0.10205504008560974
0.10243686156228062
0.10322196316278644
0.10434677858369386
0.10556093913476423
0.10615468604966936
0.10596911830150377
0.1050427147520964
0.1038295999949258
0.10229452407019836
0.10030380360464256
0.09740343686881743
0.09361619146069078
0.08902900613008426
0.08414451429192374
0.07931389521478038
0.07470255158672857
0.07014169247966173
0.06565304563527559
0.0612257471267337
0.05700745650961795
0.05312146749014298
0.049534517149681295
0.04631804894203535
0.04360500123568697
0.04153227635227151
0.04024551437720707
0.03958847236570903
0.039177112007047564
0.03855724797430832
0.03765054712341954
0.036515858572630726
0.035494960429020915
0.03478558388122156
0.034493336209513614
0.034376254465668735
0.034432698775653116
0.034514051766899145
0.034827593563405576
0.03522120978557205
0.03569508734215324
0.03599077939618514
0.03610482873105373
0.03598116483979782
0.035826301058376295
0.035717899122277276
0.035696880478472554
0.03557379361764418
0.035331512654857115
0.035010206148167314
0.034859588518634715
0.03488438674557554
0.035034875017167615
0.03512080983989559
0.03501544588658333
0.03490155676984636
0.034858508025564096
0.03504505329639625
0.03530049797256278
0.03545534251185411
0.035439055365893764
0.03527530847980013
0.03519381098786816
0.03528115982350225
0.0354357922910037
0.035488293808349065
0.03533533510106753
0.0350889437096279
0.03492156417624056
0.0348778375457791
0.03494345567298496
0.03488279547267667
0.03464875645666138
0.034354857241734676
0.03422824946946541
0.03433455851398366
0.034635267329637676
0.034932667424241344
0.03520473259718375
0.03548498665442487
0.03599805945550768
0.03681669322289002
0.03781055353119944
0.038805651263507095
0.03971186787073881
0.04063247282219121
0.041766366211499324
0.043151040334108874
0.04471379368841264
0.04625745407503209
0.04762181549028248
0.04885936348446777
0.05023490391769212
0.05182611857312792
0.05357495152435507
0.05512697703215205
0.05646729056467297
0.057674335624550356
0.059043533438635755
0.06066921393421758
0.06256785253877425
0.06442397268550003
0.06618746785959403
0.06801358779293024
0.07031188881381882
0.07314922524064683
0.07656047555678079
0.0801415426014901
0.08366755837828582
0.08706998234389149
0.09073990099595532
0.09466770872770722
0.09863401793081411
0.10221768277507705
0.10512305783228426
0.1075511017026778
0.10990291644872255
0.11235471280992583
0.1148481705034166
0.11684295364849392
0.11820931033839471
0.1191007777764189
0.1200552058121678
0.121226169507739
0.1224483116321665
0.12334708038524554
0.12380847796466465
0.12400069754398542
0.12430633197531951
0.12486575043622375
0.12551667024299706
0.1258631368180408
0.12568845811321397
0.12527925019339445
0.12487074565568122
0.12480886695640941
0.12479806065557969
0.12447607101801358
0.12364040906674602
0.12245963996482266
0.1213660654122228
0.12056726313110204
0.11992226053088663
0.11911380609230339
0.11794212968864626
0.11665424438078634
0.11566517386303385
0.11534213960441067
0.11546982602107526
0.11571165883887155
0.11605488213399798
0.11664667902701176
0.11795103113831983
0.1201484776240704
0.12294167992965313
0.1259181020491935
0.12901453219905337
0.13216507272725828
0.13547314612644504
0.13877911608202945
0.14206386821252573
0.14512852649447905
0.1481483598305711
0.1510479820221797
0.15424882934368447
0.15794737355062557
0.16193296048543293
0.16586013084147333
0.16958896631161466
0.17307329938551827
0.1770307726566975
0.18106635436809398
0.18572374607732314
0.19002178610648585
0.19429459279898548
0.19825168465654502
0.20252293351083678
0.20708304377525077
0.21193807697653663
0.21665158380755717
0.22113663071499182
0.22550533350423652
0.23016297389936458
0.23491826267238647
0.23996310341829527
0.2447215041287566
0.24944019269414783
0.2535566184474316
0.2578862511480078
0.2622089149359474
0.26694241321313233
0.27127853899772414
0.27539572016637964
0.2787832621515434
0.28185055834440526
