0.3396091600168496
0.3401712347342418
0.34058665120472165
0.34119840037219257
0.3415881325144782
0.3415855511836192
0.3408435648193209
0.34053776205451514
0.3398184881943951
0.33961906030801825
0.3380794388931481
0.33675710333176145
0.3337093598035779
0.33149724750284765
0.32803360062307996
0.3261670754428696
0.32302399378118485
0.3208011354032881
0.31749583996620445
0.3157656331517162
0.3139934500285534
0.31363571947121577
0.3125843215314683
0.31199519338413595
0.3106659153232915
0.3106718287511214
0.3108247191142899
0.3123286271204216
0.31306216210942894
0.3141252226831451
0.3140014301289029
0.31483501963463045
0.3151637935422031
0.3163123353700632
0.3160126234792439
0.31553637157784764
0.31372992703409763
0.3125755873118743
0.311092516143432
0.3103061988738672
0.30820380620268517
0.305690380586573
0.30190250911696526
0.2987656658264283
0.29526980116040846
0.29244302703678127
0.28869084557005187
0.2851281717463943
0.2807892343621739
0.2771444541361011
0.27344768473571035
0.2703346371681757
0.26633143898511147
0.26200321616530226
0.2569632728230531
0.2527437244394593
0.2490124638103971
0.24637181664359498
0.2432137544320131
0.23987138581659062
0.2353823712250597
0.2309257223727945
0.2260534245380818
0.2212095509230511
0.21540287676397535
0.2092188368993376
0.20251653007321144
0.19684112004387255
0.1921744799905368
0.1888711470653882
0.18577154472189464
0.1829981986723964
0.18018357906784388
0.17803137230944394
0.17605434320733096
0.17440773776129212
0.1722408541065751
0.17003875879839467
0.16792796537989763
0.1669696223952933
0.16692463103626395
0.16776000857597906
0.1683928045845673
0.1687658661617497
0.16867551509104523
0.16906782362225364
0.17004161975497645
0.17191823596886452
0.17413001509018428
0.17706691514990452
0.18082518691915603
0.18613205466698585
0.192556117380624
0.1997420764560496
0.20659167531181105
0.21280769731026533
0.21823180917904433
0.22381213588142954
0.22933314835393423
0.23511353943550892
0.2400935339704084
0.24459135214412522
0.24835768214702836
0.25249616973432254
0.2566984232087076
0.2612123200390662
0.26470833049124676
0.26742451214756824
0.26916166371829015
0.2712162325240669
0.2734568336490398
0.27614779644892756
0.27821220059649315
0.279826082421465
0.28070330492081813
0.2819888252296739
0.28340147104037516
0.2853943547525117
0.2867311153023059
0.28762824812049387
0.2880000636015023
0.2889849288104284
0.2902960305102617
0.29212950673465915
0.2932067270104176
0.29381860367833607
0.2936456355500674
0.29389086212881904
0.2944892163536216
0.29549111336481687
0.29603374754080275
0.29585723081795945
0.29512963200861486
0.29482601918430285
0.2950730905862819
0.29571598227932244
0.29562320096924216
0.29493488883840197
0.29373968650524734
0.2930755066557852
0.29300241181606
0.29344638808309204
0.29342499249960285
0.2928208048202249
0.29186462392936924
0.2915090930834228
0.29183669808248697
0.2922820408957293
0.29217798264112654
0.29115317833775717
0.2898236611013179
0.2887307480821573
0.2883155878968136
0.2880345243777078
0.28732119260196537
0.28560523942391713
0.283554059348169
0.28157885028646834
0.2801496784432982
0.2784567973399016
0.27595809893580947
0.2719906244336734
0.26710970990515887
0.2616721579685449
0.2561059130419419
0.24984224255100976
0.2421740323452452
0.2331979467517696
0.22305289794727728
0.2129486513299554
0.20304053542560405
0.1933589382083934
0.1832741777736649
0.17311890579948108
0.16362682136271026
0.15624503237689202
0.15196071172992812
0.1502903160589488
0.14961916042206821
0.1486633928175675
0.14706263341188883
0.14559833885949494
0.14450720112519716
0.14369416557293657
0.14232831837690796
0.14047693554604407
0.13827222539475634
0.13655620022975293
0.13543730120965988
0.13504256356293082
0.13502588707668792
0.13515921510136877
0.1356006793477519
0.13626682126926543
0.1373095655984772
0.13799906194965714
0.1378951765711348
0.13645920694373342
0.13424609171745416
0.13174802678976716
0.12957084825577941
0.12744030137654433
0.12535575279652147
0.12329011023756165
0.12182389686123457
0.12120355992696717
0.12186506002472099
0.12341946676448817
0.12567150338118335
0.12814316184834668
0.13105794644120353
0.13450682396821914
0.13860575619489046
0.14285724678082473
0.1467482593749811
0.14985732732654924
0.1525969130708292
0.15524028990737987
0.1581166094527802
0.16079811631954205
0.16304012845661106
0.16433008604792304
0.16500421349043093
0.16546023204474505
0.16598523414577335
0.16617368063302385
0.16578857241515527
0.1644974581310513
0.1629485014907431
0.16140570533259838
0.16036885014273447
0.1592192232666047
0.15753291551786996
0.15493600412373218
0.1520173737476307
0.14896809459714047
0.14622148705479823
0.14329687218230933
0.1400313901467513
0.1362011002747715
0.13215507111541547
0.12837996343131486
0.12529218821503885
0.12265029402146536
0.12039758058751437
0.11827978549283401
0.11677773786978388
0.11595227304196767
0.11619952448881773
0.11678399415291982
0.11740790516218169
0.11738176721248166
0.11716660982137267
0.1169749167827074
0.1173317644640159
0.1179467740060216
0.11885688828260636
0.1198793162024768
0.12163989416188432
0.12431451843395806
0.12832239928011407
0.13290630121609123
0.13779929582561243
0.14218623476645462
0.1465592811268769
0.15084125477132534
0.15532013301515699
0.15937225525764578
0.1625982786022679
0.16459253120296383
0.16575517461755473
0.16641553721586091
0.16688869084156327
0.16695765525552106
0.1661682367245923
0.16441982446837486
0.16182749390246845
0.1591098842378989
0.15650957274875085
0.15423109999725165
0.15202375129063606
0.14979373010332248
0.14778628729047696
0.1463454921192246
0.14562266707584307
0.14514024601220496
0.14425828547177025
0.14261522658250486
0.14043350202961305
0.13831294926435997
0.13662597519145375
0.1349629736731049
0.13290678544591736
0.1302732341670405
0.12743021957557313
0.12492810266573229
0.12298079007656114
0.12157455536159095
0.12001729757457784
0.11819280774907681
0.1159314288788839
0.11400559393694742
0.11251782093389899
0.111311117300902
0.1098709684733791
0.10810963445887631
0.10618694164713761
0.10453637717493812
0.10313244937430642
0.10195085805868219
0.10072005461860942
0.09932957421933246
0.09806395220639195
0.097265938074043
0.0971170568764388
0.09749284438732203
0.0979519506176353
0.09834768202062155
0.09873623219165428
0.09949620151939198
0.10062640695096828
0.10181145200298776
0.10241410708330681
0.10222146775149903
0.10132138791469682
0.10015101573552895
0.09867717316841665
0.09675820916101684
0.09395849020639974
0.09029946229243382
0.0858743047466378
0.08116700824422497
0.07652233394521041
0.07209765382276953
0.06771673974217393
0.06342450940845251
0.05920447248950936
0.05519604055800936
0.05152628687735571
0.048147742410697754
0.045116339082189955
0.042554989684874735
0.0405985012748173
0.03938918376037892
0.03877248769597192
0.03838643412511467
0.03781579586912649
0.03695710359895689
0.0358886286344911
0.03493000079307564
0.034282240633748996
0.034020173912364324
0.03391315487563139
0.03396059099473588
0.03402576595611851
0.034301344280346875
0.03468207926368207
0.035132190486359356
0.03541162373925273
0.0354940923656395
0.03536564885008541
0.035234731304908236
0.03514959813030778
0.03514014865597692
0.03501993582290558
0.03478574761041115
0.03447970067168844
0.03434625546192555
0.03437686331893038
0.03454013823715836
0.03462278280594949
0.03452564789769613
0.03438936941579903
0.034331243382197583
0.03451801204202799
0.03477725453433957
0.03493579012453752
0.03490661250102791
0.03475564925017432
0.03467959192733211
0.034758189149896
0.034904918839483524
0.03495437584773721
0.03481331242916503
0.034566554929118296
0.034404574592130595
0.034364536053942525
0.034441722843983356
0.03438491225809627
0.03416452692243807
0.03387169764976983
0.033757657550001915
0.03386467731351904
0.03416759636796293
0.03444901483032165
0.034696235187237585
0.034955722774178535
0.03544716706037609
0.036227874491934035
0.03717066501983239
0.03809951363565292
0.03894325861573255
0.039799009592842466
0.0408560721649076
0.04216678660820921
0.043627873668782756
0.04507951542677192
0.04635167981016751
0.047517610399984825
0.048804502591484576
0.05028830040530503
0.051931110783030594
0.053395733747549835
0.05465341452909233
0.055778483895998286
0.057065657501956316
0.05861924960437319
0.06041188680537355
0.0621620176434434
0.06381380871388898
0.06554677005428265
0.06772305789922319
0.07042985694778174
0.07369135711545856
0.0771242504784595
0.08050235134113931
0.0837728575397698
0.08731621001258981
0.09108179807818238
0.09490378642123735
0.0983501302230267
0.1011764024005695
0.10352760503325502
0.1058042257761528
0.108197222608184
0.11061464916952775
0.11256191606889733
0.1138743026532626
0.11473940648490774
0.1156747868560696
0.11682056661025711
0.1180098418485245
0.11888100275533423
0.11932333418754386
0.11951850612471912
0.11981063976546961
0.12037708112079985
0.12101687128366864
0.12137013908122853
0.12119663218732007
0.1208056263599098
0.12039870596712612
0.12035871107846786
0.1203428126140862
0.12004321229119691
0.11920847069279972
0.11805594728081542
0.11697445277067577
0.11620487589893079
0.11556759333361037
0.11479806147877333
0.1136473482408628
0.11241974155658724
0.11146590730450844
0.11115617719832772
0.11128456931201224
0.1115267676819379
0.11187582655147674
0.11245343587487487
0.1137129509296719
0.11586640323649651
0.11861243784410377
0.12154181337777673
0.12456120178133179
0.12765595403534033
0.13088371887459108
0.13412141749579895
0.1373282655347628
0.14032050548477432
0.14331389825912086
0.14611324237544723
0.14932706681688498
0.15295603875322006
0.15693614644417803
0.16070089103139448
0.16431448891501807
0.16778238782903487
0.17176397265245594
0.17579068732921108
0.18027619905474684
0.18443476888692775
0.1886567247656041
0.19249522278333722
0.19668809624419403
0.201073745624501
0.20583973727388305
0.21042896510116182
0.21486825332813395
0.21910877385259914
0.22382710308073092
0.22842188607969288
0.23338722256470476
0.23808021386746003
0.24282963512747063
0.24690592434142258
0.2510346163752853
0.2553151972115554
0.26016513266886954
0.26464424724279684
0.2684170282072019
0.27163056223627713
0.2747383299257218
