0.34595666825448756
0.34653057743682936
0.3469028704209993
0.3474783751601664
0.3478252300811708
0.34785539378351854
0.3471258185687334
0.3468282497521229
0.34606398315043263
0.3458419781864787
0.3442364981387403
0.3429462109262618
0.33983266064973827
0.33759336185841127
0.33397471650696925
0.3320679009732277
0.32888712096381895
0.3266579492744074
0.3233262098755194
0.3215931731323539
0.3197837433677944
0.3193887939766214
0.31828209954528097
0.31769555832466095
0.3163673051949645
0.31638018516186817
0.3165305610292927
0.3180280057913446
0.3187344829659553
0.3198164717106881
0.3196808627213725
0.3205307466161625
0.320806320680743
0.3219582016581024
0.32164226042061095
0.3211865570769682
0.31934905750784215
0.3181618389400164
0.3166416653561394
0.3158567545209499
0.31371501465208895
0.31115866137886977
0.3073075305428949
0.30414439327384246
0.30062064868634775
0.2977659866117442
0.2939827035581868
0.2903739448834916
0.28600790875671933
0.28230086893031375
0.27855163080846906
0.2753686129935653
0.2713390443636542
0.2669683862694336
0.26187521411797937
0.25758540471419694
0.25381413981441253
0.2511122832558803
0.24791314808670095
0.24449650217385724
0.23995019419721914
0.2354339100047514
0.2304833665985211
0.22558576051546395
0.21967912819971283
0.21340983810202588
0.20656404923273333
0.20078639116836242
0.19603800864179746
0.19269047356107166
0.18954314351149582
0.18671752736392125
0.18387390887618002
0.18169906351057
0.1796860827631477
0.17801431754127287
0.17580419843598272
0.17357427453973723
0.17141673428110285
0.17043182268174636
0.17039030300928562
0.1712353891280177
0.1718888105135413
0.17226412864670443
0.17219340196135308
0.17258236537368102
0.17356183220374444
0.17545829814961073
0.17771648637376078
0.1807287772802743
0.18454562784132175
0.1899646096647667
0.19649573950605617
0.20382024074597724
0.21076005045332408
0.21707350548006932
0.22257080082570063
0.22824971205766995
0.23384959451699927
0.23973305525129696
0.24477312008166327
0.24933701710723813
0.2531360954790747
0.25735568678919896
0.26159862552766694
0.2661613266141597
0.2696847153640199
0.27243936624519816
0.2742055902640798
0.2762900057633551
0.2785725293156915
0.281300039226857
0.28337985622504397
0.2850192189618304
0.2858838298105851
0.2871779694717273
0.2885880111455502
0.2906022265596068
0.29193538751364795
0.29283387989412324
0.2932161561150158
0.2942133622387602
0.2955333013284956
0.2973824742660176
0.2984825544495147
0.2991045318330785
0.2989214153337832
0.29915756384074504
0.29976728549331855
0.30077910293675586
0.3013246009524164
0.30111791176730435
0.30039160264184334
0.30007066318637066
0.3003289047460377
0.30096690652115543
0.3008780874898845
0.30017554330853513
0.2989538582377252
0.29828080084683994
0.29820742085949314
0.2986595143599479
0.29863423339482664
0.2980133596062284
0.29704656173353616
0.29667389314532083
0.29701213079976724
0.29746125461121226
0.2973649993037494
0.29631579538379255
0.294974892273648
0.2938514669035741
0.2934366106241366
0.2931104628996819
0.29239729595302744
0.2905940946915208
0.2885445796961187
0.2864951720732228
0.28509142104643664
0.28333713311549596
0.2808152618635944
0.27678417903243324
0.27183875854559464
0.26633356728769647
0.26068158360253996
0.25432027839664995
0.24653714820117129
0.2374505091366872
0.2271920957519166
0.21697309618775001
0.20691719123840122
0.19709348288162165
0.18684870036296214
0.1765297729465681
0.16685850125761217
0.1593369062852792
0.1549721466770608
0.1532894823856868
0.15260233669492554
0.15163207796795475
0.1499971011011065
0.14850636192666242
0.14739642183488494
0.14656589171133938
0.14517388346110094
0.14327583533115798
0.14102605875037888
0.13926894383714208
0.13811742853305753
0.137695949166886
0.13769227969453127
0.1378381800053286
0.13830934181287285
0.1389901287876852
0.14006694102899844
0.14077370509565776
0.14066598476662173
0.13920489201290173
0.1369496584924085
0.13439816209483024
0.13214961018162244
0.12996306075172584
0.12782196611583208
0.12572835675156932
0.12423146833446214
0.12361518618983874
0.1242769841681212
0.12586198306976798
0.12816295956361384
0.13071306425531903
0.13370067834253171
0.13723012881615856
0.14141282934554283
0.1457684792246685
0.14974677601756067
0.15293132663561687
0.15571759203484326
0.15842115225101522
0.16135459901821017
0.16410334392958276
0.16637646514448112
0.1676902111640448
0.1683609764550449
0.1688231728894294
0.16935193364898837
0.16954546026349684
0.16914722343190142
0.16784496215649092
0.16626374722656143
0.16468737671330902
0.1636126986228873
0.16242059678016216
0.16071900636663128
0.15806462468625662
0.15510876996663028
0.15199022299116882
0.14920113241471686
0.14620548920910295
0.14287459939487698
0.13896136227514258
0.13482443094343735
0.13096578361809233
0.12780754271934797
0.12512787459802663
0.12281318395315807
0.1206452529753641
0.11910562104094566
0.11825996814023414
0.11850920713088757
0.11910728009916444
0.1197480923011466
0.11972192667718394
0.11949693711742228
0.11929959128232341
0.1196716361559441
0.12029483576356992
0.12122639281491367
0.1222720011621838
0.12409198325221525
0.12683348830230892
0.13091851626319223
0.13557725657358238
0.14056764676806402
0.1450467601973689
0.14950419357721506
0.1538598582688124
0.15839946185009968
0.16252861881986358
0.1658175534332068
0.16784693692942387
0.16903362416582798
0.1696712377714805
0.17014735959668098
0.17018931342832824
0.16939016585254194
0.16760574387212154
0.16496786941035907
0.16219570614889847
0.15953139076703446
0.1571812267367045
0.1549250631121619
0.15266851861179867
0.15063113578184872
0.1491479194727799
0.1483917222560051
0.14791211808174198
0.14702543404133772
0.14535425170390284
0.14310849127825856
0.14093818551842865
0.13920624519217067
0.13752157930123488
0.13541259322283763
0.13274435171909127
0.12983997055130472
0.1272989513033838
0.1252828274893187
0.12384734357068693
0.12225573297714917
0.12040641447205896
0.11808955347475764
0.11612527005960828
0.11460456071097287
0.11337260460886024
0.11189807220294345
0.11009195889234694
0.10811602677453118
0.10642122721744854
0.10497182135671695
0.10376356319273915
0.10249348930244115
0.10106678962991561
0.09976237873018948
0.09894589226982585
0.09878640010345799
0.09914856008400569
0.09959199661619764
0.09999379395338158
0.10036516986691366
0.10112950144617444
0.10223208237758384
0.10343197391034058
0.10401329151029297
0.10381114881242505
0.10287417705621707
0.10167808724352488
0.10015719586434288
0.09818551509963992
0.09530731277375189
0.09156565383587448
0.08703756826096325
0.08221022971990959
0.07745813567504306
0.07292806951746088
0.06846458622464108
0.06408237720419152
0.05977841516888182
0.0556885796052804
0.05194330879577384
0.04849777502324637
0.04541937650634448
0.042824253384678074
0.04084485120751312
0.039620313662064935
0.038989325330566066
0.038608408542744777
0.0380268827027136
0.03716477643640613
0.036084025976754065
0.035127639006255325
0.034485304751549706
0.03422177229137674
0.03410920539255023
0.0341531140346727
0.034213968407223995
0.034499749326957305
0.034873927948481966
0.03534057982347417
0.0356204901469382
0.03571427252773921
0.035594793068552184
0.03546068066460637
0.035377563009174356
0.03535927724526988
0.0352465365500279
0.035002804321410036
0.03468583306257261
0.03454171993031889
0.034574882700961033
0.034730571808370254
0.03480700453717273
0.03470957765947143
0.03459069354907729
0.03455067839720766
0.03473418458583145
0.034993178960790315
0.03514532569059439
0.03512317517749013
0.03495660048979546
0.034883485222835554
0.034971771204253356
0.03513497954549643
0.03518088521014542
0.035031346678498915
0.03478281012255514
0.034622389498823285
0.03459070764830781
0.03466398299868137
0.03460723127071539
0.034386679643995194
0.034091905933006914
0.03396847756803578
0.03406599962705635
0.03435979285556462
0.03465100610832279
0.0349010884761827
0.03516994965840906
0.035646812088836854
0.03642080364287588
0.037358123248192834
0.03828682802692115
0.03913355987626727
0.03998946582414106
0.04105121283602013
0.04237320945059512
0.04386802989379819
0.04535385732054977
0.046648009970556334
0.04783264094929557
0.04915207756292046
0.05068267225877523
0.05236112644435924
0.05386446802009428
0.0551472198828676
0.056311505161927324
0.05762230390224946
0.059216736841056085
0.061063896120722855
0.06287500604479634
0.06458936901010694
0.06637298649347724
0.06862983795727784
0.07141142275097116
0.07475647986994709
0.07826833893685037
0.08174650390416302
0.08511535866731697
0.08875768869603878
0.0926276397497111
0.09655672111173969
0.10010808819561025
0.10300005394832064
0.10541367291801139
0.1077370314290632
0.11017784381064097
0.11265747370562348
0.11465491349008021
0.11602195940642267
0.11690797938942082
0.11785664849458358
0.11901812263050511
0.12022689473875746
0.12112738233526894
0.12157818818046064
0.12176280676617685
0.12206035471877859
0.12263836410996647
0.1233005829061133
0.1236457120319266
0.12346377651158161
0.12306346759389467
0.12265903857547346
0.12260069206464655
0.12258001158323255
0.12227021057749675
0.12143056781003196
0.12026505911029038
0.11914727022050689
0.11834240021836723
0.11768150640813499
0.11690139810429792
0.11574758089999972
0.11448743478299904
0.11349993790037227
0.11319029923841697
0.11330429287059549
0.11354878371262024
0.11387019417271786
0.11444881490870493
0.11574112494446157
0.11791669031356292
0.12072145304609565
0.1236625277786098
0.12675826756631622
0.12988393397153422
0.1331795017653556
0.1364380076325347
0.13966295960761854
0.14272917758179993
0.14576758951735783
0.14868345940767297
0.15185607573217091
0.15551824738794734
0.1595091072662209
0.1634341904201382
0.1671095059976777
0.17067006724604888
0.1746865899958499
0.17888643770823612
0.1834128156239467
0.18769543892644214
0.19190826537045674
0.19592987876760135
0.20017081479031848
0.2046413648095737
0.2093766717221166
0.2140622702011001
0.2186084727968515
0.2229729332450585
0.22766052492151959
0.23248951453655742
0.23771230733728224
0.2424227003480785
0.24710433631850534
0.2511833507942009
0.2555718344043058
0.259867155861631
0.26456614843339604
0.26898610362941605
0.2729982445574216
0.2764235644530405
0.27962831844326536
