0.34645171386167084
0.3470611359937104
0.34752699409234983
0.3481315539559624
0.34850523589431787
0.348484810284464
0.3477351624544944
0.34742640555106996
0.3466428215603391
0.3464393298540117
0.3448432586642475
0.343536353697379
0.34041853007972006
0.3381732420463177
0.3345917227222977
0.33266405005594357
0.3294663401694487
0.3272035548631175
0.32386770507104934
0.32213231894317923
0.3203535685166812
0.31995209466303276
0.3188545412517189
0.3182519419556357
0.31690845857131045
0.3169137588713533
0.31706217535965553
0.3186083331298159
0.31931281663708805
0.3203701703415195
0.32021447063275194
0.32108718031930245
0.3213834710408072
0.32253724719408716
0.3222130133019479
0.3217757536003238
0.3199367078886085
0.31875187604266547
0.3172193779369485
0.31641497215046144
0.31427228246985084
0.31172609266044427
0.30789149515674813
0.30470689172277043
0.3011769158922719
0.2983180352786442
0.29453870129110976
0.2909024114931015
0.28651580745838506
0.2828294558066165
0.27908313523610934
0.2759034716885932
0.27185257131726315
0.2675056681912692
0.2624367094455155
0.25817372401251026
0.2544107310671903
0.25172201764116314
0.2485311753952313
0.24512609851767403
0.24062296528628843
0.23611440268438397
0.23119065555028004
0.22629830237053322
0.22043006745514285
0.2141929453132508
0.20738449629809125
0.20164958677257505
0.19692137516966296
0.1935987081436251
0.1904497327498109
0.18765582963867258
0.18481300438742576
0.18265094112893954
0.18065861103325465
0.178994575047687
0.1767999792157194
0.17455032950232002
0.17238615472442154
0.17140986710105635
0.17136903444611135
0.1722327224855846
0.17287159269690722
0.17322531312353318
0.17314450498581266
0.17353457396954897
0.17453457298865677
0.17643201495195876
0.17867726888302565
0.18166568734776853
0.18542559975055062
0.19080534537934205
0.19728327603670726
0.20459468639654121
0.21150535105081716
0.2178152458858395
0.2232788394280117
0.22893113513461
0.23449387600566715
0.24034721812284818
0.24538665140856417
0.24992691623666574
0.2537264494059072
0.2579004054807868
0.2621367970982788
0.266686262101287
0.27020731949536186
0.27295345987912906
0.2746970072417125
0.27678859823546964
0.2790656308397276
0.28179224377039674
0.2838690333976126
0.2854942340480506
0.2863800313664076
0.2876858945027693
0.2891190321850887
0.29112466452801444
0.29242993189361466
0.29332668299699116
0.2937050670136716
0.29471410496279643
0.2960375783779099
0.29787068952261314
0.29897365634355894
0.29959697692344606
0.2994409823017099
0.2996912626569787
0.30028812413657613
0.30129597890768184
0.30182280986009624
0.30162573433141865
0.30088514630429597
0.30058019471417957
0.3008351901469708
0.30148767161598744
0.3013958140531146
0.3006925231961846
0.29948772908526844
0.2988115136147843
0.2987582934393204
0.29920404582414467
0.29919255912626574
0.2985695995914125
0.29759556157638367
0.29720793781705057
0.29754449016255324
0.2979925938689567
0.2979051312897557
0.29684347866895605
0.2955015375703399
0.29436391296399367
0.29395603250704905
0.29363693856716017
0.29291768326309425
0.2911294816865979
0.2890661898524708
0.28703024607611327
0.2856096247387095
0.2838602558796176
0.28134542652159383
0.2773208091020974
0.27237375431619865
0.26687178798251365
0.2612212410858664
0.2548948196473463
0.24713963595301175
0.2380853350881483
0.2278592774509127
0.2176711864962757
0.20767855788031628
0.1979091409859593
0.18773263239930843
0.177461518322016
0.16785416429691863
0.1603686125954396
0.15603737411655913
0.15434607034640357
0.15368274068979124
0.1527131986632836
0.15109027398189268
0.14959311335951986
0.1484805155348222
0.14765807598377678
0.14628078794290478
0.1443901475704903
0.1421521950555865
0.14039977974161558
0.1392639935718332
0.1388432126352544
0.13883041352531694
0.13897717784259742
0.1394498489579913
0.1401227110500291
0.141177042859122
0.14186400532413734
0.14176339585887549
0.1403172464768212
0.13807312491623128
0.13553359773109813
0.13330492211521341
0.13113780196054958
0.12899652571699005
0.12690365524724045
0.12540321446902505
0.12478971899120936
0.1254537188998925
0.127051748311031
0.1293336617188092
0.1318628976697286
0.13481598049160004
0.1383448976367264
0.14249844295529412
0.14683567151531138
0.15078063377998496
0.1539429208377716
0.15670372282132689
0.1593914586250174
0.1623150735471751
0.16505839842801323
0.16731762481891213
0.1686181223116136
0.16928721312150097
0.16974748996369934
0.17028105966718618
0.17046268023258448
0.17007463383442364
0.1687656699200167
0.16719178367620646
0.16562461849224014
0.164571730140774
0.16341302591580678
0.1617190126677893
0.15908750950835804
0.1561366230467942
0.1530336313697073
0.15024421590254455
0.1472582202525252
0.14394371941440848
0.14005221880821392
0.13593728639985697
0.13209016607467833
0.12894916018522426
0.12626567999795546
0.12397337163488059
0.12180436266934995
0.12027831744269576
0.11942349647336165
0.11968845437894153
0.12029454293317554
0.12095093328930355
0.12091506316237934
0.12068513633321158
0.12047400156985762
0.1208418133004222
0.12146632080729013
0.12238042401870695
0.12342154589207324
0.12522097593465673
0.12796151224953953
0.13204138547778144
0.13669740773593797
0.1416736071729367
0.1461334958382306
0.15055616608613212
0.15488140826598462
0.15939970116776203
0.16351216693273346
0.16677881369750128
0.16879077179221025
0.1699486303060112
0.17059631646535464
0.1710749816090931
0.17114238766057233
0.17034461035423124
0.1685529091002625
0.16592173857721554
0.163163536794225
0.16052323614521483
0.1582144195012444
0.15598482706298036
0.15373942098759757
0.15169294944961328
0.15021188674592925
0.1494700461606529
0.14899485661847803
0.14810792060179062
0.14643830728983426
0.14420991531033336
0.1420495253278955
0.1403311711390982
0.13864119887549906
0.13654636812703957
0.13387021894518905
0.13097008075520286
0.12842506757590455
0.12642098461764475
0.12499378613732494
0.1234021895619283
0.12155289776134627
0.11923064353023434
0.1172635591718214
0.11574319667794543
0.11451732591323142
0.11306679530616973
0.11127448458558806
0.10930221548611217
0.10760733753887183
0.10616837665231614
0.10496795112556875
0.10371227949413203
0.10227977787610439
0.1009828339648334
0.10014881331814682
0.0999858566888994
0.10035676072981922
0.10080919442526699
0.1012269941222867
0.1016044556388544
0.10238144742103135
0.10349774896115747
0.10470326700189725
0.10529588674974862
0.10510201211981299
0.10417818714212775
0.10298572201557497
0.10146572109773791
0.09948564856406025
0.09659666109825275
0.09285566114731517
0.0883139982060065
0.08348215401891089
0.07869493146534583
0.0741394567997241
0.0696350725057041
0.06520041389001464
0.060833079252537274
0.05666101502950944
0.05284257675308016
0.0493043631413843
0.04613279222463526
0.043442580533665155
0.04140507579579331
0.040143716799624946
0.039497195743343934
0.03909127759237282
0.03849304458573593
0.03760355664119803
0.03648067161101712
0.035466801968341406
0.0347791897643955
0.03449455653868438
0.03437922801392034
0.034432943560192095
0.03451126601011302
0.034804987860204084
0.035190213475487724
0.035657544508727976
0.03596427163514692
0.03606277829949932
0.035940817323632475
0.035797376569488615
0.035705133419564286
0.0356917652779694
0.03556081903188256
0.035316744359483204
0.03499687915975361
0.03484168686417707
0.03486966627912471
0.03501630525138845
0.03510612037273459
0.03499838367915171
0.034875595671129155
0.034825758408380335
0.0350178533336031
0.03527793244392436
0.03543689363229153
0.03541641433986642
0.03526047797410057
0.03518301962415843
0.035265298090315256
0.0354206159997281
0.03547219044155996
0.03532512272404958
0.03507086545926751
0.03490188726008224
0.03485220247879086
0.034925311986887225
0.03486823122136836
0.03465175504719538
0.03434819208182424
0.03422411996084863
0.034317125215505576
0.03461667044044638
0.03491456646041883
0.03518166992907321
0.03546797629723291
0.03596919927827083
0.036786988532908585
0.03776344067076613
0.038744366458051745
0.039626134879644746
0.040535420080238395
0.04164728995620488
0.04301756227252386
0.0445571095763642
0.046072775778316755
0.04742066278076202
0.04863833081441449
0.04999158394523745
0.05154370506642389
0.05324934763403105
0.054781139929702176
0.056084056956189406
0.05727408559040034
0.05862863569450464
0.06025473087182951
0.06213677381829862
0.06395956482051582
0.0656921449972216
0.06747948284567293
0.06975588876258038
0.07255761966782365
0.07593684090763081
0.0794691116567026
0.0829549364018248
0.08632636481502036
0.0899755483267682
0.09386352246699277
0.09779956322605299
0.1013440827665787
0.10423027396778076
0.10663793556286733
0.10897096231667089
0.11142088328193075
0.1138898033121202
0.1158724114111632
0.11721457238391646
0.11810674855033547
0.1190490714681894
0.12021050600838262
0.12140944674839012
0.12230589431847118
0.12275572616269288
0.12295494714219066
0.12324690784841104
0.12382593583433044
0.12447399037203423
0.12482096486167632
0.12463212583568453
0.12422603996393981
0.12382502909257062
0.12377440046728844
0.123772411823932
0.1234641275906113
0.12262023323002191
0.12144756765102228
0.12033943284342342
0.11957479319413507
0.118915570631255
0.11813807252750529
0.11694824969105334
0.11568193859499444
0.11469335088142368
0.11438833786907496
0.11452529900075487
0.11478307898705352
0.11512067872575749
0.11571144531669628
0.11700244360899158
0.11919987357942137
0.12199892150077524
0.12495722547721963
0.12803875158927688
0.1311901034955308
0.13448999275038384
0.1378036932699726
0.14102667569520588
0.1440682427844951
0.14708292569868112
0.1499788419425687
0.15321034297439357
0.15689903987675285
0.16087605844702452
0.16480604720324396
0.16846052090863495
0.1720525457801063
0.17599773141406533
0.18014761554593176
0.18473307514924772
0.18896911300113636
0.19315396896418424
0.1970889853438805
0.20133250611112752
0.20585577882145
0.21069943186451726
0.21535585349122482
0.21984850069608125
0.22415299531150187
0.22905138545230783
0.23371819780401545
0.23875043227967208
0.2432613430496478
0.24806850725053722
0.25222589597602235
0.2566239102829318
0.26091111917665183
0.26554502765609383
0.26993142945090653
0.2738838359278353
0.27735905577856257
0.28072617920588017
