0.34595604178986866
0.3466221359671408
0.34710676932244083
0.3477333856701272
0.3481083946899183
0.3480879793645532
0.3473455383261434
0.34704792804798357
0.3462994707040814
0.3460919642469283
0.3445132967179663
0.343204731875173
0.34010646202872
0.3378940551158655
0.3343100147789726
0.3324018582112603
0.32915163820877624
0.3269106107537167
0.3235346032523553
0.32182339339208615
0.31999281526471696
0.319588864457736
0.31845096057140115
0.31787402132590287
0.31657581285733266
0.3166043885001081
0.3167560851732678
0.3182745342243833
0.3189793440965782
0.3200574784864246
0.3198897629219788
0.3207585269965223
0.3210462222160331
0.32220914725996347
0.3218793065780415
0.32142110979374716
0.3195750596602191
0.3183981056398773
0.3168728531212074
0.31608768810950466
0.3139348628128345
0.31139781368537645
0.3075324175128833
0.30435478688177087
0.30076347852085145
0.29790204130896764
0.2941140651044785
0.29052799049410166
0.28613136081927637
0.2823996154948244
0.27858142669195474
0.2754127777711351
0.271349952003342
0.26699611480420504
0.26188994105410934
0.2576032453782528
0.25380288835766435
0.2510730728851589
0.24784965335201414
0.24445391936736072
0.23987774336680345
0.23538116028743278
0.23041240087068707
0.22551704360198765
0.21958194192587246
0.21333759234044947
0.20651779580009544
0.20074222741287548
0.19594623593625493
0.19258980838866097
0.18945283844947203
0.1866530280644875
0.1837826245427414
0.18158716529424876
0.1795628118118104
0.17789898726068068
0.17568928280147428
0.17347004024610954
0.1713068902989783
0.17032810774014254
0.1702700247138172
0.17113476252607987
0.17177933538057588
0.17216933749031263
0.17209052894726573
0.17249159017529192
0.17343938926689959
0.17532682235589947
0.17758038062671588
0.18061914628462108
0.1844359509055947
0.18985919565688752
0.1963576793112387
0.20367713329084394
0.21058717028567764
0.21694679100754163
0.22244955467811894
0.2281613041563749
0.2337693501077278
0.23966278314768405
0.24472821680092072
0.24930290549795908
0.2531457174257929
0.25733985623396827
0.2615825047218806
0.2661414652803247
0.26970557868870904
0.27247552652439916
0.2742401521622471
0.27632563337043986
0.2786213652379091
0.28138402080703695
0.2834670849524604
0.2850876126037103
0.2859625005878116
0.2872766563162902
0.28872829965362184
0.29075290708966495
0.2920858703638772
0.29299752861595857
0.29337017281376493
0.29438256092566095
0.29572327682117217
0.29756342366575494
0.2986597148473408
0.29925949906371035
0.2991020842869177
0.29934970685812706
0.29995091255454875
0.3009587800202234
0.3015023641916626
0.3012967748250092
0.3005632476639264
0.30025252006317243
0.30052348709929844
0.30116684198154137
0.3011060080696785
0.30039046883470616
0.29918936411749014
0.29849410336444476
0.2984264030014121
0.29886534101262474
0.2988240879423278
0.29819607566982925
0.297227014238889
0.2968552466975144
0.29719483531302193
0.29764091763379885
0.2975593283856221
0.29651490410733194
0.29517357706850766
0.29400694812322814
0.29357553651908835
0.2932445155966938
0.29255598845786135
0.29079099654358964
0.28872202605452724
0.286676221502464
0.285224622397159
0.28347639556399473
0.280938217217464
0.27689644673111724
0.271925568925482
0.26639902140861693
0.26072860702948114
0.2543551004000056
0.2465593718061998
0.23745256146037746
0.22716480378722081
0.21691676518312228
0.2068386634798979
0.19700129275239003
0.18674623928550543
0.17645124841971546
0.16681725496697672
0.1592955913510712
0.15493204599561528
0.1532191181957996
0.1525472542204788
0.15157699604862385
0.1499483196887712
0.14845226601006012
0.1473284342521323
0.14649280968264783
0.1451148435211752
0.1432262549485261
0.14098935077358274
0.13923114935654854
0.1380849615563203
0.13767202779256713
0.1376352149608691
0.13779792472211977
0.13824206667637662
0.13895231261283122
0.13999418738870167
0.14069962018029258
0.1405782719310157
0.13914026897689225
0.13690444224144935
0.13436774909361113
0.13211565813084927
0.12993347874272465
0.12779949025875564
0.12572328091482685
0.12423393198743582
0.12361610774846774
0.1242793658508776
0.12586232183786425
0.12815953197949576
0.13069283359959757
0.13367408887849602
0.1371928531505782
0.14135892923758525
0.1456991625061697
0.14966338374236235
0.1528347265155663
0.15561303850438402
0.15830663185413485
0.16123338907266593
0.163972971783802
0.16625016026705589
0.16755779111874958
0.16823243139676028
0.16870405746046582
0.16924568831168105
0.16942839398076284
0.16901250762701361
0.16770372147653168
0.16614012481611384
0.1645945727203377
0.16352290743099113
0.16233369837979514
0.1605996273079017
0.15796553945677289
0.15499961026799963
0.15190475962096822
0.14910758337877336
0.14613611924246855
0.1428110576340673
0.13891299474886493
0.13478960664467457
0.13093449097227225
0.1277867148937667
0.12508678341104426
0.12279891712676345
0.12062697704824496
0.1190956467428082
0.11823869513500368
0.11849714146982163
0.11911169320861735
0.1197519178426442
0.11972472265487198
0.11950442277770235
0.11930817295232111
0.11967251712777012
0.12028211518695651
0.12121918254554391
0.12225812848138137
0.12406381024813518
0.12677048387214834
0.1308483482344902
0.13550585077978097
0.14049350280085274
0.14497514094578784
0.14942019030659454
0.153778908464061
0.15830308304104368
0.16242901639831497
0.16570289473806965
0.1677457742907666
0.16891921388918762
0.16957937826994776
0.1700417065422006
0.17011693175005213
0.16931412031865492
0.1675308917911778
0.16487112443316135
0.16209579996767073
0.15945409254692
0.1571273253523805
0.15489240973414267
0.15263211377024274
0.15060509561422059
0.14913097425666202
0.14838778816768017
0.1479018174151878
0.14702337871148338
0.14536139336349355
0.14312789525939013
0.14095672177324023
0.139226928780058
0.13753488817809786
0.13543514712844062
0.13275660961316121
0.1298760192456784
0.12732831961739388
0.12533596737033806
0.12390233040702059
0.12232642004972742
0.12048595819353344
0.1181817727318537
0.11622591162497083
0.11472174025317255
0.11349913550226301
0.11202097663451342
0.11019953730923955
0.10822524951518249
0.10654259090311807
0.10510972967248132
0.10391199454213025
0.10265839433597178
0.1012421821577632
0.09995472185545891
0.09913894812163085
0.09899596524375452
0.09934718028049193
0.09981220454502919
0.10020972011141942
0.10060264112001474
0.10136618744322676
0.10248932226456185
0.10368077475830534
0.10427210402178853
0.10408239877347851
0.10317631631215679
0.10198600390826677
0.10045437197570738
0.09848059518557617
0.09560629408055547
0.0918856724942187
0.0873834561016108
0.08258247740342191
0.07785424383801001
0.07332895033163085
0.06888766804133013
0.06450207475913938
0.06019083345243819
0.056098146708210644
0.05234978439489865
0.04889644074080434
0.045791726456820774
0.04316122774564902
0.041181144910085614
0.03993094580171636
0.0393083263953393
0.038901506528668195
0.03831515294969541
0.0374471232159785
0.0363412909990028
0.0353577564967617
0.0346761660899807
0.034398093149405576
0.034282316924554995
0.034311774597216314
0.03441077348805217
0.034716844548440776
0.03510756863356115
0.03555645242494196
0.03582680536489184
0.03592957874711412
0.03581116616323967
0.03568391013480509
0.035596028099821195
0.03557238187557728
0.03545371761553823
0.035217184124035704
0.034910261332111975
0.03475141914023387
0.034791618856876594
0.03494531025123531
0.0350304153293977
0.03492501848694127
0.03480174914692943
0.034757838011983413
0.034929693057606424
0.03517535128726929
0.035342947582283464
0.03532098731715487
0.035177295097352845
0.0350861148000691
0.035169991164563146
0.03532397126108548
0.03537452996736765
0.03523436921366296
0.03498300946928641
0.03482746819775993
0.03478965693340146
0.0348453797152762
0.03478165598113771
0.03454186779450961
0.03427643629791733
0.03414900143433118
0.034277810350607923
0.03453845702580312
0.03484126118855042
0.03509220000203384
0.03538509677785052
0.035865013954322233
0.036661182695651474
0.03761764772534022
0.03858265397432592
0.039427736832277835
0.040313646393840906
0.04141610873002974
0.04276819934859073
0.04427651919219057
0.045737434272307094
0.04704023829074628
0.04822043678254677
0.04954775109184936
0.05107858676187986
0.052766075939261504
0.05426402850880939
0.05554059781654251
0.0567016313497762
0.05802221058911632
0.059618962123223145
0.06145938023210648
0.06326666378532338
0.06496811409359635
0.06674381404608909
0.06896912028191389
0.07173178642679036
0.07504309941939828
0.07853604472900817
0.08198047319902539
0.08533037541384089
0.08895904907251216
0.09281789042176039
0.09672157469101098
0.10025259694671165
0.10313831656100376
0.10553611991052358
0.10784669471187755
0.11030127015030838
0.11278372739535761
0.11477453017180501
0.11610679831862993
0.11698563545185107
0.11792911320991946
0.11909132762994022
0.1203011409746278
0.12119631821734181
0.12162837519789656
0.12182260927159767
0.1221053483456383
0.12269901556852654
0.12334658117666304
0.12371371591307673
0.12353532516234787
0.12313717048816569
0.12271653053366659
0.12266326451656535
0.12262950385354925
0.12232679868561758
0.12147174034415799
0.12029933857435035
0.11919869144309314
0.11841866237742525
0.11778096207888394
0.11699226267457456
0.11582920026241295
0.11456259584604107
0.11355964212296699
0.11321745408865411
0.11334134210103816
0.11358360972357602
0.11390670397229277
0.1144886206391449
0.11576692366529477
0.11796039129417911
0.12076578497980395
0.12376094085875551
0.12689227356586424
0.12997532606151785
0.1332552374937683
0.13653022009377822
0.13980191086089908
0.1428538750532977
0.14580731870786062
0.1486889282104109
0.15195194946065524
0.15560190537899055
0.15962303501724237
0.16350202439987166
0.16725988906695982
0.17080035515007883
0.17475364392595616
0.1790313656691292
0.1836172338001668
0.18784927569871246
0.19196446942343393
0.19584007295656178
0.20018678628535833
0.20460576128428862
0.20945728042462838
0.21406161326935913
0.21876014862628046
0.22326550307766443
0.22807530477343244
0.23275865909202306
0.23780765120724368
0.24252579682391037
0.24725047061174268
0.2514181726265825
0.2559113670882247
0.26023598865766645
0.2649182355507105
0.2690090063789066
0.27290142648513555
0.2764413476289643
0.2801994479849325
