0.3473092844470729
0.3479082163307369
0.3483463221112387
0.3489990972826042
0.34938259623047374
0.3493698207472299
0.3485928392762381
0.34830071345653535
0.34755366302324153
0.3473499273589045
0.3457459290729889
0.34444542308671217
0.3413581013209656
0.33913957239782644
0.33545065383080297
0.33352246315753514
0.330297381244221
0.32811839084942696
0.32476426547529064
0.323020440803175
0.32119038970519903
0.32080341523595785
0.3196945169345445
0.31912685910128935
0.31776575311637034
0.31779460447540364
0.31794348576464465
0.3195049588016095
0.32019311129470523
0.3212738150318003
0.3210943694481319
0.3219654140039771
0.3222621443276959
0.3234409028158293
0.32309338574070445
0.32261899124705345
0.3207411295558074
0.3195761757904007
0.3180384676404724
0.3172725676535791
0.3151069560364573
0.31254919804623377
0.3086673132955463
0.30552192749806534
0.30197070045062435
0.29912896530684163
0.29531839011786826
0.2917185517995332
0.2873242539517338
0.28363427256423795
0.2798696671228046
0.2767060246995171
0.2726184701231018
0.2682604364873673
0.26316514233964344
0.2589122255503516
0.2551061339340532
0.25240093531038316
0.24918282625809174
0.24580826506910122
0.2412447702217074
0.23675341125641175
0.23179936653570415
0.22692659439433516
0.22101679867105806
0.2147822047261894
0.20797272963878446
0.20223082526559538
0.1974760600006242
0.1941325456413283
0.19097582120624293
0.18816504330348838
0.18530412606733485
0.18311970332133018
0.18109948958765335
0.17943483854618694
0.17724113078813758
0.17501539437592098
0.17283812209165306
0.1718685369640944
0.17181519517632557
0.17268825407757865
0.17330438839628165
0.17369628703361786
0.17360325089016482
0.1740276340266625
0.174989002582429
0.17689179088926252
0.17914316248152742
0.18215668458361256
0.18596119855761825
0.19135126134673372
0.19784831509637885
0.20515361563028275
0.2120632496151452
0.21837295701580986
0.22385287911962307
0.22953782553258475
0.23514774971618624
0.24101443013589605
0.24603641428913356
0.2505923925610223
0.25441427883923384
0.2586268523340941
0.2628504725458215
0.2674046687052282
0.27095031271819253
0.273711755248639
0.2754678306798401
0.27753002064350263
0.2798079056350152
0.2825543714910921
0.2846231637819716
0.2862409772840925
0.287089206150192
0.2884189859910267
0.2898690535487386
0.29191668416925737
0.2932410932747679
0.2941433840066256
0.294486804058447
0.29548797331104515
0.2968137319316021
0.2986668889236235
0.2997535632000593
0.3003499993950027
0.3001856247134866
0.3004457704499741
0.3010587758457652
0.30208096638448845
0.30260276853209017
0.30240159657756777
0.30166773694595955
0.30136396006880384
0.30162071636845406
0.3022778228979097
0.3022180358668918
0.30151822457462024
0.3002903645823468
0.2996001254067783
0.299518853927929
0.29996736988666584
0.29993814004913544
0.29933923792808165
0.2983653104449634
0.29796882334317426
0.2983012568677062
0.2987605063824522
0.2986945474749528
0.2976285631589013
0.2962814872620057
0.2951196222886589
0.294713639271161
0.29437588585809726
0.2936733938644076
0.2918884321615557
0.28981673715551715
0.287779736110989
0.28633312664171595
0.28458624824366213
0.28206083437943513
0.27801870776278803
0.2730695824419394
0.2675358487182157
0.261885610631266
0.25554593019263105
0.24777013273977325
0.23869358829970547
0.22842534206815118
0.21823597734350778
0.20820793113813713
0.19841378825462905
0.18817278556701025
0.17789642377004872
0.16826078384787405
0.16075903627222046
0.15640023318762852
0.15470012817588996
0.15403726483755506
0.15306202537653424
0.15143510240601274
0.14993165499475097
0.14881504473559332
0.1479817022114907
0.14659565779265704
0.14469866700459558
0.14245850433842644
0.14070445046871777
0.13956727827238902
0.13914731989093207
0.13913773305354396
0.13928675454527953
0.1397515452171702
0.1404350872372753
0.1414928642083542
0.14218570884293452
0.1420691490928705
0.14062480129674865
0.13837958354309704
0.13583155849849599
0.13359394146973932
0.1314114199291089
0.1292796791784807
0.12718331927243423
0.1256906456910993
0.12506570288240781
0.1257298284193983
0.12731035044827577
0.12961185761836255
0.13214700750351185
0.13512157032203828
0.13864599104167222
0.1428167825164395
0.14718306783572685
0.15115246834084467
0.1543204953607896
0.15708921206021778
0.15978754018400632
0.162706757493894
0.1654581201298019
0.1677244682399744
0.16903604661982966
0.16969020501139004
0.1701502258162433
0.1706834517338441
0.1708742251984228
0.17047163797199766
0.16918408219574457
0.16760379578925338
0.1660511875858143
0.16497564132684206
0.16381403425605354
0.16209740838612763
0.15945775550159091
0.15649211474261135
0.1533868382426993
0.15059721781865584
0.1476092356860703
0.14428627516651218
0.14037324840759022
0.136246898993425
0.1323803710081563
0.12922719997570892
0.1265372585257358
0.12424245884938041
0.12206555162345356
0.12051790845981053
0.1196683710332249
0.11993608321229889
0.12054610528240638
0.1211838244234022
0.12115265938456127
0.1209258789824115
0.12071880189994667
0.12108008983591446
0.12171024512690631
0.12265460719681356
0.12368635368533193
0.12547275564969856
0.12819211582561782
0.13228571588212418
0.1369654149588148
0.14194499797868473
0.14642775359204951
0.15086400175280856
0.15523828816215193
0.1597638623017936
0.16389632378538196
0.16716025004325305
0.1691821701389907
0.17034715533943598
0.1709984025991802
0.1714754084371363
0.17153794570104758
0.17073389829092173
0.1689494570115293
0.16630218753131773
0.16353913131736245
0.1608856029887932
0.15857085082433478
0.15632751674934262
0.15407126133026294
0.15203306998033925
0.15055243068432816
0.14980952913232484
0.14932791905647214
0.14844455420101804
0.1467629180515739
0.14452345057792548
0.14235536094126033
0.14064224177565796
0.13894754274481122
0.13683176380221448
0.13414055809776243
0.1312392519037617
0.12870744693431277
0.12671039460930544
0.12527054814785685
0.12367476799732738
0.12182873851482995
0.11950763909848038
0.11751846362449235
0.115990372271688
0.11478195297395759
0.11331795734237003
0.11150584427247445
0.1095111393518548
0.10782298229763225
0.10637670217972067
0.10517674631288072
0.1039127238117298
0.10249657530090599
0.10119114315060958
0.10035444227003146
0.10019179029091585
0.10055176331790795
0.10101734877349144
0.10141155829097838
0.10180153992782526
0.10258250297900762
0.1037118356941949
0.1049152283214745
0.1054988587523147
0.1053092717177561
0.1043761207067916
0.10316741760856933
0.10163947641519468
0.09966534429375656
0.09678715646487195
0.09303989922456227
0.08848294729115556
0.08362811240902437
0.07881933844958129
0.07423828192790714
0.06971081240682286
0.06525590149136268
0.060867497928382065
0.05670699685393708
0.0528801563813768
0.04934646735973534
0.046162244102547
0.043465666652997885
0.04143019500902298
0.04014295359377321
0.03950748715548882
0.039084348865766845
0.03848573386049705
0.03758189406176549
0.03645746040972932
0.03545466044416723
0.034759164503303866
0.03447589818066991
0.034351866676592714
0.03439283368982591
0.03449483418504456
0.034810556270068106
0.03521203134127896
0.03566870687141523
0.035945583352339786
0.03603635953679402
0.03591645779629847
0.035777842566681886
0.03568792004829504
0.035661571745277065
0.035544622674079984
0.035301401669098044
0.03497869399383237
0.03482595694036132
0.03487352793213973
0.03504120207494086
0.03512521646432763
0.035024863217940475
0.03489613874020628
0.03484367144707945
0.03501229361053826
0.035260325238111886
0.035426321259189215
0.03540553175161917
0.03525735254915293
0.03516934944412485
0.03525204694559041
0.03540246991843573
0.035452443216517734
0.03530481204208439
0.03506385867268208
0.03491369950783032
0.03488152554788887
0.034941669750633134
0.03486689483395917
0.03462779273206281
0.0343357340676322
0.03421413174362522
0.03433091541492586
0.03461097054746751
0.0349044280902307
0.03516136099175389
0.035457561858739654
0.035963661650171654
0.03677502492815781
0.03774643811115958
0.038730523381470955
0.03961623462498477
0.0405325271305958
0.0416549911175819
0.043031301180949104
0.04457256933472565
0.04608491781574179
0.04741594664618705
0.04864066236268386
0.05000569085514395
0.05157424377774837
0.05329944284036565
0.054829058650400574
0.05615484247526603
0.0573515146100994
0.05870837862770017
0.06033908837988257
0.062197566453729314
0.06403703317987618
0.06576644343307425
0.0675864384510089
0.06984674993613746
0.0726582269017772
0.07601452092428242
0.07956924033409343
0.08306146947427225
0.08645173375392057
0.09010962785292109
0.09401807871622889
0.09797276817357052
0.10154357588091785
0.10442607687094003
0.1068389307400943
0.10916482749975862
0.11162611998909504
0.11411102856485758
0.11609947942405109
0.1174552253060643
0.11833934798490356
0.11928745901652585
0.12045284105862536
0.12166885614543274
0.12256698699859446
0.12300316142726027
0.1231955240504829
0.12347577624295043
0.1240532289407563
0.12471106424150807
0.125092737732807
0.12492069073159247
0.12451886027915508
0.1240887874395402
0.12404534710718715
0.12400157575342143
0.12368082225798217
0.12282531197408694
0.12166105713806237
0.12057040606648574
0.11979061928663619
0.11914342962402671
0.11835687653864198
0.11717474491566522
0.11591044002037197
0.11491228329575687
0.11458851858578543
0.11470269840447013
0.11495886029861062
0.11528799603026364
0.11588330830341813
0.11716130780197598
0.11935727869655305
0.12216815059475028
0.12513563359014962
0.12824825761882236
0.13137287233917622
0.13465236882782539
0.13793690030034791
0.14115090862538834
0.14424117542642861
0.14724601915807592
0.15016759268922533
0.15340720937837252
0.15702435124282602
0.1609856986138794
0.16481903254283675
0.16850969500470936
0.17207169697041957
0.17604548712797377
0.18032260667824546
0.18499748473199834
0.18930279452796667
0.19356044359766975
0.19737708928320047
0.20169003853646303
0.20594537617593633
0.21082686627254899
0.21544491306815167
0.22008156975871587
0.2245277578353937
0.22920258877743754
0.23402951412863712
0.23905360137839807
0.24400281142088903
0.2487725534323981
0.25286830664526555
0.2571940931442556
0.2614934068828712
0.2661882250673817
0.2704103230326802
0.27424738624234907
0.27766093298708405
0.28091669566649563
