0.34804159274591
0.3486643194030666
0.3491323914509277
0.3497686142588133
0.35017107907614947
0.3501235042583941
0.3493584411369563
0.3490603965338165
0.3483008264430219
0.3481249495787366
0.3464933977624234
0.34523825439228983
0.34210180336684753
0.33987220825601105
0.3361203847614454
0.33422235804444744
0.3309808531558263
0.3288286838143945
0.32543849647893763
0.32373625485211643
0.32192531343185365
0.32154325992257693
0.32040181946007074
0.31979898599075035
0.3184366556217807
0.3184520814984032
0.3186168760073342
0.32017548286574443
0.3208754314865399
0.3219586191708351
0.32176647190043633
0.3226311828001619
0.32290701012056355
0.32409479584620265
0.3237629113451486
0.323284497752875
0.32142996273455293
0.32027026622995125
0.31874007962130135
0.3179538221802784
0.31575848836981546
0.31322672825021247
0.30933511737998626
0.3061740403265831
0.30257869990911956
0.2997070038470088
0.29589144621338
0.29227029200262467
0.2878646405774395
0.2841406653943788
0.2803528405901432
0.27717029090029677
0.27307147963349143
0.26869357650878395
0.263567806930488
0.2592750260702759
0.25542502937061234
0.2526756676366707
0.24941556197084824
0.24601823106711698
0.24141099203192676
0.23691003184557446
0.23190691946275432
0.22699020217334967
0.2210239663843801
0.21472599297025902
0.20785908143006673
0.20205023178229356
0.19724657466458484
0.19387844705446075
0.19070663314863592
0.18786971787241247
0.18498333242698936
0.18278269968721064
0.1807659787457359
0.17908631470489586
0.1768439861747661
0.17459406862546512
0.17242640664430278
0.17147610305360952
0.1714025932672914
0.17226520804951884
0.17289489896118185
0.17331171035972057
0.17322452529452598
0.17364017005468876
0.17459875725559326
0.17650696711632255
0.1787500139974608
0.18180364860463913
0.18563760224690523
0.19111006882501536
0.19766900802107712
0.20504891668740952
0.21202483739610214
0.21840432381668992
0.2239408045000992
0.22965995099957248
0.23529331891787716
0.2412170346978254
0.24630093530308234
0.2509058436559405
0.2547420695299782
0.25898014858484575
0.2632512286538287
0.26785535367454405
0.27140717031521183
0.27419100615121117
0.27595604004056457
0.27806698199176505
0.28035278203106456
0.2831005386842139
0.2851827680550155
0.2868132534408725
0.2876882221606674
0.2890097229641676
0.29044261637614316
0.29248151645873605
0.29382469944514894
0.2947498586181856
0.2951300975071756
0.29613127699573444
0.29747452429978116
0.29931369720141127
0.300421329705596
0.3010369844793979
0.3008769833410035
0.30112124221738
0.301701195766603
0.3027317427962861
0.3032669297807821
0.3030820917580815
0.30234968093667824
0.3020416188081411
0.30230076288433105
0.30294213610658655
0.3028770100022877
0.3021690852500955
0.3009635720986107
0.30027414669580144
0.3002100881584888
0.3006374351082412
0.30060114637990365
0.2999702929896524
0.299006587889868
0.29861805390785323
0.298945289891706
0.2993941948812052
0.2993252447175844
0.29827851128717936
0.2969415293319183
0.2957943745303708
0.29540098583765867
0.2950522859862526
0.29434258816844994
0.292529886373664
0.2904618582023245
0.28839836912267053
0.28696018959723946
0.28518545717376415
0.2826430693159257
0.2785792791266455
0.27360120719846076
0.2680456962016081
0.26234693289947714
0.25595146499500676
0.24809970304687357
0.23895196574032387
0.22859439620156952
0.2183131011689718
0.20817188663253333
0.19829269306738956
0.18795628936649322
0.17758410051450882
0.16784791289343012
0.16026528400273485
0.15586381906547772
0.15416099798465388
0.15348549770873213
0.1525055545141549
0.1508583361525275
0.1493555921898653
0.14823796884784018
0.14739750219290418
0.14600121567528235
0.1440811537016973
0.14181574175875433
0.14005764974012272
0.13890146374721013
0.1384833753100586
0.13845273683779896
0.13861568349030623
0.13908704651171214
0.13979370198317645
0.14086069859281694
0.1415626903923909
0.14143645765206103
0.13998404036470694
0.13771768973956108
0.13515932887284626
0.13289982547651819
0.13070539733773417
0.12854925598857045
0.12643820384157886
0.1249420502154872
0.12431994854516579
0.12497698243666952
0.12657455352380315
0.12888767437220214
0.13145650971877879
0.13445839833728102
0.1380289568284644
0.14223362403550352
0.14662110131979378
0.15060444856264354
0.15381208992411516
0.1565985686602866
0.1593208616285867
0.16225753999538275
0.16502661107514657
0.16731186966855435
0.1686234557786826
0.16930342962978792
0.16978556762692953
0.170338279877173
0.1705308413411845
0.17012289615922524
0.16880512941047943
0.16721236213662496
0.16563581240984643
0.164553334961769
0.16334781873218668
0.16161788774962643
0.15896189540922803
0.15598686175226892
0.15285657121373558
0.15004382403050634
0.14703880049513116
0.1436763195140269
0.13972698861495622
0.13557003782143565
0.13169341816269495
0.12852676816756337
0.12581099546279412
0.12349183025216638
0.121312972708391
0.11977806258891707
0.11893181690155796
0.11918791816420776
0.11979348717208804
0.12042521799357622
0.12039756585959861
0.12017210647047863
0.11998375534188473
0.12035320574090219
0.12098869200056492
0.12192498912046854
0.12296573148821324
0.12475903148820737
0.1275099645258118
0.13161606180022364
0.13632170156314546
0.14133705456598936
0.14586241417083642
0.15035385133586343
0.15474616159148766
0.15931108458626256
0.16345722772651045
0.1667562150999211
0.16880231024348835
0.17000174622398867
0.1706601555359172
0.17113430669668786
0.17118370742039127
0.17036882378844712
0.1685794016645669
0.1659115272775223
0.1631274311281058
0.1604456397107012
0.1580895827145357
0.15583849097604194
0.15356398736080049
0.15153542460893119
0.15002826477458
0.14926937464937834
0.14876584816539007
0.14786914610246474
0.14619712377603275
0.14395070627072964
0.14177279761474532
0.14001957307467083
0.13831382736095899
0.13619565021333419
0.13349912105951683
0.13059059945136248
0.12803887398079364
0.12603923597543693
0.12458493935700715
0.12297874860223419
0.12112239784279673
0.11881755075738425
0.11685653960856891
0.11532116583915158
0.11408760114965225
0.11258864630446729
0.11077463859000561
0.10877971446365418
0.10708725871384314
0.10563825729047317
0.10442466150598319
0.10315676290281771
0.10172897684611346
0.10042628103604788
0.09960739626014109
0.09944974374899088
0.09980993345632498
0.10026138116698768
0.1006569606373743
0.10103502674482605
0.10180273139304702
0.10292304120590831
0.10412833974241346
0.10472435948874051
0.10454878625621089
0.10362326142008474
0.10241428368009355
0.10087092803953371
0.09888743661288742
0.09599076936069409
0.09221993862503546
0.0876754274132212
0.08282811594187625
0.07805977774329267
0.073494099898537
0.0690155746803744
0.06460064216544104
0.060272788453199375
0.05616124837093548
0.05239720484203661
0.04893430326589526
0.04582490714151263
0.04320562424546126
0.04120962745759711
0.03995908914672167
0.039326284509881654
0.03891978267558742
0.03833819129250248
0.037457256362278285
0.036353904840447704
0.03536382827479508
0.03469288812902855
0.0344220049574433
0.03431964127828779
0.034360434566620524
0.034465213968729994
0.03476602163339821
0.03515274947408927
0.03558880040093448
0.035870131635960964
0.03596758268341805
0.03585954005345721
0.03570746556206854
0.03561663241784915
0.03559014549020027
0.03547750933545705
0.03523607404068526
0.034922983321471916
0.03478011952086332
0.034827805428510376
0.03499560665681449
0.03507696164487757
0.034980789497771336
0.034847036024201285
0.0347939098910184
0.03496647447430637
0.03522201765374784
0.035392062716533314
0.035372995209542166
0.035218212410191484
0.03513260584107173
0.03520757882823251
0.035377082034663214
0.03541878435246657
0.03527268022561145
0.03500659227027685
0.034858867874998645
0.034831770536584684
0.03489933127491765
0.03485012161229172
0.03460638656938729
0.03431265229234739
0.03417290839309982
0.03429919031156707
0.03458378872914487
0.034868043610394424
0.035107324928757684
0.03537787621191468
0.035877820848169345
0.03668222770325819
0.03765414842568661
0.03859984909870689
0.03945535889207872
0.040325175591861204
0.04142821616918007
0.04275215070375272
0.04426258742077717
0.04574989418873419
0.047058943046982084
0.048259733103588415
0.049580464202988436
0.05112370628322882
0.05281010737718294
0.054312480961584336
0.055604869541778616
0.05677902148982286
0.05811618385969618
0.059721313524074594
0.06156714625263839
0.06337230813839875
0.0650846033846656
0.06686762498403546
0.06911857299513306
0.07190658147870198
0.07525819133189358
0.07879044788713366
0.08227461002704106
0.08565574178022149
0.08929989985238147
0.09319635978423141
0.09713931324698098
0.10071443363855268
0.10361370007254424
0.1060375536515267
0.10838702863824409
0.11085511316895556
0.11335592808862446
0.1153484154128868
0.11670751717059324
0.11759580432300692
0.11855506578546623
0.11972378097569714
0.12094622121258503
0.12184002800387478
0.12226797085010817
0.12246120392344184
0.12275950343156627
0.12336238730797648
0.12401416801513708
0.12437856380595481
0.1242061195750692
0.12379268946640827
0.1233753620319541
0.12332182431958039
0.12329557488371806
0.12297822918286673
0.1221236041557626
0.12095111814885486
0.11983842720254766
0.11905188518841756
0.1184027842578147
0.11760185559338117
0.11641522559688966
0.11513647779350558
0.11414243517971046
0.11381380527648857
0.11392281235578039
0.11415871087881047
0.11446722315398151
0.11505305516336414
0.11633001333176932
0.11853324931535761
0.1213445996202622
0.1243457792460852
0.1274681572946213
0.13058128167243194
0.13386907878695758
0.13712059738176374
0.14043306235311176
0.14351028534724575
0.14653337708098077
0.14938304331865454
0.1526188571727493
0.1563199396048758
0.16038518940523783
0.16427605550143892
0.16804454618261103
0.17157470616749096
0.17561053461828074
0.17987656143100833
0.1845512582632935
0.18885952568622041
0.19317651041646758
0.19697552240792607
0.201290523426113
0.20554898477282985
0.2105701010217204
0.21530841029080397
0.22010788619652272
0.22464309673167088
0.22932675516529008
0.23404733282719775
0.2390653803190921
0.24395120079589155
0.24863023062604514
0.2527828327509655
0.257328681634308
0.2617211831972331
0.26658815344312786
0.27044032807677076
0.2745907179364252
0.27769350097275397
0.28064307895834434
