0.3452404570137957
0.3459723820022691
0.34647411150079105
0.3470346447445687
0.3474048449159198
0.34737588374549627
0.3465842599078874
0.3463176443034573
0.3455824627770717
0.34540645814915916
0.3438214163590228
0.34252440685978214
0.3394410207370529
0.33722907202408337
0.3336266241577142
0.33172905091682253
0.3284894642251014
0.32627608010396064
0.32292642524277515
0.32118691546340605
0.31936987461192395
0.31897640774786123
0.3179035065622225
0.3172837677575379
0.3159585093662015
0.3159624518142976
0.31613507823903225
0.31766275922859394
0.31836429886115436
0.3194183859710534
0.31926513595017986
0.32009576890541386
0.32038624215803657
0.32152368419600286
0.32122453321340316
0.32076608671683515
0.3189172575991741
0.3177255037215657
0.3162059908318272
0.31543633384266134
0.31330591834330934
0.31079589061288204
0.30694705976490166
0.3037971979423242
0.3002278792246423
0.297361792123216
0.29358809885047493
0.2899757429515036
0.2855863555369383
0.2818603643933541
0.2781237175692127
0.2749881691836444
0.27095198801864956
0.2665998981003366
0.26152237735114436
0.25725939052779734
0.25348610316178877
0.2507778402316828
0.2475571191231381
0.24416690230145613
0.2396263383257536
0.23514133881625965
0.23017290255015982
0.22527520672098933
0.21936021793955016
0.21311939179045492
0.2063108113814178
0.20056672137016993
0.19581889040338088
0.19248405141439393
0.18935645084477462
0.18656278194949183
0.1837180820745988
0.18153922559102176
0.17951732153262812
0.1778350300312266
0.17564339288040054
0.17341582034734856
0.17126141128589276
0.17027842367719226
0.1702355892345407
0.17109835118552008
0.171724188739281
0.1721195810925791
0.17202389932687606
0.17244442880101238
0.1733997728734672
0.17530831159479232
0.17753648293117175
0.18054535035560682
0.18433876566096233
0.1897424098176365
0.1962317275046375
0.20355466382668025
0.21046289425506243
0.21678037199719855
0.22225189805543258
0.22793995909944553
0.23351757823817434
0.23938037201530146
0.24439121626753801
0.24896862183411136
0.2527868655620024
0.2570003559692095
0.2612196176171721
0.26575122078578695
0.2692864147005152
0.2720412369849783
0.27381254937971566
0.27589184209673023
0.2781703764437681
0.28089298976357185
0.2829577243879864
0.2845765926648251
0.2854615064316364
0.28675702555350374
0.2881743343729014
0.29015932363331937
0.2914948624598298
0.29243559699662247
0.2928230446624682
0.29383645229096944
0.2951533345000223
0.29698987557351864
0.2980771644028177
0.29867505616011564
0.29851723425395493
0.2987799758906647
0.2994001627891123
0.300405994178948
0.3009343143202996
0.30070991469818964
0.2999874983400031
0.29965748836710754
0.29991977182973206
0.30055037363363396
0.3004770084555263
0.29977424896322713
0.2985639977732237
0.2978698075875794
0.29779917333803063
0.29823766955672504
0.29821874121436465
0.2975959710449476
0.29662716591693394
0.29623245426960615
0.2965718226081482
0.29702756719354206
0.29695505219866847
0.295917848331937
0.2945806825761978
0.2934390184835911
0.29298631376185746
0.29265679196928923
0.29194214423007314
0.2901743073726371
0.2881040119594211
0.28608079903577865
0.28465645449769433
0.2829133918387357
0.28039273832816297
0.27636232509740294
0.2714413895096701
0.265940620920194
0.2603081667863645
0.25394741423838707
0.24618300764014028
0.23712009435554277
0.22687439647206437
0.21665858642391178
0.20663170352039745
0.19684146222533913
0.18663121273178676
0.17633490403804053
0.1667092067403724
0.1592179047805269
0.15488010786970066
0.15318875919997815
0.15249824348680183
0.15153596629679508
0.14991205359124504
0.14842771471334093
0.1473107800876791
0.14647869471933042
0.14509916058978364
0.14320805090997818
0.14097043727487588
0.13921296346410558
0.138066143149263
0.13765293216518482
0.13764769163889679
0.13779969758940958
0.1382535519983846
0.1389442006149366
0.1400074723424215
0.1407177453250334
0.14061236521500262
0.13915173655176202
0.13689327923689343
0.1343356753992708
0.1321074594569378
0.12994213902479929
0.12781609669715746
0.1257215379822908
0.12423106143219959
0.1236090834363304
0.1242899719956886
0.12586446701072945
0.12816356631007222
0.13069519545167632
0.13367985449227104
0.1372014148350454
0.14134602398702645
0.14569000766915938
0.1496496406787695
0.1528439964521062
0.15560823826005787
0.1583067753481372
0.1612096772815728
0.1639590391458291
0.16622571387980561
0.16754521333192507
0.16821995930839637
0.1686866818677018
0.16920872464300438
0.16938074958781543
0.1689755513688666
0.1676815581535604
0.16611278368713164
0.16455793457530585
0.16349048758638363
0.16232453126780338
0.16060631597304018
0.15796631504867423
0.15500677721869907
0.15191073477604514
0.14912990306897236
0.14614246617467144
0.14282334364651034
0.13893443056276916
0.134816328148156
0.13095994864394928
0.1278089161238071
0.12512701155771372
0.12283992156446687
0.12067352952751005
0.11914187449315079
0.11827857295207447
0.11852353369369392
0.11913153817619142
0.1197850025430032
0.11976892665763325
0.11954014610130964
0.1193295770827704
0.1196863317084959
0.12029775904839805
0.12124463605267927
0.12228190703069818
0.12408505990112155
0.12678858144453947
0.13086800610592444
0.13553388102318717
0.14052114775001426
0.14498630128291123
0.14942310558954988
0.15375540264546614
0.1582798263502203
0.16238220303432788
0.16567016639253082
0.16769124836346716
0.1688607669160552
0.16949886191817876
0.16997415918053774
0.17004550783465927
0.16924839245629622
0.1674524013628661
0.16480269270278727
0.16203663815876135
0.1593914110156501
0.15706810701325047
0.15483499833872208
0.15257822428522666
0.15054220503705706
0.1490501594026807
0.14831057522112223
0.1478348683543384
0.14694019683281864
0.14526864433334483
0.14301757637742163
0.14086736520174042
0.13915115484016932
0.1374853223724042
0.13537330684695031
0.13270684267598085
0.12981467763955304
0.12729538343173244
0.12530534856891595
0.12385616939957365
0.12226728061328075
0.12040994622847233
0.11812131625147096
0.11615871600498129
0.11464171442809343
0.11341948680551928
0.11196571498695858
0.11016862292397317
0.10820504791823546
0.10651563440369143
0.10508396231951209
0.10388253136030162
0.10260777056384378
0.10118632029297696
0.09989854009789054
0.0990962308567527
0.09894655489486943
0.09929130204070452
0.09973088388689834
0.10011551224985012
0.10050049541933297
0.10127268199063104
0.1023826546534894
0.1035689265031313
0.1041400149411329
0.1039406428290809
0.10300387147264228
0.10181438032823198
0.1002968274661426
0.09833631119846445
0.09546603616290299
0.09173680168483178
0.08723171787446765
0.08241954484568216
0.07769339808406699
0.0731577977764953
0.06871105514392499
0.06432151805203526
0.06003012600037039
0.055944425073158936
0.05219199990029584
0.048752631798051956
0.04566941158736535
0.043076037919686755
0.04107936763440375
0.03982286451825381
0.03920454573071788
0.038808581705067145
0.03823793814666561
0.0373477866651481
0.036265344317311786
0.0352898114734286
0.034636758443241975
0.034359674614928684
0.03425535170327098
0.03428335248529929
0.03437130586039195
0.03466282988758188
0.03504894438287511
0.035505687045505885
0.03578245421090133
0.03586898614396537
0.03574990086737641
0.03560515059030771
0.03552203896912965
0.035485310958492326
0.03537982358072719
0.03515137591418009
0.03485033767059871
0.03469230919495932
0.03473884251988811
0.034893910467882094
0.03498913636009494
0.03488025452590051
0.034757182130267364
0.03470430475810024
0.03487730904769586
0.0351216535105871
0.035288961399726905
0.03526759663188313
0.03511672432373331
0.0350436308038184
0.03512540677434083
0.035292546498583384
0.035336319315916645
0.03518581438068967
0.03492805321415281
0.03476574358802241
0.034739184679831246
0.03481082486541187
0.03474412173404771
0.03451528098103541
0.034231026281862885
0.03410613164104043
0.03421082365424106
0.03449318780267711
0.03478549447767362
0.03503374277983038
0.03531017202595321
0.035791342032552576
0.03658549248488312
0.03753410622189599
0.03847972424716484
0.03932753608620603
0.04018246685068745
0.04125864551658629
0.042588541973758665
0.04410085024468731
0.04557921595275166
0.04687066006658032
0.048051660957148155
0.04937523199973117
0.05091537286764494
0.052602321995161044
0.0540928894654349
0.05538715834463156
0.05653008119010542
0.057863496776394054
0.059436385857425986
0.06129332378809675
0.06309973501222173
0.06481050445773989
0.06659840763413286
0.06882325387458796
0.07160896479905936
0.07493095528216497
0.07844685615456018
0.08190330033089965
0.08525169538143454
0.08887343017956822
0.09272684039386618
0.09665249942605568
0.10017762472556341
0.10306208059555691
0.10545850932232546
0.10779912201500685
0.11024151872954331
0.11271980769027347
0.11470877737588946
0.11605535750956619
0.11694314625776818
0.11787965969826399
0.11905275944678372
0.12026406440058489
0.12116960932519348
0.12160668776992903
0.12179674989699356
0.12206905534029557
0.1226462801459679
0.12328094047612904
0.12365651957833987
0.12345568041630317
0.1230499799754273
0.1226328999347482
0.12259912626418873
0.12260391724169394
0.1222907424045681
0.12145282127160612
0.12025418993806987
0.11914584365515335
0.11835506182852372
0.1177136515261561
0.116911907360139
0.11573891316873297
0.11446347119962537
0.11347056564048422
0.11313256811708537
0.1132359272191002
0.11348293460439417
0.11379512619612625
0.11441290266526791
0.11567346983212251
0.11785220498645513
0.12058462359068128
0.12352348830489805
0.12660670051454156
0.12973857188068552
0.13302904223695666
0.1362776071527025
0.1395143316084637
0.1425328897592726
0.14553293169668188
0.14835562108083197
0.1517123296339531
0.15542599597075968
0.15950546184229977
0.16332714054881797
0.16709131727458235
0.17058450515302173
0.17445682436009793
0.17852342949110103
0.18311643625519713
0.18737271367697672
0.19160811487012933
0.19545266122972837
0.19980692206539655
0.20440145083652475
0.2092850741222779
0.21393436285973755
0.21839717691180976
0.22299061716663895
0.22771059818728132
0.23252596872304857
0.237465848937076
0.24234163762392566
0.2467652592448919
0.2508618349421882
0.2551447562432988
0.2596137621424956
0.2643108192575994
0.26844285542953406
0.2723063264844269
0.2758262392089066
0.27960100995351156
