0.351104013516062
0.3517188597028454
0.3521620544342863
0.3527761637444774
0.35315940794634226
0.3530996332311467
0.35232263432093286
0.35198854275543623
0.3512451819965793
0.3510716076160037
0.34946937842123194
0.34816311004054684
0.3450070170177997
0.3427626574808845
0.3391636270192351
0.33721411950217584
0.33393818389449115
0.3316810216648583
0.32829947068358084
0.3265670576880601
0.3246975018779113
0.32433768194948337
0.32322481016915544
0.3226267423054458
0.32125405161176107
0.32124838548858836
0.3214050943842341
0.32292957979187986
0.32362730529558664
0.3247180651526043
0.32454545683266983
0.325405319814994
0.32566805736662485
0.3268587373702375
0.32655317603992673
0.3260850752474073
0.3242072819564607
0.32302044207985253
0.3214998645233717
0.3207188117250034
0.31856359953431646
0.316010636662493
0.31212518032279896
0.3089423802884211
0.3053762617073028
0.3025101637460191
0.2987194106888461
0.29511767994491617
0.2907225672424642
0.28698759374361554
0.2831969413499265
0.2800165796433397
0.27593488085051004
0.27155896744964236
0.26643984697596984
0.2621656316349793
0.2583563815258039
0.25564823916128876
0.2523982308127239
0.2489888839559037
0.24439365313637756
0.2398793025655726
0.23487553434521136
0.22995137392727694
0.2239923524454162
0.2176993280549254
0.21083585292917206
0.20504143330410313
0.20023430878615225
0.19684390180289424
0.1936545999993044
0.19081381068177983
0.18792482561249207
0.1857224311078716
0.1836798688354759
0.18199233344055932
0.17974715782570247
0.17750273138097947
0.17530704843233985
0.1743198384657418
0.1742442316424062
0.1751111418540118
0.17576049526336304
0.17616995926761098
0.1760901050224684
0.17649266979479478
0.1774579421186994
0.1793806757440632
0.181658430912577
0.18471101314119143
0.18855038605363675
0.194018064552289
0.20058632165360088
0.20797816893546567
0.2149667415927388
0.22134564594652262
0.226886279121144
0.2325855317822552
0.23820721386497085
0.24408697429558193
0.24915252564506557
0.2537569160585353
0.2576109644806868
0.261859428183511
0.26609974313675155
0.27068050463139354
0.2742077407816582
0.27699300209666533
0.27874685273762756
0.28083179058043056
0.2831060605012335
0.28584525968483276
0.2879337099590635
0.2895526421677207
0.2904373069577377
0.2917404221933543
0.29316723549844226
0.2951850674655385
0.2965446579933982
0.2974775705037448
0.2978317473031985
0.29882826929915085
0.3001775426125934
0.30205659404869606
0.3031568471956267
0.3037410665874903
0.3035597054562216
0.3038050474060534
0.30441578714598133
0.3054276074071658
0.305982115606029
0.3057723123507549
0.30506151838254747
0.30473817790257224
0.30503319603364937
0.3056840351166306
0.3056086406941412
0.3048986458787693
0.3036802245112547
0.30298055756844655
0.3029168587519389
0.30334118629345974
0.30336510063637256
0.30271703314831894
0.3017816231913363
0.30135764752230576
0.30172662643502246
0.3021728145528042
0.3021528752143549
0.3010839381578998
0.2997587343741405
0.29855349056845937
0.29816034422958526
0.29781893628552075
0.2971529934018972
0.2953222712174639
0.29324702967114213
0.291171492916276
0.2897569300939505
0.28798898286244096
0.2854656213067358
0.28138826745514883
0.2764170223700004
0.2708518647515575
0.2651822298181575
0.25877389283779606
0.25093577808745715
0.2417916337169714
0.2314571034079155
0.22117341411116234
0.2110500967496924
0.20115477282600433
0.19081000725584998
0.18039780253938975
0.17065075684779935
0.1630616832903819
0.15865729873933948
0.1569478564350609
0.1562566194447437
0.15527293498265934
0.15361465945985064
0.15209709024418364
0.15096793808185202
0.15012830109311365
0.14873041591201705
0.14680114482919485
0.1445347687991508
0.14274555662824212
0.14158428381991608
0.14114775549492622
0.14113685488330766
0.14129326561794625
0.14175966892376254
0.14246170398319274
0.14353953168169029
0.14426213562722268
0.14415797689352194
0.142679027702622
0.14038410231634718
0.1377849977826658
0.13551357226227737
0.13330740629070667
0.13114342481099578
0.1290146174885007
0.1274817333787784
0.12683891558507962
0.12751801315024988
0.12913186773670704
0.13147413748143946
0.13404872584786626
0.13707560263604981
0.14065256045808913
0.14487105307885245
0.14928198199725987
0.1532933091753911
0.1565238343360379
0.15933452076422253
0.16207965083065598
0.1650402180728472
0.16782591602895433
0.17012937813729492
0.17146241592289949
0.17214071704699144
0.17262259675845723
0.17314904630265965
0.17334171228204742
0.17291542389553424
0.17160799365624035
0.17000588124601207
0.16843811220456414
0.16735331333136114
0.16617299483352452
0.16442833206188898
0.1617558637264804
0.15875037181878487
0.15562128416839727
0.15278713273526578
0.149769963579223
0.14638304699134042
0.14242600937310398
0.13822622685267372
0.1343016693189306
0.13109629224592853
0.12835477538454337
0.12600626766054135
0.12379254363397518
0.1222300120918837
0.1213681228268921
0.12162379586651767
0.12225142705945977
0.12291266195565127
0.12290851011370142
0.12267437488663678
0.12245589550610526
0.1227971544831104
0.12343342881850684
0.1243867800358217
0.12544638355917948
0.12727043025569976
0.13005160606065203
0.13420072542247638
0.13894903439651954
0.14402289826811782
0.148571651867715
0.15308420098843623
0.1574888466569819
0.16208012926165907
0.1662484713831179
0.16956654163142182
0.17162117798168822
0.17280259253832894
0.17345448006589687
0.17394488715628129
0.17400660399359627
0.17319999708551792
0.1713897790255919
0.16871657565927528
0.16592245782524742
0.1632309828852725
0.1608746538598119
0.15860274526216273
0.1563052975421191
0.15426128873343417
0.1527531251215072
0.152010407831868
0.15150743278938417
0.150600040753739
0.14890539455515062
0.14662764374221637
0.14443750637330371
0.1426919554362809
0.14095986391720536
0.13881555333116513
0.13607950007076042
0.1331510388202638
0.13057073884489642
0.12853326293529235
0.1270571739806007
0.12542060444761782
0.12355120082280958
0.12120161703959852
0.11920880786643771
0.11763720125766558
0.11639190877690636
0.11489759882190904
0.11306782118127108
0.11104630654947936
0.10930599196436544
0.10783176442547439
0.10660188492528049
0.10530432570084261
0.10386000901785322
0.10253105370662499
0.10171321689668282
0.10154704582940016
0.1019187188254504
0.10236621056803243
0.10277359066096015
0.10317316333342544
0.10397824376312127
0.10512081687706318
0.10634477968699413
0.10694156943122664
0.10674871572518792
0.10580629479258508
0.10457494719956605
0.10301922781010682
0.10100035645419658
0.09806057347034922
0.09424030666855533
0.08960194431283712
0.08465372986429864
0.07976180408037364
0.07506186931889937
0.07045211218536782
0.065883113090811
0.06142124668798823
0.05714006024090297
0.05322206017152753
0.049597665948487184
0.04635013912036172
0.04361614143226719
0.04154352549779255
0.04023657720140014
0.039576910881714264
0.03914945582963026
0.03853724413545556
0.037615499959842924
0.036482709016325096
0.03547105256814272
0.03477524206309138
0.03446835121640052
0.034353700655461374
0.034395651721329745
0.034498544746235135
0.034795715364972654
0.03519560437411581
0.03565690513156587
0.035959369572870103
0.03605000371149647
0.03593715366996104
0.03578626280761926
0.035691170864432645
0.03566285433443199
0.03554070918506708
0.035300977022735075
0.03497795806373933
0.034810596661766294
0.03485156787697657
0.03501496869135847
0.03512151465420219
0.03501355066044205
0.034890720331117744
0.03483459239585953
0.03502486732985706
0.03526465924172961
0.03543553172559919
0.035414451420924364
0.03527033649945805
0.03518825090227697
0.035263509304986944
0.035412942987383976
0.03545868844865581
0.035315392853783475
0.0350713236662986
0.03490906052409473
0.03486753453820894
0.03491757803311842
0.0348557833471513
0.034619703743705946
0.034340930478882134
0.03419734856215379
0.034306538749601434
0.03458989152936373
0.03490089208546663
0.03516649038748862
0.0354700677640816
0.03597408348374801
0.03680645025352374
0.03780632514052319
0.03881601980296563
0.03971439953952457
0.040617841210906745
0.04176272796207074
0.04316386494142989
0.04476058022653728
0.046303354794990634
0.047679354069552884
0.048940067438426514
0.050341698788135394
0.051948539628270334
0.053702627397919485
0.05526366787731676
0.05661917944229695
0.05782775236227381
0.05921996269421292
0.06087508908859141
0.06279636825910791
0.06466447306604597
0.06643222705652531
0.06829311770692226
0.07062731664612601
0.07349978256751738
0.07694053724439441
0.08056199866909378
0.08413628701056232
0.08759412190491017
0.09131843723500638
0.09530177811619811
0.09932948333177884
0.1029642375973475
0.1059055960971362
0.10836309305943227
0.11073996495241366
0.11324661759868294
0.11576564194625533
0.11780452514422463
0.11917993135469201
0.12008751631429988
0.12104594710214252
0.12223830506547281
0.12346680315729615
0.12438475553919538
0.12482653578018049
0.12502518567597237
0.1252996226159973
0.12589167479680383
0.12653606699324307
0.126918292177689
0.12672331104522108
0.12632247028557056
0.12588885658589533
0.1258359002366471
0.12582307323684316
0.1255177031826171
0.12466060190318164
0.12345466160034266
0.12231405758652178
0.12151639028885683
0.12085670544280046
0.12004018873110385
0.11882843686535037
0.11753146271790112
0.11653233952329364
0.11618361403795809
0.11627449635097745
0.11651098721934292
0.11683002595199625
0.117439699032074
0.11872941779622051
0.1209676266428481
0.12378000709238554
0.12675117410398212
0.12989960346102447
0.13308870166353848
0.13644601072918927
0.13973553581737175
0.1430432315507098
0.14612212614374948
0.14912839277432322
0.15198193157149759
0.15533554555217238
0.15910306120379636
0.16316693515542838
0.1670332434901184
0.17076202591928077
0.1744076061384742
0.1783046462534863
0.1825913029142192
0.18706101251998955
0.1915090788687086
0.19575232367622314
0.19972191046433066
0.20397708506972254
0.20844231827343135
0.21343789165122126
0.21816875728818388
0.22285580343107184
0.2273154112611633
0.23202330585512426
0.23669699213115247
0.24187157304421247
0.24670534207793052
0.2513774649603308
0.25542350320944085
0.26003168315046665
0.26451952474940743
0.26939487164935
0.2735156738744952
0.2775758409712388
0.2809487424168948
0.2843773148086692
