0.3479317560984981
0.34858287440768004
0.34903222086572455
0.34962425253524493
0.3500421710160066
0.3500519841559659
0.3492281450416603
0.34890701151640807
0.348126880702605
0.3480175076566028
0.3464123611484006
0.34509725096687804
0.3419619937955189
0.3397414345147023
0.3361391792479439
0.3341808079038203
0.33090994692178
0.32868647199016343
0.3253233315506936
0.3236261959387174
0.3217830187044874
0.32140179166327265
0.32028337236593785
0.3196636561461899
0.3183363255316584
0.318350661934205
0.3185525825929752
0.32007657074831575
0.320785670834828
0.3218508007937314
0.32170512222574865
0.32252762129788015
0.32280935769234304
0.3239722192754222
0.32367830610799747
0.3232034525961464
0.3213258367759553
0.3201353967480672
0.3186228201626095
0.31785385419864026
0.3157008483105825
0.3131473176893341
0.3092537795402046
0.30607305540056046
0.30249327135040865
0.299631602197341
0.2958295627672389
0.29220571408590273
0.28780195634033673
0.28404989400024666
0.28027595396869603
0.2770950775223733
0.27303415126416536
0.26862561821964975
0.263500551959561
0.2591844354331263
0.25539738473088186
0.25266446772774653
0.24942825530682863
0.24600265762637444
0.2414114175178386
0.23689115566851798
0.23187662553517813
0.22693396964481247
0.2209650561708299
0.21466820557501645
0.2077948329272297
0.2019879471468881
0.19720331451036785
0.19383743609154458
0.19067943514045568
0.18783935203637803
0.18494804402389603
0.18271955368681617
0.18068356260185497
0.1789722291057321
0.17674690240370364
0.1744819413952872
0.17232962283806136
0.17133966460754133
0.17129881681911235
0.17215827006506262
0.1728076919336143
0.1731852053236836
0.17310668292247833
0.17352818345947288
0.17449242542253882
0.17639540058090974
0.1786366327914888
0.18168372931727655
0.18553186287381926
0.1909951472964614
0.1975728484354752
0.20495379854054926
0.21194195988537629
0.21832838434039578
0.22387266973004427
0.229633828784559
0.2352579222700153
0.24117670861002402
0.24623570564355293
0.25083654502733377
0.25468090814546607
0.2589205328938509
0.26317735435457373
0.2677707263755033
0.271324220096733
0.27411841065849757
0.2758945165208455
0.27798875177154886
0.2802752840914839
0.2830069395132125
0.28508917383271604
0.28672790910916
0.2876131371981118
0.2889284946523027
0.29034292181428545
0.292359443808955
0.2937151451271532
0.2946544837351379
0.29503990032183364
0.2960292329798767
0.2973531652775729
0.29920478052977284
0.3002981519048214
0.3009134348923123
0.3007443869324512
0.3009994206979346
0.30161202628460243
0.3026235121820913
0.30317691144942277
0.30296724355044014
0.3022267061725605
0.30191203464064076
0.3021921635940668
0.3028604637465731
0.30278989370803144
0.30207410814747104
0.3008581596433982
0.3001641883340886
0.30008457838769376
0.30049612263292674
0.3004704494916318
0.29984643122401455
0.2989083457012497
0.29850804466113356
0.2988509434380968
0.29931256540128026
0.2992452819345892
0.29819985403616783
0.2968494730356615
0.2957068465331129
0.2952807310082296
0.29493984174011
0.29421875996219937
0.2924075468746622
0.29032618862871645
0.28826731336301814
0.286836071902611
0.2850797921084896
0.2825480306273662
0.27848031854002464
0.27349574716329733
0.26793957038492
0.26226096171850427
0.25586100375055604
0.24801967190568894
0.2388783164234695
0.22853517635671394
0.21822847629665681
0.20810225820946174
0.19820483127600882
0.18789527499771772
0.17748373030079984
0.16776521556936358
0.1601734930189594
0.1557792746395819
0.1540521799977921
0.1533619813670287
0.1523887791636418
0.1507520727520127
0.14924593068991987
0.1481103126958021
0.14726590095489067
0.14587305187114977
0.14398478165665138
0.14171885643504586
0.13995291644794441
0.13878143107001442
0.13835092955151115
0.1383282918811755
0.13846783648682987
0.1389434342770272
0.13965124217357186
0.14073206948606484
0.14144968246597991
0.14133595003533955
0.1398788094423605
0.13759302386708244
0.13502511034770195
0.13276138966337236
0.13057125851767773
0.1284216855725462
0.12630927054391872
0.12480341124904637
0.12416209403274207
0.12483641209689766
0.12642349984991327
0.12873201772047232
0.13129706303295882
0.1343030995291336
0.13787458421701873
0.14206636646106666
0.14646664497992068
0.15046442581859787
0.15367541906554308
0.15646866025314637
0.15920166739324612
0.16214935188080157
0.16492619503949876
0.1672116865507541
0.16854434872414592
0.16922069876895604
0.169701723087625
0.17022109007877254
0.1704052923571428
0.17000008936149713
0.16869326248468602
0.16710523605297767
0.1655141808963423
0.16443670081250042
0.16325788917031037
0.16152916389869323
0.15886692127296875
0.15587277602303834
0.15275226272374967
0.14992954414889756
0.14692553275036624
0.1435544515673958
0.13962709629371142
0.13544982740385847
0.13156723822913283
0.12838157572867245
0.12567301267439077
0.12334565512701165
0.12116653023738379
0.11961938238473357
0.11877049922236088
0.11901052717715664
0.1196279366425808
0.12026423284880614
0.12025247099764323
0.1200236405597303
0.11982012787881934
0.12017753755042482
0.12079449484192288
0.12173931364225442
0.1227847633611262
0.12460793140770976
0.12735421821523074
0.13147242513644603
0.13617592826578406
0.14122236296351923
0.14574284496924275
0.1502375905022366
0.15462172294276055
0.1591959792941037
0.16333854869780878
0.16664241411229383
0.16867991884090777
0.16987193620565347
0.1705308344567566
0.17101246595806927
0.17106254018177938
0.17025440081889082
0.16845910402950287
0.16580911297412362
0.163032031278777
0.16036055969657192
0.15801918639738774
0.15575648856912863
0.15349250725051752
0.15145289113049698
0.14995085527102128
0.1492071563844974
0.1487331913767301
0.1478444519640122
0.14615328555997056
0.14386887373326107
0.14169514982666712
0.1399526424280449
0.1382519586263209
0.13609606851319847
0.13339398989893173
0.13047866907919783
0.12794771153766998
0.1259372271585933
0.12448325901339166
0.12289085119734273
0.12102347496881738
0.11869717022277054
0.11669294208577863
0.1151621354816638
0.11391390898009897
0.11244095423795153
0.11060899654642732
0.10863330084058315
0.10693058441233211
0.10547239993165727
0.10425233356213259
0.10295178607751496
0.10152830941541341
0.10021658227237061
0.09939847835576666
0.09922512018321933
0.09957330260830785
0.10000988655558997
0.10040304446766303
0.10079019968054027
0.10157797900609078
0.10269833862259484
0.10389864947132345
0.10446927975644321
0.1042740026966943
0.10333774788058271
0.1021300701446579
0.10058927011949026
0.09859397723828665
0.09570272541087603
0.09193577658842533
0.08738921472878183
0.08252330884319453
0.07775701956690229
0.07317755917813853
0.06871262700430324
0.0642799352098178
0.059962173831102424
0.05583190231245985
0.05206906923153396
0.0486096123522931
0.04553137830827588
0.04294323020859599
0.040949573468679785
0.03968845854665767
0.0390584431418302
0.0386643859304356
0.03810001788229885
0.03722332630893063
0.036153897134372066
0.03518654761896997
0.03452545804129708
0.034244241340855956
0.03414453081599143
0.03418987184171157
0.03427226940800883
0.03454607786481407
0.03492635799243749
0.03538765418017422
0.035673844988686816
0.03577073823307804
0.03564674684551201
0.03550802885407491
0.035416698448662264
0.035392638352357765
0.03528265545680047
0.03504254876575972
0.03474257487769287
0.034578884564981774
0.03462665811135711
0.03478399359189594
0.03488353354353118
0.03478444662462498
0.03466005582039258
0.03460754363324597
0.03478124705187964
0.03502465138417961
0.03519504704171457
0.03516942671124788
0.035017910215649505
0.03493432934726753
0.035019856376763504
0.03516324117868765
0.03521786191361949
0.03506615762439874
0.034829987797206564
0.03466793020722045
0.03465163051507575
0.034726081777208526
0.03466525134321843
0.034426375886709264
0.03414629591227372
0.03401142790038477
0.03411558239598645
0.03439785941788123
0.034687522683138024
0.03494435451077486
0.03521257557298597
0.03569350813048135
0.03647975119125519
0.03742336065230206
0.038366947742414254
0.03921198397174751
0.04006204878001278
0.04114667071452885
0.042466304363978497
0.04398508753570593
0.045452228276738026
0.04675354517621931
0.04794604925878304
0.04928013453861893
0.050820990527325687
0.05250391643207148
0.053997416760091094
0.055294525509013766
0.05645142644519623
0.05780286275427409
0.05939802926568236
0.061261085492480806
0.0630576510534005
0.0647781485780232
0.0665673230205731
0.0688254271770048
0.07162203742684431
0.07498765695893739
0.07853454221160508
0.0820176937721405
0.08539012492091082
0.0890436890546033
0.09295010504721044
0.09691422601422184
0.10049097679366016
0.10339910821400743
0.10581300451273835
0.10815114322809147
0.11062111352703713
0.11312387298569299
0.11514383813068281
0.11651813332135838
0.11741502803307433
0.11837006656797712
0.11953448607094239
0.12076182843432526
0.12166891854486787
0.12212597429431027
0.12232390401748336
0.12259149671856172
0.1231715279082059
0.12381247716908979
0.12419896004171874
0.12401537872526346
0.1236128983459605
0.12319370241318937
0.12313267282658108
0.12312847894940668
0.12280689761689856
0.12196446091138942
0.12076601903137858
0.11964842342026799
0.1188425959830285
0.1181847492794883
0.11738982222408478
0.11621366395855684
0.114936044302058
0.11392858069544146
0.113597938984025
0.11370689852327605
0.11395061446885148
0.11424982010981949
0.11485121362356868
0.11613542504498317
0.11833405279322046
0.12110092191244314
0.12404759011910813
0.12719259699792726
0.13033610698326784
0.13364414217074355
0.13685785729249642
0.1401659788916132
0.14324013745825048
0.14629481716915924
0.14916446356945617
0.15250848910791712
0.15627799285855962
0.16026241873361785
0.1641969631905462
0.16780266702174115
0.17149559543082862
0.17529855677606485
0.1796368110225489
0.18415478346554878
0.18855424475607505
0.19279362721441456
0.19674026248741883
0.20103380088849723
0.20554489668697304
0.21053117588605857
0.21523898799744842
0.21991378123975436
0.22432715788409008
0.2291644640710557
0.23381200247284814
0.23888321202718896
0.24362320443263474
0.24813134598404815
0.2521885207380395
0.2565328658228329
0.26115252138240425
0.2660386088456175
0.27026372173078406
0.27412914579487235
0.27752231886640144
0.28124178616278755
