0.3465912755044533
0.3472476869586664
0.34770827745090943
0.3482923356922216
0.3487012215515054
0.34870057423046563
0.3479255558132754
0.3476565204679923
0.34688288052026833
0.3467185267139718
0.3450934980006595
0.3438167215224923
0.34067858243988614
0.33845295042893253
0.33478009051710844
0.33286050725939986
0.3296276866917309
0.327423112940023
0.32409154766360454
0.32237905051551186
0.32056720702247826
0.32019384273270773
0.31909071338641265
0.3185045063444031
0.31715818903018833
0.3171553602521586
0.3173242831804754
0.31884505895524895
0.3195760610133127
0.32063994379137783
0.32047404324453926
0.32131243830890865
0.32160433175479525
0.32278029839873285
0.3224630494547327
0.32199637112203955
0.32012840955700816
0.31896103415009697
0.3174337224369578
0.3166912193032045
0.3145372891744153
0.3119930108007318
0.30810551875485415
0.30492366470183146
0.3013759398237762
0.29851969119634775
0.2947375692865127
0.29112842740594386
0.2867205523082861
0.2829954215006199
0.27925050874401797
0.2760839964860662
0.27204145104513644
0.26767013029416253
0.26259845845694785
0.2583106089327877
0.2545113148236558
0.2518032072227475
0.24858158312958978
0.24519068416651202
0.24062549381244022
0.23613942598400675
0.23118148813342246
0.22630471937700808
0.22041248478324973
0.21419286357006942
0.2073770785556823
0.20161835650802704
0.19685282961923659
0.19350690149818453
0.19036171033741145
0.1875563320329802
0.18470959202884382
0.18252159219413341
0.18048828983300402
0.17879074839466144
0.17658502323520814
0.1743478520610961
0.1721751819303119
0.17119988754402873
0.17115028388610445
0.1720287980375055
0.1726548701355691
0.17304636396044917
0.1729576011883198
0.17334923376512032
0.17429973865639492
0.17619685971194357
0.1784486496758509
0.18146132251404648
0.18526022243537943
0.19065585727889406
0.19716729524083976
0.20448681116454773
0.21142753108522686
0.21774139212113808
0.2232369614791054
0.22891473576670388
0.2345053440359596
0.2403600973998038
0.24538993526156905
0.24995538026751343
0.25377100786764095
0.2580017710311582
0.2622474713763119
0.2668093268757226
0.27032956739562963
0.27308683096053593
0.27485355972523806
0.2769297021572791
0.2792150335249294
0.28193985677394817
0.284024082402253
0.2856276561284755
0.28649971912286837
0.2878040701133999
0.2892492620666517
0.29127109892337594
0.2926040228296119
0.2935308448082913
0.29390542052394136
0.29491840432043576
0.2962383143054341
0.2980914813707533
0.29917825273095455
0.2997721993291228
0.29959674625874627
0.2998662420445678
0.3004757319355782
0.30149138366819345
0.3020192967113602
0.30183116140584476
0.3010979570730933
0.3008025753706149
0.3010707059596543
0.30173786498848215
0.301653825671106
0.300961394181977
0.29973037548545095
0.2990237215764464
0.29893075575265565
0.29937003690663216
0.2993632949480665
0.2987439723599224
0.29779964435540585
0.2974054342783017
0.2977410243070835
0.2981845798203974
0.298103534259254
0.2970621420863866
0.29573513859593165
0.29459138970762266
0.2941748086732172
0.2938336458774211
0.2931359712711675
0.2913565590592288
0.28928992753252974
0.2872465855001025
0.2858024460599005
0.2840511568443557
0.28153044252498566
0.27749066101765196
0.2725313464569715
0.26701289229372505
0.2613622480094421
0.25500860866253805
0.2472182616273475
0.2381462753545104
0.22789087574176414
0.21767932233009432
0.20764391339458366
0.19784860076725952
0.1876236126780698
0.1773226594040178
0.16767677551527216
0.16017416783962465
0.15580377670251244
0.1541063880490493
0.15341166391902006
0.1524494363294248
0.15082019151090484
0.1493295975074198
0.14821507700639647
0.14737803500573074
0.1459948168081768
0.14410901320240604
0.14186969310522848
0.1401146969244314
0.13897223905828995
0.13855973578294517
0.13853876081604477
0.13867840529280312
0.1391286415229265
0.1398124743948178
0.14086675812222452
0.1415688350238084
0.1414724517721776
0.14002588475108343
0.13778283569116154
0.1352314944597384
0.13300441877621377
0.1308310902568403
0.12870191043457607
0.1265967051941088
0.12508215910586457
0.12446586041668645
0.1251355479041292
0.12672197373956862
0.12900375816869772
0.13153417531086972
0.13450840830827304
0.1380207370649364
0.14216599468011853
0.1465200909884031
0.15049308681737375
0.15369219559637484
0.15645808164526726
0.159152976564166
0.1620670022159237
0.16481875220786124
0.16710010711880646
0.1684221088734017
0.1691035678759275
0.1695671862367913
0.17009024070137355
0.1702682107059465
0.16984758469362365
0.1685464707950248
0.16697342301113666
0.1654400017109207
0.16438010017221616
0.1632119266203282
0.16148423044613874
0.15884209106568212
0.1558740275869719
0.15278331003326487
0.14997966197149343
0.14700033932194545
0.14366223119871505
0.13976727323550492
0.13562494169049277
0.13176778598084662
0.12862862229092642
0.12594964067052117
0.12364758194938974
0.12146783115199733
0.11993024651635922
0.1190764643097089
0.11932218836504477
0.11992738890596631
0.12057630296352516
0.12055147894584009
0.12032324873365531
0.12011641071715311
0.12046740775191697
0.12108959971166679
0.12202089934708951
0.1230693537065329
0.1248691670724127
0.12759582306625966
0.13168410738862402
0.13635490251573448
0.14134784358067273
0.1458201655588944
0.15025794468969797
0.15460703887523572
0.15914545178292408
0.16327306831995697
0.16655980405462995
0.16858951573464118
0.16976118213122318
0.17039621731765953
0.17087220651085722
0.17093919787714157
0.1701527090210511
0.16837274540836025
0.16573873034156972
0.16298774312442302
0.16034113461541555
0.15802081857078978
0.1557853612641051
0.15353399585687047
0.15152053976593266
0.15005058587521514
0.14933473965768834
0.14887093174862834
0.14799096855416613
0.1463099165306324
0.1440349260401172
0.1418586001518262
0.14013140023161566
0.13844976616157512
0.13632344322076537
0.1336384306373943
0.1307486603559342
0.1282276381170293
0.12622047988512078
0.12477806993506785
0.12318618950573279
0.12135176803999193
0.11903160828846907
0.11705396851518748
0.1155185757631452
0.11428154608699038
0.11280988676848976
0.11099970469175734
0.10902074736372554
0.10733449372758302
0.1058738163661652
0.10467566096563273
0.1033990781210803
0.10198599745524543
0.10068816204832376
0.09987491048422809
0.09971654813286586
0.100071306347903
0.10050913217578651
0.10090828204829179
0.10129388435139453
0.10208231770319841
0.1032044922875703
0.10441538256267639
0.10499602160517443
0.10482227798006138
0.10389706534431857
0.10270814991160977
0.10117281562227608
0.0991976242317684
0.09631754410396458
0.09258088990253252
0.0880608639103286
0.08320957631171975
0.07843363990151725
0.07382762863341584
0.069336897399111
0.06488984378403047
0.060534111322378625
0.056380006176626446
0.05256309837403344
0.04905708313092092
0.04590094607654522
0.043246594801011604
0.04122159062385724
0.03993514638358173
0.039310588585640995
0.03889823438758526
0.03832403211045919
0.03740780952486635
0.036306816818806986
0.035306465620302964
0.03462053817228846
0.03432344908110475
0.03421573496828177
0.034260125198748465
0.03435224462266092
0.03464300174869409
0.035029102148766096
0.03549319137597229
0.035777042199828316
0.03588027664772377
0.035757654948188264
0.035626168857204994
0.03553212652289494
0.03549802506214012
0.03537316653053473
0.035136349571511155
0.0348316432770723
0.03467215128160684
0.03470638560644078
0.03486181673555941
0.034964109825097
0.034871988746182615
0.03474385764081951
0.034680261338958254
0.03485303102689055
0.035097266563186534
0.03526620830179378
0.035242833048299484
0.03510124894351997
0.035025844437390194
0.03510554445585831
0.03526060197565644
0.03530417509619787
0.03515315362194414
0.0348994418910229
0.0347347515146305
0.03470405147996123
0.03477048732671177
0.0347018574920055
0.03447700120802036
0.03418730558328361
0.03406054470406117
0.03415542778896948
0.034443933371218115
0.03474302712536507
0.03501143877049962
0.035298723128194806
0.03579925347933962
0.03660946166518988
0.03758941419266463
0.03856618911918771
0.03944677096396757
0.040338706036970866
0.04144334083719716
0.04279222774492176
0.04432658970237401
0.045826965991899296
0.04715612761183514
0.04836853978379557
0.049728663705180885
0.051289396849522766
0.052994675909150434
0.05450299709371278
0.05581625924147345
0.05698311666652213
0.058340504980935126
0.059940229925036115
0.061809665014600904
0.06362009389928185
0.06534934241640432
0.0671589949160472
0.06940747304672562
0.07219950075011974
0.07553914509843739
0.07908623921485959
0.0825641561371657
0.08593493668426189
0.08957431428014033
0.09346922795469426
0.0974144654924784
0.10096589187286244
0.10385943751971115
0.10626528522394568
0.10859429452926321
0.11104199342148231
0.11351658377726885
0.11551869489459203
0.11686476795409834
0.11776089303914557
0.11871192138977288
0.11988810527735631
0.1211002986862928
0.12199860172880371
0.12242703031737145
0.12261901033688072
0.1228842722041256
0.12347889370766427
0.12412234182247586
0.12450185772460402
0.12429840033666482
0.1238901392798716
0.12346670031936119
0.123434180807718
0.12342888830506012
0.12311852261121448
0.12227369804337582
0.12109655218129893
0.12000371903931611
0.11921625166182531
0.1185710379483053
0.11776953394460327
0.11660461280483897
0.11532271543862127
0.11432479731038353
0.11398607962936219
0.11409537445360146
0.11435002038578959
0.1146784163327128
0.1152842566048406
0.11656133768901318
0.1187284145175109
0.1215027260746771
0.12445706143207384
0.12757931220694096
0.1307225251718822
0.1339913116421767
0.13722751893657303
0.1405210247620912
0.14357621717877248
0.14663586287716487
0.14940861417250395
0.15277402900183465
0.1563863164106226
0.16046565863531614
0.1642552140112636
0.1679844030869932
0.1715120201760276
0.17541176824688393
0.17961030193846705
0.18423137347996352
0.18853733698594788
0.1928457423031729
0.19663023029065052
0.20095700317414772
0.20523444100427438
0.21022798686078278
0.21484062098008982
0.21951826694249996
0.2238138274633532
0.22844761468826139
0.23314863293721988
0.23818237566528822
0.24301193302202234
0.24739263685549387
0.25151131258702214
0.25600406217348654
0.26079647045164056
0.265566461964585
0.2696356970830452
0.27339719970522985
0.2767864944089325
0.2802249297094658
