0.40498502294649485
0.4052703722390153
0.4047797743199491
0.40532689930141125
0.4043644732712626
0.40436309381517244
0.40246973561682675
0.40234812744015025
0.400796294348414
0.40048415073480353
0.3981260900218931
0.3966436728305606
0.39314670766687565
0.3908360770730758
0.38681048390931005
0.3847523185137617
0.38114138172614065
0.37873952716042036
0.3749500708797706
0.37300112226606347
0.3709406315040117
0.37073719344071976
0.3695770733743076
0.3691024010753669
0.3674253997352073
0.3674181347780115
0.3675673102209971
0.36926373416798486
0.37011899632661593
0.37129854114594935
0.3713872515721892
0.37240180986016685
0.37277675543124594
0.3739627032162338
0.3736297880795262
0.37311185564079513
0.37114012512292593
0.36977591671852345
0.36807506519220134
0.36708034896926034
0.3646296841655136
0.36167518030953716
0.35724443700853276
0.35339298690961074
0.34915329331456557
0.34570918684047186
0.34124873000904604
0.3369120166678752
0.33174026623999514
0.3272978193826793
0.32280723333911077
0.31890534865476017
0.3142056064510584
0.3090461118035896
0.3031546156942086
0.2979436953973336
0.29335391545933187
0.28978435855868223
0.2858109604762179
0.28172179784004103
0.27630420815656526
0.27091269732514806
0.2649201397448212
0.2590288694431888
0.2519789205400816
0.2444921628370713
0.23646762883587252
0.22962596847006939
0.2239248973900231
0.21973910355891263
0.21594080042434174
0.21251891344299337
0.20920926114796334
0.20656576526426346
0.2042364328712884
0.202201540436457
0.19955137234336806
0.19692417180341887
0.1944522359991075
0.19338325304844114
0.19338783033927082
0.19444488244847766
0.19536860503314094
0.1959301513241451
0.19609521237170385
0.19680624879375241
0.1980750682666533
0.2004172010397261
0.2030885985211503
0.2067866405646025
0.21133090856845688
0.21779492020229163
0.2255267463499319
0.23421743722021288
0.24238786287889633
0.24996501419646164
0.2566832448971025
0.26361759272196605
0.27043886982433446
0.2774524327399019
0.28364877700893615
0.28919086120957116
0.29395837456144797
0.29910729334898306
0.3043225315852641
0.3098544214190452
0.31438195505127653
0.3178156275629561
0.3203441754231195
0.3229110739773296
0.3261497231410793
0.3295034639440022
0.33260469517146835
0.33451166608914984
0.33625967905169774
0.3377398114386762
0.34034264354075794
0.34262163584985633
0.34504623089764996
0.34597210866737865
0.3472999502315033
0.3483351120288987
0.3509051470387147
0.3530180327798472
0.35546259884560305
0.35590289353214644
0.35667442202748906
0.3568010627960732
0.3586225382671141
0.359737575417779
0.3611879517035478
0.36067468706748396
0.3605977192292567
0.36000170554342886
0.3610728590318863
0.36159330018604546
0.36221208758491885
0.36112815464591763
0.3603161749077868
0.3593627984789245
0.3601022956616202
0.3604999464399778
0.36121342135081064
0.36033635201140385
0.3598272985968012
0.35916176666327393
0.36008313795135843
0.3606383143183996
0.36104884266079135
0.35959048794527926
0.3582616942515373
0.35669216474350657
0.35666372451312006
0.356055299678502
0.35566776744775686
0.35324000775974806
0.35104235878324036
0.3482085736547188
0.3466347828566257
0.3441381769633495
0.340832697654962
0.33519704720903526
0.32876125266005457
0.3210573920375718
0.31347126189474916
0.30418712014960264
0.29368485517160925
0.28103598253465834
0.26763604393042245
0.2542250155853167
0.2415910663372443
0.2293742690623701
0.21684506668115602
0.2043976564168075
0.19266216797167462
0.18349178462529758
0.1779829101874526
0.1756746679880593
0.17467263081844395
0.1734839885721981
0.17168046228895226
0.17008529173004336
0.1687028000955154
0.16762493247624793
0.16572615715150124
0.16346139961589742
0.16066313269287597
0.1585630947096177
0.15705811228590114
0.156531431119037
0.15644564290155138
0.15660693405649892
0.15717202691333207
0.15808119148320865
0.1594110724451238
0.16039955679575832
0.16035757271454004
0.1588111194590533
0.15623621466434293
0.15334718993441043
0.15070820023872464
0.1481287883269131
0.1454879916265904
0.14299218637183841
0.14109835334702497
0.140361821584529
0.1411098248691428
0.14302863939976207
0.14571620933065657
0.14872648197533042
0.15232386351066002
0.1566222952925816
0.1616486108630448
0.166891856172139
0.17158942147541287
0.17548325403546464
0.17875761170812388
0.1820604257098238
0.18544666642114438
0.18870996370491425
0.1913849089141243
0.19304735264393436
0.19389790030806572
0.19454125453663698
0.1951324217397031
0.19536667156541834
0.19483909152874568
0.1932677435725385
0.19131624851656415
0.189438309432208
0.187987713663595
0.18655962468676743
0.184396446829897
0.18130349372244264
0.17780938320958767
0.1741408506106629
0.17078116396543055
0.16715559657796764
0.16319386147597498
0.15870892085783336
0.1539064628460412
0.14942976296611105
0.14567130710572665
0.1424854709696925
0.13972916836216565
0.13718475321959173
0.13530475130574054
0.13425176818685497
0.13444166871913965
0.13514675489601624
0.1358614828978118
0.13589495636774593
0.13569423329820277
0.13561044939468553
0.1361171240639923
0.13689951329246194
0.1379417195541152
0.1391887554466671
0.1412383313835113
0.14449303551478157
0.14913328866817235
0.15463790864382665
0.1604189945734702
0.1658001658184883
0.17104981188898297
0.1762717339754531
0.18153569356173369
0.18645360118707907
0.1903790583035866
0.19300313613993728
0.19446400909575542
0.19525489158209827
0.19581366176302883
0.19586831300066102
0.19493181603475615
0.19279967764847294
0.1896506462496519
0.18641979686547344
0.18321815730584398
0.18041883086329932
0.17758173493692953
0.17483515807531022
0.1723366863058408
0.17059603898515946
0.16966780466223297
0.16906318964511619
0.1679146926864107
0.16585959058570202
0.1631963131584944
0.16066071854527234
0.15852590634093952
0.15642275081173163
0.1537732027895354
0.15065679119385006
0.14718325037718732
0.14413583971611907
0.1415194527109919
0.13959957197722742
0.13749448343299206
0.13527532788485758
0.1325770555665771
0.13040961729478792
0.12862432661989362
0.1271958957320221
0.12543060032584838
0.12350703133406356
0.12134882224488822
0.11949684678306523
0.11785399940966153
0.11648419729006397
0.11502981591910814
0.11351032826261008
0.11207478517569253
0.11130932130514087
0.11103127784185263
0.1114049222377591
0.11175345455437166
0.11204877924430046
0.11238441199360005
0.11314579740057298
0.11429790007379932
0.1155163799871529
0.1160223483290321
0.11573747770845258
0.11453698130565941
0.11308829318078428
0.11119218375978854
0.10878243746923279
0.1052934211959354
0.10091885926156535
0.09565814413388805
0.09008934024672022
0.08459759498225951
0.07936007326264048
0.07431805594827204
0.06941310508019047
0.06478056231711574
0.06034692863637644
0.056322425821290496
0.052774262875176024
0.04972016976991217
0.04719279784870806
0.04511137829168291
0.043808736379501896
0.04310072345670597
0.04270165320534827
0.04207764151995632
0.041179821805089764
0.04000316109307767
0.03898503381764562
0.038369624983002164
0.03820025737594596
0.03818871835154772
0.038270691380096256
0.03831639989011003
0.038607735832659744
0.03903916080413397
0.03957238328537114
0.03982569633338255
0.0398680558617542
0.039748748532969266
0.039661424815264884
0.03956317091328257
0.03956530546928284
0.03945751473034903
0.03922690518061037
0.038826807888705586
0.03867093916517311
0.03870017877799979
0.03892670596316042
0.0390172676178333
0.038951625024849314
0.03878584294824985
0.03870248673800634
0.038859215274243984
0.03917024003004185
0.039315953027698795
0.03928128705565338
0.03912266513938495
0.039092015151123725
0.039223349809449956
0.03935264747079412
0.03941505021391412
0.039240592436844884
0.03902688154005019
0.038896492739462246
0.038826142337594995
0.03891195279872048
0.03877452134411034
0.03857599278832386
0.03821011060229305
0.03808740478148805
0.038208884244513824
0.03852472933562382
0.03879665481841925
0.038963945938916174
0.039196591600730364
0.03965931332853741
0.04050021691155667
0.04139435740457191
0.04229863531271517
0.04310674867640912
0.04394049461482582
0.045092331978044076
0.04641109319182441
0.04802504731749596
0.04951441940956132
0.05089025672961183
0.05212883448837691
0.05358530199746454
0.055251475333844426
0.05715912441412405
0.05878824311553874
0.06024117877912163
0.0614497754444076
0.06293772538336777
0.06469902494264178
0.06677218510168413
0.06872051588151343
0.07063840377887622
0.07260561437701243
0.07508879918753254
0.07816847080958356
0.08191145202738159
0.0858808117618304
0.08979854763894318
0.09364689848536277
0.09790491906108514
0.10242161764110654
0.10708928650619945
0.1112621938611254
0.11473279662992877
0.11761366704554586
0.12043482218115481
0.12334195024791292
0.12627954279876288
0.12864458687377653
0.13029250070200699
0.13140476822114858
0.13261994185125622
0.13403237327654757
0.13544026576998497
0.1364616518215114
0.1370309308591543
0.13724095770941855
0.1375188957994398
0.1381762749522078
0.1389506211158704
0.13938357968519094
0.1391244677726695
0.1386329824561404
0.13820296129071352
0.13818649638090755
0.1382315906758873
0.13788326375537596
0.1368919544072992
0.13551133213095423
0.13424695435132616
0.13326044902896333
0.13244463199776949
0.1314774568604714
0.13015134095415914
0.1286517307661245
0.12743434383765384
0.1269584615916716
0.12703017701884578
0.1271824759835033
0.12742858640495627
0.127954016898399
0.1293368307995423
0.13175958778326533
0.1347472091648761
0.13789592965829006
0.14115732500754027
0.14478382613610094
0.1490226538258766
0.1535667297188346
0.15795811643917768
0.16183743739565937
0.1653607087610743
0.168901656377972
0.17249625522297854
0.1769259565331016
0.1817247227266588
0.1863366018325029
0.19028218800551194
0.19382174796187535
0.1987230101866744
0.2038112391185086
0.20979855865242683
0.21424965001262242
0.21972558437013526
0.223847926267281
0.22949170277557918
0.23376696593423632
0.23972052095361995
0.24449645845763157
0.250994747731975
0.25646858117713955
0.26261501800281767
0.2675113122171946
0.272982521383414
0.2783757716049381
0.28403886742861695
0.28816659046510673
0.29358681008489623
0.29842781857070416
0.3047809211854711
0.309616581744403
0.31416503456900835
0.31836456226700144
0.3226292778531584
