0.4052134003902493
0.4054009396045087
0.404718162657043
0.4053227613695653
0.40440908919810775
0.40463094575942987
0.4026428293820444
0.40255126047739437
0.4006534573266664
0.400497616697974
0.3979511572510927
0.39666547110545936
0.39299647687555594
0.3906409907960124
0.38655488809469496
0.3844367292473305
0.3809470047643779
0.378551061500831
0.374952043657888
0.3728748136692492
0.37100948454219834
0.370520028534465
0.36950409422162367
0.36869193016634194
0.3673774031618632
0.3672352523098793
0.3675281084768502
0.36908479138627187
0.3701936208814758
0.3713964410928095
0.3713730110413756
0.3721256114331471
0.3724984166512282
0.3737444008868953
0.3734447198118768
0.37300326379960147
0.37103981565317024
0.36973014341330324
0.3679467108822616
0.3669240113155558
0.3645198770342998
0.3615785581588298
0.3571691795297769
0.35343840959942974
0.34931634403332523
0.34580207902950166
0.341188851207325
0.3367994672965491
0.33169893141576984
0.3274447414994164
0.3229132700688853
0.31907766022635825
0.3140802275710519
0.30891186947447197
0.3028777017359313
0.29782372611636176
0.29316059802823247
0.28966829913591713
0.28566871653279785
0.28157921635139277
0.27612482607557615
0.27078484463922703
0.2647942672214517
0.25882160519744174
0.25164010854262603
0.2442564006055449
0.23636197728724417
0.22956651921523005
0.2237357955245937
0.2195503469242651
0.21576987583146395
0.2125006084797742
0.2091885277122689
0.20652286448256454
0.20399761432693397
0.2019275345812473
0.19933615873381144
0.1967972364561952
0.1943636841560262
0.1932992926466078
0.19329487236319656
0.19437049926002276
0.19529867934429107
0.19601190747072952
0.1961588335211949
0.196820651022998
0.19808931355544845
0.20043647413758145
0.20321050597723786
0.20681508631840095
0.21139488335638837
0.2177275226835304
0.225481918026723
0.234095099284949
0.24231085519923767
0.24990791925489972
0.25658485646178375
0.2635300980875869
0.2702183684292719
0.277271508978826
0.2834100391414684
0.28901367824292495
0.2938080860896993
0.2989126523412198
0.30421969455326864
0.3097738029736048
0.31430618545144984
0.31771725252182964
0.3202690681837747
0.32289896676552227
0.32618494228436207
0.3294633307154344
0.3325761085398572
0.33442106765459695
0.33617936527949804
0.3375742342694401
0.340223791308858
0.3425872715224797
0.3451126163254647
0.3459850192713257
0.3472091468093656
0.34825337768006465
0.35083461490323126
0.35294849589594773
0.35524842143911245
0.3558226098053813
0.35659024389553845
0.35683679641533295
0.3584999361692875
0.3595615585806143
0.36099319116349543
0.360508010045209
0.3603555771302012
0.35971761082812614
0.3607921312264927
0.3614857699147772
0.3621260885387707
0.36106167486409524
0.3602161816162251
0.359274629300059
0.3598438776677996
0.3601675646808128
0.36079906030004183
0.360096278505745
0.35968545915664657
0.3591524943791488
0.3600039985875118
0.3604632442812487
0.3607744681068985
0.3593593734054495
0.358162990975242
0.35664949645626165
0.35639695939957755
0.3557608864045424
0.3552918679978469
0.35310610411106996
0.3508874432122487
0.3480430092543056
0.3463810930576071
0.3438020320721067
0.3406721938728448
0.33499519978000014
0.32860722893932026
0.320941336135833
0.3134031476302359
0.30415612990218144
0.2934836602656672
0.28078888229950794
0.26732490564067835
0.2539661947445571
0.24140290701828968
0.22921381149154352
0.21661554204567665
0.2041375418559252
0.19245983127384747
0.1834162488720752
0.17793713541917755
0.17562777880640873
0.17463171012200826
0.17354587037404356
0.17174754251269264
0.1700534759358289
0.16860608076834066
0.16748697389005995
0.16566774335527595
0.1633544071558761
0.1606039816099826
0.15847612661882304
0.15702746521009053
0.15644369819156803
0.1563847763067092
0.1565208076567555
0.1570242755705609
0.15791216997494698
0.15922620481057292
0.16027680779732154
0.16018943573942498
0.15865849144582198
0.15603077060281798
0.15315550180619575
0.1505500399875326
0.1480727309596634
0.1455753559725082
0.1430247398866372
0.14117151336612505
0.1403419062101083
0.14111779732835827
0.14290103812303842
0.14560421106626198
0.14864532486872967
0.1522877872479478
0.1565645445588519
0.16157206315436964
0.16682989408854587
0.17160549190650246
0.17543016921750115
0.17869715061659153
0.18191806951714573
0.1854302603983226
0.188768060510743
0.19144875279537427
0.19307788146772856
0.19385264445123812
0.1944690006153966
0.19503919632298256
0.19522559042738527
0.19463247552362764
0.19311626442939206
0.19123983927022092
0.18945862913052267
0.18799013331142883
0.18652380774707136
0.18426656539995145
0.18116801144299857
0.17753541416566632
0.17391309559053553
0.17052559792297292
0.16704031197893762
0.1630062330323339
0.15848261778623568
0.15362893685223034
0.14920768226154849
0.14543036192068945
0.14231803893655717
0.13959679634784597
0.13708132056461106
0.1352531619494912
0.1342451047295988
0.13443568729311817
0.13502086549172268
0.135697744281956
0.13580988851774728
0.1356744856585773
0.1355754854521314
0.13598516023211515
0.1367888795208174
0.13790780260683966
0.1392061385795881
0.1413179625296255
0.14451595061273168
0.14915522581773494
0.15453915453915454
0.16026091836851572
0.16562876910154914
0.17087919577635963
0.1761167509493972
0.18139695585718335
0.18627581840272425
0.19019048585696965
0.19280727705362288
0.1942704998761751
0.1951618641864369
0.1956433512542351
0.1958237666840657
0.1948193060323102
0.19278198157610016
0.18961800947759144
0.18636265907905694
0.1830797629011362
0.1802384433696997
0.17740540677476224
0.17474765304558273
0.1722867950764128
0.17048819537260493
0.16950722687323558
0.16884284532079852
0.167744743619195
0.16572701955276037
0.16310674660702712
0.16052815125340597
0.15841217112556016
0.15626344719945737
0.15371192310237422
0.15052346338961653
0.14707829995585342
0.14401478076188248
0.14145116251844186
0.1396010488803728
0.13756646639427306
0.13525811104716776
0.13258851890914572
0.13032578851262855
0.1286423320245599
0.12718922351078704
0.125603634492919
0.12349315683040119
0.12124525711278923
0.11928251610193984
0.1177438873548309
0.11644888648273612
0.11496334738890689
0.11354155181830071
0.1120370228988207
0.11123923652327926
0.1108644732711973
0.11126410740091668
0.11165773931478178
0.1120582463911717
0.11232526040218815
0.11303742212994962
0.11414531507059418
0.11536375057103697
0.11587379872385528
0.11562596440695404
0.11442569612590797
0.11298519051787823
0.11103474977081788
0.10868714330915352
0.10530456466511352
0.10093536668831056
0.09567152744291262
0.0900361677640446
0.08444825165728993
0.07922320393348754
0.07417702742949911
0.06942424826410182
0.06477989778375315
0.060350744852563934
0.056350539004645525
0.05277425335574398
0.04968026337032592
0.04706821600859376
0.04504235890440867
0.043726068317358306
0.04307744000150378
0.04263094644074468
0.042016076879831846
0.04109701638878419
0.04000665028464161
0.039042015656454813
0.03840757442331901
0.03819581314217331
0.03814997179113852
0.03825270506851893
0.03837876016961044
0.03869852782773358
0.039102575565211684
0.03959067330413988
0.03997548027709669
0.04009667417491641
0.0399469943091903
0.03973251295026427
0.039614442790608335
0.039609263690689456
0.03952920382035586
0.03923471992791711
0.03895372262527173
0.03874912235409363
0.03886098650373178
0.039038676659937176
0.0391401480743202
0.039016509082358763
0.03883560134997803
0.03878080920519011
0.03895726885626221
0.03921915057463421
0.03934799155057255
0.03935816739450253
0.039116074488325735
0.03909259348055146
0.03915378340344882
0.03938851821800536
0.03943680406184634
0.03930672996093558
0.03907650007885839
0.03892236399100522
0.03893727257211977
0.03897857316019468
0.03893099451029022
0.038592495799888
0.038284125347580224
0.03812720565447331
0.03822927302941117
0.03854838206384373
0.03879770970898905
0.03903568312445467
0.03917600787860919
0.03961273239507319
0.040367525987003355
0.04137997697695058
0.04237601543690516
0.04319417684657213
0.044036750529958604
0.04508272830979562
0.046454148880567245
0.04802146413927437
0.04956081670641614
0.05094907117432771
0.05223040629295472
0.053602451240171475
0.055220330224880265
0.0570344040834682
0.058773876409858795
0.06024056488425172
0.06150901782584554
0.06293206136854777
0.06462980054350612
0.06674630469732219
0.0687554082724936
0.07079106906736674
0.07271232248194692
0.07522644985891175
0.07824796091994715
0.0819799106625048
0.08592150435340101
0.08987185171874856
0.09374134858711458
0.0980261840164606
0.10252970636824153
0.10716552809158653
0.11131239356372834
0.11478463725692978
0.11768159207909328
0.12048216595019363
0.12335878105080364
0.1262248044479897
0.1285342982907934
0.1302254610857465
0.13135062180661333
0.1325799345873881
0.13388448452816773
0.13533725189585052
0.1363717592905977
0.13704549403766372
0.13721764945477605
0.13754817586401208
0.13816441092399354
0.13900364587067907
0.1394208514542465
0.13922192759619473
0.13879660598442164
0.13835199661948025
0.13824033263561541
0.13817055047722424
0.13780322050720917
0.136822937225739
0.13546578124270572
0.1342427019782593
0.13334048983255278
0.13252984828471204
0.13150339601321553
0.1301381336998946
0.12856937543297572
0.12734468537980576
0.12679170650157584
0.12690943158053736
0.1271182255717927
0.12742827309139798
0.12797823273428477
0.12923696094718864
0.13166776623303844
0.1345947708084693
0.1377622801697999
0.1408992936963226
0.14475509589905822
0.14893308873225838
0.1536758193091232
0.15791494119397115
0.16182356102626183
0.16506133294302427
0.1686214589126914
0.17263160662289093
0.17718426033162907
0.1816905637714886
0.1864210720798155
0.1909561497326203
0.19499935677135977
0.19925860891620328
0.204157986920789
0.20954783157024973
0.21486568741171208
0.22001763135966765
0.2251228501228501
0.23039531636051142
0.23547228287666414
0.24070146699624106
0.24569453366369937
0.2516215397854945
0.2565850064468594
0.263088207111622
0.26783608757958893
0.2735395060807282
0.27807010756016426
0.28404964284289075
0.2893916728995264
0.29525580997584094
0.30036363636363633
0.306088088717281
0.31062984854082043
0.3140966560321399
0.3186534189390424
0.32434473902862737
