0.10080874969468341
0.10138311794175837
0.10189808039941467
0.10221123796429463
0.10223582854384398
0.10212000065005768
0.10160538829156499
0.1015188918064749
0.1012004884905182
0.10130230251292537
0.10087252373374307
0.1001867410298251
0.09934280014082852
0.09860799608333498
0.09796839164859608
0.09732858703365105
0.0965052214269209
0.09550735533268286
0.09437594418408339
0.09353142914361529
0.09299843044737122
0.0929761723072227
0.09292759696375873
0.092731563367338
0.09242189747031353
0.09229565543799509
0.09272134636536793
0.09322965633952372
0.09385449902878176
0.0942324126968249
0.09443299592605554
0.09474719197609316
0.09519700952692633
0.09575155624698697
0.0960358959717067
0.09564201090690934
0.09502338973821647
0.09434968673195994
0.09401052024904419
0.09371010127615595
0.09298947326527769
0.09178158556449957
0.09025897205114193
0.08874986083087387
0.08743259239773775
0.08613110468509882
0.08475706940630441
0.08309330441690861
0.08128417855513083
0.07960274763741437
0.0783822134648894
0.07718190458503117
0.07578228739680155
0.07383214249232538
0.07183740757950431
0.07011378641669126
0.06876729081508398
0.06767825620570607
0.066518389315774
0.06514485941372533
0.06367482879912997
0.061895025010139236
0.060293762494465546
0.05838386358910377
0.05642993671084738
0.05415367726689334
0.05189887095929166
0.049905764352186986
0.04841818046142217
0.047393762450500455
0.04648056459950809
0.04557988489733957
0.044629132897310755
0.04387195632915936
0.043317388835245656
0.04288563829787235
0.04240946449159588
0.041726523618386184
0.041084286984973115
0.04068084092444627
0.04077830030284241
0.041118597523523114
0.04150202836455069
0.04158208885895442
0.04162839293708341
0.041723033107867576
0.042248126072498185
0.04296413935529939
0.04379642822559448
0.04455274303767306
0.04573521119817102
0.04738772433164931
0.04975253892139934
0.05222777222777223
0.05470297979449166
0.05680402373981943
0.058786707171131394
0.0608079443625075
0.06300886846885351
0.0652593680535917
0.06736394632594062
0.06901443206573987
0.07061050796466069
0.07225637545139448
0.07423418916495765
0.07610116211897276
0.07778972444082888
0.07876360464977361
0.07966005665722378
0.08041569792538038
0.08168257385054657
0.08286482414287191
0.08392521934599292
0.084539786537039
0.08503749522248923
0.0855872442523445
0.08646440954666024
0.08736378364057264
0.08815404369009688
0.0884569244804574
0.08877796837762271
0.08915845012601471
0.08999390348751778
0.0907511266192945
0.09143809953618766
0.09159425082177153
0.09171267165370511
0.09180262102166352
0.09229238026456778
0.09270371013199112
0.09311622665410858
0.09298209676758575
0.09274335897194744
0.09252017717872768
0.09280582739611903
0.09320369820318077
0.09341587019575524
0.09307531595529227
0.09262756655964632
0.09222129084116949
0.09234902120277613
0.09255334310478508
0.09278105370939702
0.09249899968533794
0.09212563091554041
0.09189000190950987
0.09218294577624837
0.0924665430942781
0.0925708727141001
0.09208151933875955
0.09152670553017175
0.09106378914242336
0.09095554036081661
0.09094227635388688
0.09067478447419652
0.08996698697675223
0.08907640255403988
0.0881863171640367
0.08757290385702321
0.08686005784649929
0.08584602051696517
0.08414187581856573
0.08200749110977244
0.07966530462830416
0.07739085641318333
0.07476348519735254
0.0716785045021438
0.06785353335301841
0.06394726246777518
0.05993181927305903
0.05643106460381467
0.05292217727668284
0.049528180733240224
0.046025014710674154
0.0428698096162211
0.04041588362135869
0.03919364883922371
0.038720372435312345
0.03864326856506605
0.038321593451049456
0.037844995735086234
0.037328647755649674
0.03709330914472587
0.036853226353663844
0.03650755102866842
0.03586017010715654
0.03523854657707417
0.03467275727279022
0.03442646249168479
0.0343090148200255
0.034458709515129325
0.03441587838642808
0.03457231065811575
0.034632736761385945
0.03511372104808179
0.0353388833578957
0.03556008471160123
0.03506227250930786
0.03454851146545687
0.03367216977187084
0.033187145168794105
0.03258792357309066
0.03218599330096703
0.03162402507909311
0.03121966045031279
0.030953713249112624
0.03122709173931894
0.031682190404663635
0.03235220131871109
0.03293256094886487
0.033703613578294184
0.034672773115385074
0.03595322008268192
0.037318955234780064
0.03862284233246615
0.03948393378773125
0.04039240495528274
0.041144679353115374
0.04222775745310189
0.04301795082623277
0.043888283048588383
0.044185978939110346
0.04445026349383
0.04447867794678049
0.04473698836026397
0.04479471893839884
0.044747016264870626
0.04432603482794152
0.04384052141294455
0.04332003127263309
0.043034761839198805
0.04272754820345063
0.04227499532474832
0.0413969939369721
0.040554881385775815
0.03957794922468835
0.03888378379980672
0.03797103469622346
0.03712115223754518
0.035913708125712145
0.034835768509559016
0.03376250778981034
0.03304720828510452
0.032323341022125945
0.031774132670529906
0.031141428494762903
0.030787971851397228
0.030461733669365405
0.030655129502613763
0.030744267277447217
0.031061417366545094
0.031000361274595246
0.030996129237941553
0.030930828509273253
0.031082603477302247
0.031315249658594876
0.03165620971207562
0.03191765665635773
0.03239654775683186
0.03301959556508792
0.03423217811048604
0.03552884763093603
0.03702104842227717
0.03819143731789346
0.03955354971832683
0.04074043364232061
0.04225270577819146
0.043498831345961206
0.04472196420025321
0.045353532156550684
0.04584910338549952
0.045971536634788035
0.04624723412535013
0.04618441944471715
0.046057986820253485
0.04531369762346351
0.04453536168849472
0.04351723058141725
0.04285368137137242
0.04213058294002951
0.04159555753181479
0.04086559802428369
0.04031441699904369
0.03980254672513659
0.03966853272903975
0.03948055763178248
0.039397303193687574
0.038778297097030866
0.038131753981055984
0.03732895142142461
0.03698828896679667
0.036511660463522146
0.03602034943498804
0.03515330454282832
0.034371275531871165
0.03358207527069665
0.03313375574027786
0.032676161692274275
0.03237714804263921
0.031807341275144854
0.03134672837325701
0.030732797851001588
0.030445164714849572
0.03006638528918959
0.029829416852729093
0.029328292797346573
0.028943837976614473
0.028472297517076868
0.028281085736386085
0.027993324226840467
0.027772726862401457
0.02734549679648474
0.027061744878194318
0.026821783401494336
0.026912723485592274
0.026963537817196348
0.027167095190897488
0.027117429652217553
0.02723826972694497
0.02733926932782748
0.02769970990892545
0.02793065021041051
0.02818248417620884
0.028044640234948605
0.027858667421593177
0.027489968958784954
0.027226076047343395
0.02681420885276403
0.026220779991413326
0.0252981917239952
0.02433727914164091
0.023262289390476067
0.022433802514962665
0.021484919116691127
0.020733468963082702
0.0198316728569289
0.019179042025589916
0.01839829610921661
0.017956342265444618
0.017396958178442987
0.017074353128825517
0.01663962311706625
0.01640724975298719
0.01618530836104791
0.01616351254003225
0.016171279825656127
0.01626647004883558
0.01610634530239376
0.015952183312932924
0.01564725621560736
0.01569129867534879
0.015744400758885037
0.01587848403686207
0.01581360652593655
0.01573689872445059
0.015736040609137067
0.015920830750963136
0.01602468316227029
0.016129795520473982
0.016113640830379368
0.01613285234304241
0.016041908309496526
0.016068943955590248
0.016152697356354963
0.016274564338483247
0.016165768701113054
0.016124640605114836
0.016095701056535246
0.01624068605425096
0.01625833880156382
0.016322378396837974
0.016228571153169568
0.016253266866711833
0.016195993679966582
0.016338811134112133
0.016385817128611764
0.01653075254398687
0.016425946479520448
0.016421644337707146
0.016329668395656832
0.01650927789065545
0.016550768017361533
0.016682961099702277
0.016562161896331265
0.016504173284556486
0.01634405679087095
0.01650907162645018
0.01655600884932771
0.016712232720101382
0.01651763936796907
0.01651580532111027
0.016417418966020714
0.016595925244297444
0.016645235920247827
0.016851858068414518
0.016763542031970124
0.016784676119904102
0.01663751855305518
0.016851242779154972
0.01701612349485959
0.017319413735154755
0.01729954318687264
0.017453456820069903
0.01750492569648154
0.017926961989600546
0.018131878492278493
0.01846430360500739
0.018544052039694628
0.018700227351469183
0.018868950654133743
0.019199821585607235
0.019564354232157258
0.019849238586402564
0.02000897570474495
0.020218670423697828
0.02037725370107587
0.02076650195244435
0.02109666492633295
0.021569949139040374
0.021811480560082145
0.0221903078792919
0.022544787464000043
0.023218230782394548
0.023872457710344255
0.02464683516913788
0.02526082588423195
0.026028646406764454
0.026793454808398797
0.027861957022196453
0.028824323973296623
0.02988858417968341
0.030503894017000367
0.03107410220387518
0.03155950430703221
0.032345465026243345
0.03306263430582837
0.03372114100930553
0.033936705571670236
0.0342154825258645
0.03441862330855216
0.03488297143777948
0.035269600899094866
0.0356977020431083
0.03577672767033121
0.03587829532787711
0.03583628473360879
0.03617103680142392
0.03633137135772195
0.03660924392390739
0.036446178656161565
0.03644004978951341
0.03611308065455922
0.03622764227642276
0.036172292177164625
0.03631214708226106
0.03594928928601176
0.035741966818821
0.035370576478368686
0.03534125202551028
0.03518235416022177
0.035180471348518406
0.0348207151418298
0.0345037450168413
0.03422564519204463
0.034437097511142524
0.03466414624654084
0.03483796866648724
0.034802877547367515
0.03498304790996437
0.03533067684468877
0.03615299247532196
0.03691607829314771
0.03800001209036337
0.03877683971732524
0.03991359742256717
0.040950083682176314
0.042482764716280694
0.043761487210905156
0.04487723592053534
0.04573468494257908
0.04647347944336718
0.04746082614080965
0.04888463001846035
0.05020516353180784
0.05164439670719881
0.052546738537117846
0.05383481501149025
0.05478041197046252
0.056408086603853456
0.05768918436068736
0.05957977330176484
0.06055171749753269
0.061850543790082986
0.06287577158431981
0.06421439389689795
0.06619069084352418
0.06766058538665362
0.06904633706014643
0.06952450768051716
0.07068031097951623
0.07279085697804369
0.07498612395929691
0.07673272075044608
0.0774456790857053
0.0783536648296076
0.07894904661692484
0.08051265198816979
0.08194013526483805
0.08300068823124575
0.08415180141112484
0.08558351294408253
0.08779170105800234
