17951.299290506304
18352.161735605
18728.63363740206
19058.784593851055
19438.349244654662
19698.77276895603
20008.539697861866
20285.551603198357
20717.83356661358
21117.50108595975
21631.530028798046
22088.624274015794
22780.134835979858
23663.81757485078
24994.191675917435
26366.950496323825
27744.489019740333
28795.180204964843
29751.893994240392
30515.87328860788
31290.606914748136
31925.04219959136
32520.88841160288
32889.558151133424
33240.23371462587
33522.939089724416
33893.436362758825
34218.31558794666
34551.2781344016
34767.5596956095
34995.57964509227
35187.61124249883
35531.46870022685
35837.439982624644
36184.31989960906
36303.671895361746
36524.94402883022
36704.253181459855
37097.24317454189
37420.43544572614
37786.012436250145
38003.84037196133
38219.3487459176
38430.92089386554
38804.3703364062
39190.9639622247
39567.9278922728
39805.78840677639
40056.79310455781
40309.69562559325
40699.5225799186
41065.661888443785
41434.33162797432
41680.34575349518
41935.286677284945
42197.326865839736
42576.04803964156
42949.005453931175
43334.615023247585
43577.817558762494
43829.525154045405
44048.196566758364
44370.1939121901
44702.453561143564
45005.47267403511
45227.93973325612
45392.488038354495
45566.10372122206
45788.78164969352
46031.21099795678
46241.3070611516
46347.725742876915
46409.15898450697
46498.70812619657
46663.678169795836
46867.86989397815
47032.20732982609
47122.529658767315
47181.29188989173
47292.9823028782
47464.20813424071
47660.31653715591
47806.800376466046
47847.91988030311
47840.04742828644
47876.80896761428
47988.4290908506
48135.40495841177
48198.59544379555
48180.32010875686
48092.66879032128
48050.424650481844
48107.781086603274
48210.4744115707
48286.17647248097
48285.051836478604
48293.486606496466
48364.47925414677
48533.244944254075
48702.92440111332
48835.77202889457
48886.31035925157
48919.13567257107
48973.047910935216
49131.83245652139
49323.65318467751
49486.58482552248
49541.27025113825
49627.3049053204
49702.65551747993
49903.4733336551
50065.139758997386
50277.62567369725
50370.97046189488
50481.88768762971
50570.52306256737
50801.35460205609
51041.81583731519
51278.12997731551
51414.28122335376
51544.24697137894
51712.59092298534
51954.247083996976
52242.716218607726
52501.24191965507
52663.75182199914
52787.74294126165
52954.75138761523
53217.14302492078
53523.95778432035
53770.46393809225
53965.93973325612
54087.04897276253
54243.513956593786
54488.47373586242
54813.07180204965
55066.536641086284
55235.021172193
55358.098524703586
55583.86920218158
55914.30131763117
56266.031227375846
56606.374197596415
56796.43768199882
56879.66074617502
57009.13446594912
57292.6130282993
57722.223981208874
58038.24669787796
58226.97467702753
58289.11081615909
58435.80552471967
58642.94941840822
58935.84680727834
59156.20517399489
59311.194073073035
59428.2265070708
59615.267532216814
59849.68384896312
60119.73706903487
60291.73608764902
60381.63667808936
60398.99824637611
60502.886497096064
60654.64206766736
60877.741734639705
60989.853886127064
61077.43491481248
61021.55456344419
61092.05518284345
61143.36670045208
61318.247598822345
61356.97725115434
61403.509065752856
61334.90626960762
61377.00982994676
61428.18076805509
61570.728381356894
61591.88559615169
61572.204466110015
61430.28946055955
61395.91777273678
61413.77136927458
61555.12405682385
61566.089257847074
61535.86466528309
61396.62067023828
61377.15040944705
61361.96782341491
61451.235806103905
61455.38290136269
61486.24010167801
61416.090931029496
61427.47787055361
61449.83001110094
61590.40951139856
61620.07178596136
61575.85953311776
61415.88006177905
61331.67294110076
61273.191868976945
61316.068616567725
61252.03465418215
61007.35603391412
60785.94332094535
60655.6964139196
60715.65357079654
60725.21297681677
60633.76601187315
60521.02125263446
60277.18610936822
60199.79709445437
60128.03125955242
60244.43108579887
60254.833968820894
60257.786138327145
60178.56958990942
60216.385475489486
60307.48099168235
60480.53435654874
60538.31253117107
60589.69433852986
60513.14880061779
60599.11316504979
60697.167366507405
60941.07279952379
61016.845150184214
61099.99792461027
61051.28712775713
61126.63773991666
61225.18396962531
61435.9829303216
61535.30234728189
61620.35294496195
61592.799362903614
61680.872419840096
61795.72587158325
62019.598725807235
62116.106552761565
62181.61659990026
62162.63836736008
62291.12803063212
62377.795292565606
62587.96164551057
62665.49123992472
62769.66064964526
62759.187476873085
62883.1785961356
63004.92044339335
63246.0142864038
63304.214199527014
63412.60099425648
63373.66047267404
63513.60736522033
63601.11810415561
63812.40909310294
63857.956851199386
63943.71034638094
63913.34517431666
64020.53704329359
64112.33545698795
64285.24824235404
64389.206782824134
64448.10959344884
64393.986485834255
64419.22050613768
64463.4327589813
64635.3614878453
64660.17376964784
64705.01863024277
64606.40211078399
64661.08753639977
64684.98605145037
64845.66842029055
64812.77281722091
64805.67355245588
64628.40280258056
64483.39504802355
64338.38729346655
64264.09102755925
64059.75872387664
63536.80298276944
62849.29893656387
62529.62115288704
62336.4649194781
61958.09519442701
61148.98988046399
60844.846131570055
60876.47651913703
61236.28975014881
61015.43935518124
60835.70846405072
60371.022925816884
60011.13940505494
59009.22930643372
57636.47048602733
55754.04068729186
53681.687983654294
51538.55350161687
49917.250124684266
49539.583297134675
50279.94523545217
51153.29538105122
52261.835030648195
53028.20417652075
53801.461717907885
54175.122029699
54426.47817623117
55446.382450890495
56371.25498334862
57064.45249931625
57727.28484321959
58169.0559229049
58888.260646427596
59140.81171871229
59642.0479270235
60230.79487427
60824.4621040269
61089.735621088534
61369.348247180526
61596.73558891195
62020.231333558564
62227.304937496985
62382.996734076616
62391.36121434433
62593.02250752129
62672.309345689144
62918.60463021059
62965.41760380971
62994.23640137073
62809.514937979635
62863.56775584407
62867.85543060315
63086.17539456537
63074.57758579082
63066.91600302459
62915.01985295301
62904.898128931585
62806.49247872324
62962.88717280436
63001.9682738871
63046.742844731896
62781.820776421
62757.07878436862
62730.720128062814
62906.514793185
62782.59396367264
62737.538233827254
62471.84297826472
62418.914796402656
62330.279421465006
62451.74010972216
62336.1837604775
62288.738179127045
61999.847306015414
61939.60899013788
61841.55478868028
62026.76828032241
61939.25754138713
61899.051804302006
61596.102981160606
61550.55522306418
61430.43004005985
61528.97626976849
61404.0010940039
61366.04462892353
61134.79135093393
61138.79786669242
61037.51033672797
61106.042843123054
60974.60101034477
60859.53668935116
60628.35370111171
60583.2979712663
60492.76477307463
60559.821194716606
60411.08808340171
60360.19830429397
60088.31755071835
60019.99591357369
59859.17296523319
59903.31492832666
59739.53981047992
59690.26669562559
59427.24245056873
59397.01785800474
59248.42532619013
59365.809208938656
59274.15137474461
59292.49699953344
59071.013996814516
59079.72992583297
59013.095242691896
59150.79286323342
59075.23138182345
59059.6270572904
58853.888958604824
58834.6998568142
58751.968820889044
58826.19479704619
58708.108016796185
58663.40373570154
58456.400421513266
58427.933072702996
58334.44770500507
58448.17652074585
58374.93460109079
58345.834644529175
58116.619769293895
58100.80457551041
58009.07645156621
58116.83063854434
57984.053300513224
57966.480862976015
57710.62617243433
57705.56531042361
57598.5843106971
57737.47685699116
57614.89153273163
57596.053879691746
57319.604292356446
57325.0166031179
57166.58350628248
57291.207233296336
57123.5661791914
57110.84373441447
56803.888395514594
56770.14931544315
56582.96771079685
56657.75600495519
56466.28672554982
56416.170133693704
56116.665508309605
56043.56416815484
55837.7557797191
55876.90717055198
55684.453834644526
55569.67067265152
55205.499477130485
55097.604710652064
54895.73254822466
54891.585452965875
54640.369885934
54494.16720562446
54138.5713596216
53979.22449603423
53723.72125424328
53682.180011905344
53428.22314461767
53238.65168846631
52802.011760541856
52596.62511060701
52250.026352623194
52160.617790433906
51756.522016828356
51488.15575076017
50881.20375822514
50480.76305162733
49830.93431150153
49348.88720498094
48457.61317309394
47560.57538169474
46175.023826761266
44895.96124330325
43268.612947857844
41688.63994401274
39593.37278182667
37437.023826761266
34917.06599417604
32564.397766945
30116.346348762007
27955.990877938126
25690.622520391913
23676.188570876973
21610.091655002656
19912.313029908135
18297.898048490115
17063.539746126746
15874.026304358318
14889.266904773396
13889.676367907074
13080.079025693003
12339.717087375517
11748.50999887382
11135.51308782599
10586.409559663434
10026.270540727513
9572.6907830172
9163.393567900639
8838.795501713403
8503.37281400325
8188.826182087295
7860.994787393215
7595.580690831282
7352.167286065931
7168.570458677222
6959.8801904853835
6769.886995833133
6559.439483887577
6394.539730038451
6237.371848705698
6128.633605225477
5990.654825683351
5876.644850941971
5733.675499139277
5631.403912672748
5531.6627572115785
5472.970815837315
5392.981080167962
5321.1449555158715
5220.7009025532125
5123.068439596505
