15803.721178326668
16134.880353379338
16439.300868164482
16705.865959385108
17011.707645056074
17219.284260018987
17468.957845656983
17686.95271952475
18049.64124062858
18379.53959328795
18832.396684504576
19217.312142538238
19845.961702322336
20611.100777567244
21815.627670656544
22997.24449830667
24222.985716612737
25083.483820708014
25922.23164024166
26529.188025886077
27227.42004520808
27737.53472758496
28294.084576153895
28573.495119214193
28913.79635489562
29114.71301603199
29480.89625565105
29734.163404765382
30072.911676279444
30221.541549523816
30456.265383926988
30587.311836860663
30931.619588300586
31168.252228731308
31516.472044077935
31580.719072268606
31807.818665335337
31920.38550364399
32312.11028122334
32572.18894643805
32944.96185013353
33101.9452208722
33324.64950799995
33470.64571216841
33839.97002499714
34153.780811091194
34530.777689459734
34697.45006294548
34950.38113919195
35130.37122377615
35524.71209799384
35818.76487463198
36190.30111803577
36365.239126828026
36621.91752537933
36809.808617191185
37185.80606317472
37483.07679243688
37869.47931799714
38047.04001309182
38307.874293120665
38457.71227144573
38785.00331368559
39039.573019732314
39354.91260789208
39504.05208182498
39686.95040482158
39789.92488878963
40044.463843070764
40227.19303135614
40463.381967739035
40501.52513996825
40589.163279075656
40622.26755484106
40819.17111055474
40967.52861101722
41162.69908507882
41190.37128109054
41277.38779522011
41330.16661136307
41541.2994483726
41680.345753495116
41856.2985705552
41845.289438438136
41875.22408578278
41864.00628096996
42014.10784585812
42118.61552500129
42229.93911335418
42166.17093408634
42130.085933603674
42047.625073905656
42153.518779059574
42210.664345930585
42331.709885350916
42287.084680225176
42331.63080938196
42344.99025501962
42545.4170844596
42666.38354791104
42838.74280149464
42836.91526799078
42901.72461418261
42909.24781400323
43108.15462759614
43251.29091755543
43453.36516301455
43456.57432941978
43569.644178752955
43593.1407242949
43824.81793734016
43944.136984772515
44180.5543628434
44219.24228063625
44359.815191269816
44395.36642896229
44654.13155447101
44830.89709676706
45103.77947928223
45182.33925784699
45350.20216397584
45454.64174992356
45727.86020530679
45950.35801629352
46239.34334125685
46346.12665106106
46510.24882454909
46616.65872005565
46913.76470771587
47158.75084564084
47447.43963572088
47574.222575997155
47724.63824820626
47817.139559402094
48100.310604095306
48366.56817765897
48663.092078325746
48778.74068286748
48947.570073060895
49111.795484619586
49483.93578056381
49780.60026073092
50155.88382643947
50273.7443615561
50377.13399436094
50446.17610144462
50776.65214798813
51149.99615590364
51498.32140587556
51623.19334356964
51730.881633907054
51824.79972287922
52070.0340714843
52307.11261251738
52572.520119415305
52672.58636497091
52825.59616827148
52852.38095618758
53119.699465667676
53330.93773730245
53628.90038129257
53671.07423138188
53731.94735156532
53792.16589845065
53987.50331066883
54159.249725493406
54317.19079407782
54344.8981349646
54333.16633635381
54347.51203504825
54455.12344597143
54582.62246307736
54666.7944388806
54661.35357290815
54642.67626836078
54636.488573792994
54735.1380415722
54826.04026095219
54905.38420954207
54848.75702957841
54764.962861182226
54687.09719390015
54762.759716825996
54855.81675635899
54920.002281018336
54845.05583492215
54769.45042241828
54706.7607515043
54744.374554052694
54784.072887003946
54845.73676687671
54823.498847173374
54807.496946241044
54772.43114713554
54846.624174972334
54939.586762653555
55011.34161478205
54924.75782192684
54826.795875766285
54715.31413547553
54725.57643899727
54728.40999455014
54727.64120040788
54468.58173657028
54313.44347177301
54156.20749724474
54255.992583799765
54231.75140621719
54197.70920159825
54047.350639811135
53872.81020741819
53759.7711098507
53757.66022079155
53838.26279521999
53904.59435381357
53871.38244686838
53836.51433768517
53836.80867601392
53975.45960129177
54106.853109866825
54211.1301507673
54214.938976603495
54183.97853821764
54223.002528878395
54363.661105144965
54551.354507034586
54668.88555894752
54697.71314272732
54696.652206811006
54729.260061215995
54876.09974238631
55037.678305540925
55169.10695899109
55194.701214264
55210.64820132902
55256.731918770354
55412.3666049279
55578.81932294429
55710.10080722996
55734.032270600954
55767.553891757874
55850.84065602015
55992.38444382765
56147.08339768646
56270.4309264242
56312.187431121994
56347.73866881447
56408.198836715914
56571.710367999614
56751.33143139553
56865.83563094264
56924.93832804435
56932.74927652965
57012.734619089635
57147.9391500556
57311.37599847967
57403.57638168259
57430.79828398233
57448.28505588655
57503.11545411203
57642.14638335168
57765.49391208942
57913.36377741033
57923.70515690097
57917.47792434871
57898.27344667524
57987.196570277585
58108.19378549474
58187.247788865265
58190.52724502065
58145.825160480665
58144.74884868151
58209.29460831039
58315.72207625451
58323.572562724265
58264.37980688017
58120.76027488854
57937.839986344974
57846.31394543242
57726.50067319436
57555.74929764543
56961.41651181681
56365.26717525781
56018.34991684358
55894.44007010466
55410.50392654882
54736.097935972524
54414.60799467473
54624.37677122049
54850.94919116118
54749.277264125565
54493.56974274816
54198.06724001307
53847.45318005207
52993.74682306501
51667.59669667147
49940.37325592871
47922.293025624764
45956.30848295457
44454.00125991446
44246.74534193657
44971.992787417366
45832.668812442746
46877.14814099794
47606.45481954975
48311.40609967497
48623.459642015274
48833.47223613181
49875.60564427578
50702.070329970935
51387.67874947722
51956.59300440829
52386.78824086594
53049.19006004964
53259.48161661194
53725.491677325095
54321.02597857033
54852.31325162497
55127.5481442156
55344.30416123697
55602.94188657354
55977.981634711265
56189.4988687919
56294.2130240761
56333.30730448701
56498.36740682868
56616.792456501316
56830.55456947734
56919.65781056444
56891.07843746486
56770.06804291957
56773.8944411933
56839.46159875399
56998.10776139459
57028.26865387252
56979.281091128185
56888.1614128337
56862.32333998993
56802.86919413746
56919.5238207282
56978.17842067272
56982.310140048656
56770.9268958042
56720.272148048505
56747.62584362986
56890.60617820604
56822.892986711115
56755.9024617099
56538.84771325034
56448.72527078605
56404.80955282591
56472.48759944576
56409.7408181098
56324.327788905495
56096.476974134006
56009.24959075399
55976.760350302386
56126.22711088448
56090.38373141798
56014.15669393629
55772.900305878626
55706.643430144584
55643.43317576855
55718.88702599858
55639.58041883853
55571.403754303676
55389.208328808636
55356.87724029491
55308.12690545731
55352.97396260696
55270.88871376126
55125.04846497591
54930.05810839898
54851.70919908467
54812.57318413461
54854.41755102008
54759.2012982247
54678.0122436934
54468.82335758638
54375.68284897509
54266.676625822416
54282.54014380913
54165.05521954476
54090.91490902058
53871.11007408656
53818.38836836555
53705.683147111406
53798.566658823576
53753.60318427525
53748.2721460374
53556.82263562435
53539.52476742375
53509.10907460153
53618.62709499747
53574.55542165417
53532.0938229002
53360.920708850295
53315.01930544842
53281.712946651336
53344.70134900344
53271.15410824617
53202.89836774227
53035.518703645685
52977.93602239094
52918.593900827786
53002.00586870754
52969.92738398336
52927.9665996992
52749.36693423507
52717.363132370425
52653.47194603982
52736.01188170678
52643.66652589405
52612.67533574248
52390.36423190458
52353.3325163496
52274.44105802633
52389.27913388666
52311.62213930037
52271.89305458343
52038.118131807336
52019.23654767361
51901.69451298736
52012.85116318351
51889.29276519546
51861.95444549695
51590.50641319577
51527.078699905214
51373.97444475291
51425.165151853485
51272.95489446089
51196.19189763428
50924.09588169875
50823.071938297326
50659.38687919293
50682.094861600395
50526.32838216121
50391.86848323586
50065.763580529885
49948.99473309526
49779.66452843218
49773.53833739578
49562.45162803476
49409.37373153874
49077.988311352696
48899.98610876483
48681.6573585838
48622.14170919997
48403.287982447655
48193.45770237066
47804.151331507404
47586.20258528812
47291.08008651478
47183.367634075774
46824.78447369151
46540.85781418419
45987.958639513614
45590.64802335214
45001.661651644215
44524.86431083791
43711.40103236563
42849.93205109637
41582.87803214034
40373.422070321896
38886.08656406357
37409.65475529702
35492.03395383867
33491.497605861
31192.17051277413
29040.315708608832
26839.94120784865
24892.41651081135
22870.93601384401
21063.872203150924
19251.668454478193
17787.194689455762
16439.599599602636
15400.352464324218
14380.118706461037
13499.045474564378
12611.837265412556
11881.289533459601
11226.305479471332
10692.507544403694
10150.285822091662
9653.655788969889
9154.286652147
8745.156375187034
8385.035626518335
8098.378649528619
7798.948707004041
7514.736495386681
7223.192184206918
6986.862668323753
6771.143425117036
6606.006443361166
6421.561745861286
6252.554434737839
6064.676522254119
5917.25255753574
5779.737251033657
5684.114635620269
5565.136054165249
5463.844131091429
5337.65865369146
5244.298489610982
5155.627969798249
5102.135273380313
5030.0685104855465
4964.936270753901
4877.199286685332
4794.863630604766
