15731.063542219688
16060.366628557515
16363.917307684567
16627.96954033735
16931.043567096207
17135.637260787178
17382.84850861528
17600.180022966033
17960.430368361584
18289.06350551831
18737.94483274213
19120.075059426177
19744.8169484129
20504.69088206073
21702.103134502133
22876.170403675394
24097.06382577588
24951.92117742171
25786.260511688157
26389.845185880116
27084.84387669533
27591.536326861824
28144.037925133172
28422.481984128917
28762.800792247876
28962.081020138543
29327.510841498133
29578.90652601476
29915.49119115705
30060.288076463617
30293.562184769977
30423.567470779573
30767.842273899125
31002.504604771002
31349.364752763213
31413.04287328867
31640.263276863447
31752.865260047143
32145.000793353876
32403.445221877624
32775.11984822707
32928.52722792691
33149.27438482397
33292.889523706144
33660.67405169573
33972.55406621539
34346.83600298437
34510.16302367391
34761.80252576141
34941.933189845906
35338.31905648199
35633.41739315363
36004.45721519697
36176.22120245906
36430.60639791174
36617.607885073296
36992.24127059301
37287.32862449116
37673.3138046599
37850.10131250294
38109.46390088804
38256.26624062858
38583.0125373048
38837.51415015615
39151.557771047555
39298.86531836719
39480.40836711866
39582.868857288704
39838.75429959612
40021.33631871711
40256.87727146588
40293.92875601308
40382.00181294957
40416.30321102216
40612.16340325715
40758.41880087931
40951.99018312504
40979.3153234954
41065.41587431824
41115.28645204884
41324.670831523305
41464.2552925454
41642.32998143806
41633.57451443514
41665.22906410373
41653.55217936025
41803.341833482125
41905.169715900876
42014.2528184678
41948.156291226274
41912.18770814229
41833.12931166239
41941.9114862365
41999.92908532029
42119.56443662831
42072.52521789588
42117.79840665581
42129.06673222654
42329.122343923555
42449.35955121718
42626.19318670869
42626.67423218627
42691.900923769696
42697.2693034373
42893.03724037516
43034.020906736085
43236.52567691484
43240.3696476261
43356.47293898909
43378.40993069961
43611.50611807597
43728.25080340912
43960.76490379207
43994.46005276967
44131.19118924665
44169.45736853862
44433.73584632464
44614.84617380177
44886.99051394038
44960.63879621352
45124.00315833284
45226.98642851965
45500.218063231
45722.878419264955
46011.00269478911
46117.66739063993
46281.69730883089
46388.443277205246
46684.2489044877
46929.03515593568
47217.05399683459
47342.5124146315
47491.671657556726
47582.84405316384
47866.92227494504
48133.78609760371
48431.92446596923
48545.97617524965
48713.68312599537
48876.58840818404
49249.28223591067
49542.95720514189
49919.042513313085
50036.6350687574
50142.781377700776
50210.93168357946
50542.67074907082
50915.72920487638
51264.12694115312
51385.053866620125
51494.923335766805
51592.37128812941
51839.60010839493
52073.78798345317
52333.541558573335
52437.0366260034
52589.413821552596
52716.68000386116
52980.55651213868
53188.87995569697
53389.763668512926
53434.964370967995
53499.08619554128
53555.60574432488
53750.49066627646
53924.945433036366
54083.92547199016
54106.701547593075
54095.5254773194
54110.57846662472
54225.04752129677
54352.22144830821
54436.577934705594
54427.84223669491
54408.14573077039
54404.894829826
54505.497034726526
54598.0312942428
54674.9941775464
54617.12155107228
54533.08136855058
54460.80812951472
54535.77214804847
54625.72106269206
54684.944570301835
54608.594525757355
54535.85561712676
54471.0243053879
54511.166342386976
54553.10955423361
54618.00895916792
54596.247691832774
54581.62083413774
54550.07830875844
54626.144997747644
54717.41184520654
54792.485691474874
54703.28360542661
54600.166345403566
54483.22177359343
54493.18973878641
54499.45650932312
54499.190726205365
54239.129633428274
54085.18629438357
53926.742214774655
54030.0747371574
54001.74357473804
53963.39831947716
53810.70262349772
53642.989083088025
53535.61270351704
53534.73408164018
53611.580547545025
53678.99720415639
53647.812717191926
53611.98032049893
53610.27359750314
53750.4247696357
53881.387753491
53982.55666950209
53982.418286556494
53952.17831810965
53993.075969922786
54130.742838698636
54317.77947073529
54436.16937553286
54465.98540892411
54464.00192003711
54491.037115188105
54636.06463873739
54795.92549612279
54930.6467850565
54959.98616607956
54976.30656744225
55023.025089189585
55176.93108680452
55344.97191386345
55474.149098754046
55502.08488132883
55534.68614606961
55618.26505210594
55753.329003571496
55907.59743271064
56030.13662932166
56072.04249973851
56105.13579273046
56165.262084318725
56330.67802852052
56513.5038652123
56623.94883168832
56682.93730794603
56689.045926544895
56772.967495113204
56907.57236664821
57073.9987260084
57169.920072859946
57198.27100427154
57213.59416980399
57262.03918353928
57400.28154964439
57526.2341922469
57678.158897529494
57691.36678089339
57681.24725342665
57662.899432083126
57748.881368952665
57870.6363955386
57950.27468245721
57956.51729089231
57908.51598120472
57905.282652697875
57965.916348420025
58080.0493302242
58094.21491143389
58039.15826807512
57897.31355227478
57710.04847855014
57614.245745651984
57489.40675627827
57323.94248787334
56741.02519677985
56154.55827330384
55811.766144601475
55690.92049165822
55213.795864202744
54543.25361332993
54221.61869942232
54425.14926064236
54651.31531796502
54551.5170520818
54300.971434230974
54006.384894802526
53653.97405310338
52803.705304209514
51480.32503328277
49760.181088312784
47749.12324335964
45794.18956734566
44300.10404851827
44092.05956740589
44809.58392658908
45663.472597615735
46699.55889069221
47427.22254633438
48132.250705873965
48448.40082271511
48664.73729779027
49702.15909611948
50527.88793599279
51211.526045940205
51773.323463668676
52197.21019505044
52850.92683698137
53070.17594357842
53538.96464597716
54132.741703468666
54658.29377222197
54933.497913046886
55148.7822384246
55404.77531191183
55775.36044713387
55992.353692061944
56097.03270247111
56136.08305178816
56295.56829832116
56419.17941362193
56633.400606528645
56722.92778267133
56690.77022197825
56569.423754565076
56567.712638459896
56628.1618235879
56784.169924043206
56822.89518326583
56775.91746806479
56686.43641957064
56657.5912633533
56605.783324384225
56722.55876148304
56782.75314626672
56783.275926283444
56571.88828892965
56517.21823919672
56542.1315625151
56682.72863525027
56616.45638363338
56552.593752513814
56339.332454007585
56251.54275262641
56210.61874215693
56280.770109360164
56216.325391247134
56128.68505558502
55900.31365735146
55814.43276199776
55781.01437891137
55930.57119823585
55897.77883323672
55822.82799403113
55579.849507094914
55511.05780724614
55450.05069722648
55527.35184995256
55446.13643676506
55374.48262615239
55191.854479383
55158.91933832889
55108.264590573184
55150.71300999898
55073.34815718674
54933.33536799966
54740.723880154335
54656.938497976924
54611.1007946611
54649.14951503855
54553.900313922786
54473.26479117392
54263.95948766822
54171.77667690272
54064.518911285006
54089.799059236975
53978.95212325227
53903.67399739757
53679.335473578925
53625.46716630875
53518.38951817589
53612.68541455514
53566.14481373784
53556.9763944528
53361.71366509417
53344.69475933938
53318.307547822566
53426.99307399017
53379.815472312155
53337.02439035438
53168.48933848974
53123.84216781709
53088.686309969205
53158.14356588972
53090.03279799549
53019.56512691659
52847.385990817624
52785.08291352944
52728.519433651854
52814.837443389326
52783.220235150504
52736.08656456632
52549.948323398734
52512.05555840442
52451.6700733625
52543.01599679029
52453.87102116403
52421.45426701729
52195.49248928103
52163.06255580614
52085.91516190841
52194.09108738747
52118.694347579374
52080.34250265442
51853.401061525576
51829.51352924844
51715.30147147548
51820.274820213264
51698.882225151676
51667.23206859247
51400.10465937072
51337.5138334179
51188.438059571
51243.648461758225
51095.317319951944
51017.267142075725
50745.023956975834
50637.45647714649
50468.61390762493
50485.984262130434
50338.173703786226
50206.62204327344
49892.07980446696
49776.79802455893
49613.12175167331
49601.74799147734
49391.24776221914
49236.69378096998
48902.51434321551
48712.51895200853
48496.61739476235
48445.80229851412
48234.462985363614
48020.37358573856
47626.61260195961
47411.576487262115
47121.200743178524
47018.845687633664
46665.852758941044
46379.233123381164
45826.11209668668
45424.617043836544
44843.35815153556
44370.34327790915
43565.657431986816
42706.936340637454
41439.35734510998
40227.36216606738
38740.16064964531
37263.92872735576
35350.18045181958
33355.16404578325
31064.660512894752
28919.830290634967
26727.163500289535
24786.91159583795
22773.496847700182
20975.42792847147
19173.37445903118
17718.750045248365
16379.91481550754
15345.825190646266
14331.203630021555
13454.068820687913
12571.996156406341
11843.137575011635
11191.54939457743
10659.64708620912
10119.845967167834
9624.452594337738
9127.108680941014
8719.783971938003
8360.07397899674
8074.541638009404
7776.137486526061
7493.451880419743
7203.851520142544
6967.884435783576
6753.351332110621
6587.909029252533
6405.102961553009
6235.847439749353
6049.214973776082
5902.015057636301
5765.714445878976
5669.66350230062
5550.84526933812
5449.759822405361
5324.351925366411
5231.321244489758
5142.617776356645
5089.265659439007
5017.827111186194
4953.421931057648
4866.2187097792685
4784.432192371738
