15740.46040319271
16071.468015971646
16375.730378818955
16640.720540325292
16944.646830304697
17149.95001116124
17398.165084483644
17615.329660677802
17975.707406245492
18304.45915735559
18753.645805681623
19136.19118120248
19761.55908827647
20522.882748021122
21721.643685043506
22896.26887910858
24116.0881859646
24972.00867008143
25807.239805552894
26412.55756139696
27108.40412232332
27615.1295208102
28168.601996255446
28446.165236819656
28787.542784300236
28985.874100563928
29352.496651121357
29603.93626673183
29941.164522398914
30085.594583071896
30317.897814204316
30447.670265416542
30792.955483694484
31028.23724298956
31376.292316734296
31439.579450524554
31667.166678732916
31779.245881899886
32171.69112941821
32432.09927783674
32804.94686439179
32958.483840818466
33177.66924732942
33321.778611017326
33689.249031685926
34000.731469806306
34374.29513319095
34538.445861890046
34790.38189886098
34971.279160533035
35366.19772863476
35661.64531750243
36031.0596890736
36204.73687547255
36459.6931751452
36647.3558252691
37021.51695153
37316.64164685791
37700.93328335901
37878.873982415425
38136.65724797687
38287.672579616956
38613.29643684548
38869.52893479421
39182.9619134812
39330.93940998194
39513.60270162645
39614.71890032489
39870.34295262395
40051.69709767203
40289.04801148711
40327.66783608451
40417.14888457866
40450.19824647674
40644.46374000524
40789.45392212472
40984.903358632226
41012.18017479936
41099.27137178837
41148.41928302524
41358.868991525414
41498.409521453665
41676.27553765056
41667.23012542828
41698.777043916954
41686.95957967318
41836.07049839518
41937.38658357066
42047.18136985784
41983.13203158939
41948.824043852685
41870.088540912526
41976.52040196603
42033.96470027517
42151.214593187506
42105.86232845867
42150.60834409248
42163.732758378064
42362.82188601054
42483.20406591385
42658.6450857305
42659.701628537434
42725.356648285786
42731.66076025226
42926.55007531326
43067.428307049
43269.946256555915
43273.56398213389
43389.31143163676
43410.824488291684
43644.71582846661
43762.34133223132
43995.42653683422
44028.22549149741
44163.6452848232
44201.69839831002
44466.52381821439
44647.295876268916
44920.14091735432
44996.13512003867
45159.43578207192
45261.29880936575
45532.500827541546
45756.97553775122
46047.32931628789
46156.04120111181
46320.63563385865
46426.94888095864
46722.26687309944
46967.93833608836
47254.30536785879
47379.82089607769
47528.6506557991
47620.46005226693
47903.71456603855
48168.333509801836
48467.28021029407
48581.80637538803
48751.37820106737
48915.502571110206
49287.83177075793
49579.184981679544
49954.360916208185
50073.48007716352
50183.38469118517
50250.021570880956
50581.35647030897
50952.43802689159
51300.81819073082
51423.76814306929
51535.40144563377
51633.86420626412
51879.08976865042
52112.31774930818
52373.393650353035
52476.045240781306
52628.80024373756
52755.75231872514
53020.16917945693
53228.19828468648
53429.12592859628
53475.08004931075
53539.12279791511
53596.03333343391
53790.184606118324
53964.78654204259
54121.209791334724
54145.26865487785
54134.49016100348
54151.79681542294
54265.422393093206
54392.10429185361
54474.20491658215
54465.00354897673
54446.29329610899
54446.32404787468
54547.912505831984
54640.40503080909
54716.33333685269
54657.62382304086
54572.73577040798
54500.833749115096
54575.80655386761
54666.374896934394
54723.278842789274
54647.46695414436
54574.06907910611
54511.37940819212
54550.33091254804
54591.60417521356
54655.53709608332
54633.98450144393
54619.13139861561
54587.705290635
54664.72967746997
54755.996524928865
54831.12308850983
54742.72274492419
54641.063997216734
54523.919538929615
54533.125299644424
54539.64028086134
54540.90110325463
54280.047054233575
54125.07133448356
53966.99627606291
54071.76754176913
54043.177185896086
54003.7116877422
53849.390541290566
53681.30139002853
53572.80476756456
53573.327547581284
53651.23055629299
53719.233693007154
53686.265603632666
53649.881871711994
53647.66774458231
53789.80899526597
53920.91695173094
54023.63224224533
54023.1336243302
53991.509826427304
54030.71393457279
54168.743234872854
54355.86992565188
54474.79798634903
54504.65136117006
54504.78315445159
54531.43175597677
54675.275336547
54833.93687507047
54969.424761591734
54999.56588507743
55017.09878463018
55066.28403729681
55220.822642663086
55387.96947196223
55514.550329206686
55541.811769490974
55574.73373121689
55657.75031925205
55793.97405159506
55948.547801836416
56071.22757794773
56110.32185835862
56141.93906659744
56202.900048968724
56368.8233973044
56551.868889465404
56662.184259214584
56721.572508426274
56728.695935292926
56811.99148577397
56945.24108306391
57110.51425121073
57208.29168677714
57238.31639286416
57253.83724831889
57301.16421571586
57438.59824969424
57563.419666630296
57716.85120843174
57729.45284270061
57722.386526255956
57700.92179380425
57787.53414187045
57908.05031160999
57990.22122608868
57997.73344313583
57949.83317496409
57946.863433020306
58006.761282920575
58121.632307101325
58134.508510706706
58079.3222706211
57938.02669349379
57752.17180788151
57657.76169065819
57531.23355072621
57365.613326938146
56781.54943429535
56195.54378730469
55851.08447359098
55729.21961927051
55251.16804573495
54581.42314421539
54259.91563047998
54461.81854467315
54687.62876013565
54587.83269080715
54338.229394919246
54042.59290234795
53689.39130095961
52838.89191382306
51514.33428958134
49794.934976651995
47783.25331016628
45827.24771546252
44331.75200852278
44124.06995893461
44843.91607642741
45698.39781722094
46735.795453448634
47463.46789530948
48170.11271910244
48483.512749469024
48698.91349224542
49732.93722046591
50559.06802984787
51241.33329311269
51805.44807604139
52231.03494075488
52886.45171601754
53107.24280400843
53575.871157914655
54171.64488362133
54698.35673325212
54973.69047080388
55189.26254484626
55440.469325659295
55810.979778021785
56026.597979712584
56132.27202939728
56173.503557523654
56333.28094583071
56457.60374485174
56670.774984615586
56760.67118194656
56727.861244509906
56606.26656641651
56604.53787787379
56666.93540701373
56821.20822926224
56860.91974154165
56813.193001190586
56724.847571472266
56694.19904385269
56643.89574484774
56762.109925269906
56822.71067267164
56823.00501100039
56610.69701723058
56557.64802486046
56582.44273422546
56723.839352868585
56656.09540960795
56591.46618090082
56378.459682738874
56289.5519350194
56248.16225495518
56314.434506572085
56249.28908751226
56160.8975301454
55934.944538627904
55849.329426391945
55814.52941040422
55965.27676237185
55932.93688763929
55862.00135041096
55620.556058649854
55552.52217016986
55490.02799262359
55565.532363611455
55484.28619865831
55413.13539907016
55229.281574782566
55197.183321066164
55145.041505783876
55189.00774450195
55110.39964173396
54970.92500844645
54775.73037228315
54690.64682628267
54645.96670728962
54686.35256185951
54593.60303998342
54512.60508571035
54303.57654809587
54211.169688751754
54103.3364258047
54127.37552035559
54014.668102546646
53939.82269796628
53714.87133538853
53661.73228427607
53553.92977309481
53645.972004359886
53598.757061252174
53590.43211896892
53397.921672639575
53380.85224612688
53352.593570012345
53462.12037662705
53414.07733240032
53370.471328651765
53200.756726917425
53158.07766924895
53124.84160020202
53192.46692950927
53121.83890993785
53052.254253845174
52881.40622988966
52819.641308501064
52761.97735472271
52847.847267302976
52815.84126888364
52770.36380053734
52586.81529735179
52549.56831943698
52489.50353138011
52578.764924405055
52492.453504331665
52458.40690660334
52232.93276400875
52198.99819056973
52122.518549298424
52231.88720397532
52154.50258217083
52116.10680615201
51888.014370364486
51864.3355107831
51748.95049280454
51852.56856729725
51731.37585871264
51698.27377950193
51432.25343384504
51368.889420640575
51218.75930054146
51274.14982021343
51127.08389390984
51051.827733602026
50779.479113876914
50672.803435252594
50503.06467141663
50519.96715977272
50372.450939757255
50241.67246649609
49926.69311330587
49809.168651057145
49644.853180756116
49633.7781519983
49424.7320419463
49269.437821765896
48935.62081553562
48745.22345481997
48527.44823642137
48477.50517238593
48266.71280135377
48054.17636589607
47658.30668961266
47442.064666389175
47152.35228182262
47050.144395442134
46696.81539388162
46410.61090715853
45856.259809836454
45454.89215715846
44872.545970284875
44397.9232186238
43590.04577873377
42728.111127869786
41460.25097334172
40248.328280603964
38758.98073024766
37280.28647014821
35365.04453742137
33369.31864421947
31078.683318049447
28930.41329114175
26735.66856005754
24792.525989631093
22778.946499891408
20981.136774116367
19178.75821458164
17722.561067639243
16382.658312318033
15348.526952917613
14334.366668778248
13457.053938514544
12574.506818419466
11846.682814284766
11194.73659543574
10662.83428706743
10121.462631421256
9626.38556246683
9129.349166727006
8722.114516466376
8363.258983300359
8077.1423587649115
7779.331277048448
7496.127284034782
7205.988767858004
6970.225963085407
6755.376555536784
6590.698653711565
6407.077664221252
6237.598093838998
6050.177064731244
5903.010096911846
5766.489829685306
5671.132997389669
5552.800203014132
5451.921232222435
5326.61876980871
5233.302536822078
5144.990055424166
5090.693419988904
5019.142847446792
4954.340090918966
4867.286235359654
4784.80121356002
