15721.600784605904
16049.55738291744
16351.862615534046
16615.76767902246
16919.1536165476
17123.988931254706
17370.220515690104
17586.43837681194
17945.405934267274
18273.966585119157
18722.377849638862
19104.486110775983
19728.98198563719
20488.80979163649
21687.399397392885
22859.452425913438
24078.063627688778
24930.313668915023
25764.31693031357
26368.00484257606
27062.92885053174
27568.575740664764
28120.550165810007
28396.99755659059
28737.426192444156
28936.60977192836
29302.55358708592
29553.857016305483
29890.11000168926
30034.60156589361
30268.07116756759
30397.766739365587
30741.96685962561
30976.049300058734
31323.816625138803
31387.66607693024
31615.005094458396
31726.9920423283
32118.653119821527
32377.536859283704
32748.925933523173
32902.14221296479
33122.16889992283
33267.05364741707
33634.528461195056
33945.24869483725
34317.766798188444
34481.29150880027
34733.137487028864
34913.14075094121
35308.56891973153
35602.092326688864
35971.313401447114
36143.96918991421
36398.56525461733
36586.137845998855
36960.50984151021
37255.23256732946
37640.198546121035
37816.26119091567
38075.58643787099
38224.17238002156
38550.23994129791
38805.48398963521
39119.136623791404
39266.081739586836
39447.609412455466
39549.116597889115
39804.56712236749
39985.85976388418
40221.385340750094
40259.7811167689
40348.75256457448
40382.5465585132
40577.80269820785
40723.43866740682
40919.05723862562
40946.33405479275
41032.87830966341
41080.6775363193
41290.10584688762
41428.74578939209
41606.550302057614
41596.95355460761
41628.22370720507
41617.3551545883
41765.44028226905
41868.014993283134
41977.5923206558
41913.57153759836
41877.34815417009
41797.189283789405
41905.521164651625
41964.49426502651
42085.719921931646
42040.33690543711
42084.808351734384
42095.21343131111
42294.04995515398
42414.601269768595
42590.52772817226
42591.34484651774
42656.41997582741
42661.92454188593
42857.28391965104
42998.908979982065
43202.38023422535
43205.69044214642
43320.94147028885
43342.175564497884
43573.41127004999
43690.27676589121
43922.738148961565
43958.31794186503
44094.68225370842
44131.854548763695
44393.61797142719
44574.3153466222
44846.98246677753
44923.31493888449
45087.33387430207
45189.76800581584
45461.31707963301
45683.147137993365
45973.03305038061
46080.69278550697
46244.66120016654
46351.07548878239
46647.5642445741
46892.48448585827
47178.97452469146
47304.06392130008
47453.6734579372
47543.5367069478
47826.707751641145
48090.65235311395
48389.27835662112
48503.0620862291
48672.763508635304
48837.32059995247
49209.95512070243
49502.65262309563
49877.7121402256
49996.29534183605
50104.62722269812
50172.22619334907
50504.07289002033
50874.710742555144
51221.75759769621
51343.005220148276
51454.484763884306
51552.64000685778
51799.15275029366
52032.426858599974
52293.85201184087
52395.961053260195
52549.33768119431
52675.11899253097
52939.64787755205
53147.351892687155
53349.03515141106
53394.42475756965
53458.48068550215
53515.55596262293
53709.97741153447
53884.25206080962
54041.89659451053
54065.88956141289
54056.01604807168
54071.39193091675
54185.21739506399
54311.32818960444
54394.99276127379
54386.40862553686
54367.292010051075
54365.03834493693
54466.101826322796
54558.297816416474
54634.61930574997
54575.663777812624
54491.206249899406
54420.57603377328
54495.86294584677
54587.71627340845
54645.492251476106
54568.77538229802
54493.787201662686
54428.0706783829
54468.006239240895
54510.54691396379
54575.43972923402
54553.656496351956
54537.51401591933
54506.76005367452
54583.5603919309
54676.03754102517
54750.66548669102
54661.953232339096
54559.50372494247
54443.84633418193
54452.25474554347
54458.70163356493
54459.56707611366
54200.764609175174
54044.94980553276
53886.66387786167
53990.87502212127
53964.553707245235
53925.551682131394
53771.92904007187
53602.21443833763
53492.83040777803
53492.09675851084
53570.988216834114
53639.10996750167
53607.49495581755
53571.1068307874
53570.11618462124
53712.424373461494
53843.88158212253
53946.23663766738
53945.42830554067
53913.03351694083
53951.62039321783
54087.54539412281
54275.52654467707
54394.92027496896
54425.95539621436
54424.93180172782
54452.039483183646
54596.04560880109
54755.946004170946
54890.5442860419
54920.061587995035
54936.79274508514
54984.52607510026
55138.51993490287
55305.12421519313
55433.43156442571
55460.96757404652
55494.234394859035
55577.69688349665
55714.32258534831
55868.41529011205
55988.639318077534
56028.557306498
56061.92516882648
56124.933340170835
56290.67437446705
56473.44310073685
56583.34991131329
56642.34497723508
56648.96978618661
56731.65469446324
56865.097588566096
57029.795259383565
57126.803900807725
57154.985697508026
57170.26053883724
57218.37167625939
57358.21972384446
57483.164147843265
57636.60667241807
57648.28136060686
57639.872949245306
57618.3598925904
57704.46263996802
57827.45213029092
57908.7795677678
57916.45652641685
57866.93080777293
57862.88695058468
57922.132423741394
58036.29835386594
58051.674236711
57997.08765605634
57857.241805025864
57670.68402191211
57576.75275361166
57451.11421833007
57285.44127722938
56701.60143316519
56114.80282993059
55771.290231289226
55650.8267788624
55173.15740584329
54503.56845970685
54181.57331082973
54384.23183983698
54610.386914386145
54510.6611348078
54260.723962606695
53965.282963403064
53612.887497586744
52763.26892888176
51440.85514201951
49722.19387146671
47712.79662186084
45759.32145816245
44266.36057533745
44057.81747630995
44775.568080626435
45629.158020214956
46664.82037823584
47394.096305022045
48099.91961736019
48416.607890100924
48629.4408604421
49662.427814847855
50485.61304438764
51167.669634956714
51730.033763795764
52154.667323772854
52809.715077847235
53031.15854258174
53501.381595194456
54094.875297130675
54620.79858362695
54894.535425917515
55110.79062846916
55363.15719015966
55733.63249764711
55948.93000235287
56054.24821017743
56094.177181371335
56253.35930335679
56377.32845707238
56591.31681518173
56681.77533051389
56649.099382913446
56528.09997114164
56526.91602816256
56589.02800519252
56742.624288595856
56781.19578899003
56734.61565018827
56645.91437860982
56616.01048303088
56564.116878428824
56682.080651616096
56744.13771477871
56744.46939453721
56532.30856993177
56476.538046298076
56500.92199993564
56642.173645969095
56576.48128479093
56512.631832999505
56300.736791511794
56211.37435697103
56170.437167173404
56237.54191301862
56172.19441092713
56083.58539464578
55857.8520585975
55773.77453464605
55739.710364480175
55888.89816261636
55856.15851492984
55782.8463055246
55540.425743480184
55470.287555605195
55410.756530338644
55488.925322168165
55411.08381698776
55338.751270975226
55154.730508530956
55120.743217779294
55069.7589868198
55112.991576270695
55036.05285506874
54895.255895856535
54700.31606003753
54615.34014521696
54570.45135352815
54611.23917760671
54516.378766671456
54435.45549525791
54227.312169184384
54136.09803903813
54029.011604686406
54050.78165824031
53937.98198513427
53862.769755920395
53640.40593477
53587.6095461896
53479.72576248465
53572.07551140671
53523.797435827924
53517.363727134616
53323.92633472509
53309.27092181906
53280.7420694774
53389.954768771124
53338.44116813079
53295.10534060936
53126.00797074352
53084.5721630308
53049.56347434731
53117.219555420255
53047.953399757964
52978.704816533194
52808.35321393809
52747.18355887107
52689.7150984603
52774.712978827796
52744.07543398166
52698.76929690136
52516.92971326633
52478.36699909092
52417.21711301614
52505.33629760115
52416.900809140476
52385.575742675726
52159.859979065
52126.50749261937
52046.84724015382
52156.06872566633
52080.25024735735
52043.012055661355
51815.72795200054
51792.36539629484
51676.42025686972
51781.18273635712
51660.37662139832
51629.214099980774
51360.876389123594
51297.347634317215
51147.968735922805
51203.21428298511
51053.85735013758
50978.541882853104
50706.01973530731
50602.562009306974
50433.01873883863
50450.628517805606
50300.78614637116
50168.599681552325
49853.43801432264
49736.66477377864
49572.404217344905
49561.722371876975
49352.711406700044
49198.399046467035
48866.40298407655
48677.945181154086
48462.22154483796
48411.18459656582
48198.38018143566
47984.910210233786
47591.67200647157
47376.559012359845
47086.605006777136
46984.46960670152
46631.85448541595
46346.326537538065
45792.179719802334
45391.26455739094
44808.43073537571
44334.4647535676
43529.2341620816
42669.91560785594
41405.22068863926
40194.29962484113
38708.65985880517
37231.97544624904
35321.214485094184
33328.84932057129
31041.311136517204
28895.72090633397
26703.587878778722
24762.371686817274
22752.368188116383
20956.353047524826
19157.093595652957
17702.159467658545
16366.023803634373
15334.194433551325
14321.479482399409
13444.597276855367
12561.99743944768
11834.988357103755
11183.74723231091
10653.777892071694
10113.155261575543
9618.346172293559
9120.822141412076
8714.288192098242
8356.09162533987
8070.706453516909
7772.7328267532275
7488.854491449073
7199.596793703849
6963.816416493714
6750.241010666537
6585.13697723104
6402.06951952315
6232.855732258649
6046.001414261471
5899.214450403814
5763.199390756465
5667.2494886939485
5548.901318435567
5447.23598106408
5321.94230486912
5228.582140788646
5140.9286257983795
5087.231649794075
5016.091832979396
4951.346186873566
4864.2835450954835
4781.644764467399
