15734.958033688872
16061.53739220843
16363.126547995393
16628.362723627248
16931.192932815273
17137.15068697007
17384.324593368405
17602.519353713174
17962.156860349616
18290.227679505148
18738.02390871105
19120.184887160784
19744.146999231794
20503.68925312111
21700.72150160077
22874.11003537416
24094.493856786063
24948.984383798306
25784.60650600497
26388.452570205303
27085.125035695924
27590.754353391414
28144.127983875544
28421.847179822886
28763.34114470215
28963.649360188738
29327.906221342724
29578.465018521645
29914.087592708773
30059.161243906547
30292.490266080207
30422.31104149566
30768.02019482919
31003.229467819416
31350.702454570735
31412.955011100985
31640.25449064467
31751.821896568374
32144.616396282752
32403.02128682204
32775.401007227665
32928.20433438717
33149.08987422984
33293.38374851188
33661.60099777582
33972.90771152082
34345.592753028606
34509.50186071156
34762.08148820731
34943.52349544303
35338.28171505223
35632.25321916678
36001.8477082227
36175.632525801564
36430.27032504384
36618.37008955147
36993.089140704185
37288.08204275056
37673.359932308435
37849.918998463494
38109.16297289522
38258.14868799976
38584.45787029224
38839.06931087819
39151.69835054785
39298.82138727335
39482.07994523939
39583.53441336043
39838.52805446283
40019.37699193172
40256.356688003834
40294.35049451398
40383.860098219135
40418.32184478426
40613.386884220694
40758.83834282552
40951.98579001566
40980.193945372266
41066.4065204844
41115.67963533874
41324.81800068769
41464.646279280605
41643.53588996405
41634.36527412432
41665.743057901695
41653.99807996276
41803.51755785749
41904.51074949324
42013.25997574695
41947.37651431056
41911.61880047703
41832.35612441075
41941.02407814087
42000.309089282026
42121.24699752249
42075.189638737465
42119.10096358826
42129.844312587564
42329.882351847045
42450.664304704325
42626.92683597585
42627.14868799976
42692.761973209
42698.400529103754
42894.66488740204
43034.76114566734
43237.10556735357
43240.77161713477
43356.94519824791
43379.0008039118
43610.56818922242
43728.562714175416
43961.08779733182
43995.75602003804
44131.900676412224
44169.547427281
44434.05215020032
44614.85935312993
44888.051449856684
44960.94631387041
45124.21842069266
45226.36041043239
45498.99018915809
45721.98661805996
46011.44859539161
46120.71620855264
46285.46879323733
46391.23070510959
46686.08302765566
46929.29874249874
47215.87884007429
47341.214250808436
47492.10877194046
47583.07029829715
47866.22816366233
48129.788368064
48428.53737863394
48543.25025087671
48713.8434744879
48877.62737855344
49250.042243834156
49542.285059406095
49917.23694535613
50035.83991595884
50143.80277563263
50212.543954723515
50544.9178245209
50915.22399729718
51262.98253615852
51383.86333397698
51494.78275626651
51592.29880182457
51839.28600107395
52074.00983547708
52335.97973428163
52438.22496209186
52591.57742792438
52718.38672685697
52982.871680784214
53192.174787735195
53392.616993058036
53438.57770343658
53499.896724222686
53556.36135913898
53749.60545473554
53926.474235102105
54084.41091057713
54108.926657496224
54096.86098257223
54113.651446639036
54227.68558348205
54355.34494908046
54438.54385115508
54430.49567476303
54409.19348735855
54405.613103210344
54506.019814743275
54598.655115775364
54676.60425213575
54617.0907993066
54534.282883967186
54463.2199465667
54540.62433736343
54630.683079741626
54687.70344299518
54609.339157798
54534.31583228756
54470.17643527675
54510.32725849459
54555.057898245555
54619.11382617807
54595.944567285245
54581.28476126983
54550.99646861976
54629.20479843381
54718.77810222505
54792.93598518677
54703.549388544365
54601.247050312115
54485.96966351331
54495.26328641581
54501.70797788258
54500.45594170805
54240.809997767756
54086.18572676848
53927.74384371426
54030.56017574437
54002.9560729281
53965.476260215924
53812.703684822256
53645.42725879631
53536.449590854754
53536.003690252255
53612.85894237584
53680.495254456415
53649.323946820106
53613.11593927478
53611.8792789831
53754.09301597159
53884.56177502116
53984.78397595994
53982.91251136223
53951.1020063105
53992.01723056117
54130.553934995114
54318.83162043282
54437.23690111325
54466.44229230009
54465.2627424304
54492.99644197351
54636.82684321558
54795.903530575866
54931.3738446596
54961.2338091447
54976.460326270695
55022.98115809574
55177.124383617425
55346.85436123462
55475.77674578093
55503.782818105865
55535.327540039725
55619.545643491474
55755.160930184764
55910.99769937409
56031.92242828638
56072.74979034939
56103.70363907118
56165.18959801388
56331.69283678829
56516.07163764742
56626.874642538256
56684.698944809126
56690.983287783376
56775.120118711515
56910.032507903416
57076.353432638396
57171.33465408171
57199.95356516574
57214.481577899634
57262.90682264269
57400.810919325195
57524.76250060316
57675.97771872018
57689.38329200639
57682.04899588929
57665.30685602573
57750.46069177633
57872.65722585537
57951.45203577221
57959.19049795265
57910.626870263884
57907.04428956099
57965.755999927496
58081.52321842264
58096.71019756418
58043.27461156822
57899.90768336621
57711.785953311635
57615.15731584923
57490.610468249586
57325.66897986139
56742.463940103225
56154.703245913515
55811.26533013167
55690.45701861818
55214.50535136831
54545.065770950954
54225.366021727124
54428.97785547079
54654.590381010996
54552.22873580206
54301.57329021664
54006.69460901414
53654.57810564372
52802.910151410964
51479.25531114769
49759.94605696071
47750.12487229926
45794.519050549476
44301.80637840469
44091.8904326946
44811.50151883534
45663.35398366236
46700.84607174181
47426.475717739006
48132.74273412497
48448.05157051903
48664.67579425889
49701.54625736037
50529.46066915236
51212.58478530182
51772.86438373802
52195.25526137443
52848.91259632867
53070.99745503328
53540.01240256531
54135.19525505981
54660.77368246941
54935.9273025364
55152.011173822066
55406.547931548404
55777.1989634112
55993.95498043252
56097.75317241013
56137.08907383718
56296.60067902647
56420.383125593224
56635.32259188427
56722.993679312094
56691.10190173676
56568.58247411798
56566.372740097686
56629.10194899613
56784.35004152796
56825.72434570932
56777.413321810156
56689.483040928644
56660.14585646027
56607.57790956771
56724.080973884695
56784.279751777765
56785.74485375742
56574.51536834146
56520.5570023288
56545.083732021354
56685.779649717675
56619.1098217015
56555.80511547375
56342.07814737278
56252.979299395076
56211.734591940556
56281.3785550099
56216.95580244379
56129.85362268123
55901.835869753115
55816.22515062655
55779.84141870577
55928.32851589517
55894.391745901434
55821.51445432523
55579.59251019594
55512.43065392874
55452.49985570822
55530.32818156042
55449.27311686546
55378.92845284931
55196.52215810382
55163.28608905689
55109.742871881
55152.360426018095
55074.11475477431
54933.37490598412
54740.020982652844
54655.91929659976
54611.16449474718
54648.993559655406
54553.496147859434
54474.36526507468
54266.52506354867
54175.20989188656
54067.08448716544
54089.75512814313
53979.039985439966
53903.25884856077
53680.38103361239
53625.45398698058
53518.45102170726
53610.750249871344
53565.123415806
53555.59476155145
53361.06348490529
53344.005041166034
53316.363596920004
53426.62844591127
53377.17301701749
53334.9486461703
53165.85786596854
53125.70923930541
53092.958608845445
53162.09956089029
53091.30021005287
53020.85450452089
52848.68854775007
52786.510674079334
52728.35029894056
52814.576053380966
52782.653524039924
52736.07118868347
52550.50844484522
52512.872676749896
52452.72222306003
52543.86167034676
52456.2015656924
52422.983069083035
52197.82083725472
52164.674826950184
52088.276458202476
52196.59515973652
52120.16164611373
52081.97893590008
51854.20280398822
51831.997832605266
51716.197665789885
51822.22316422521
51699.196332472646
51668.33254249324
51400.80096720813
51339.63131214113
51188.767542774825
51243.87690344621
51095.587496179076
51019.96451123769
50745.41494371104
50637.18190780997
50468.68200082039
50487.41861234442
50338.56688707614
50207.228292368476
49892.53009817885
49779.18787606398
49614.34083952745
49603.86766675528
49392.66453999558
49238.563049013006
48903.64776543665
48715.89944967976
48497.632203030116
48448.82036466114
48235.93467700735
48023.147834314754
47629.36488498888
47413.333731015846
47124.260543864686
47021.38490485779
46668.675331720464
46382.57847617732
45829.622191084745
45430.653176130574
44850.679268324515
44378.275036902516
43572.00108193776
42712.91536250949
41446.71580332868
40237.923201027246
38751.77603085741
37276.64458246863
35363.412497285106
33369.86338978313
31080.46692045948
28935.21935280817
26742.36805186859
24800.284220803762
22787.02982115853
20987.717651974053
19185.323716556482
17728.096385463465
16388.441840822466
15353.376945677883
14338.678505638934
13461.106581921556
12578.359575349494
11848.844224101844
11196.203893970096
10663.952333405736
10123.16276475298
9628.013209493714
9130.192643728793
8723.269904234447
8363.408349019423
8077.594849031492
7779.247807970144
7496.070173612785
7205.958016092314
6969.505493146382
6755.1393276300305
6589.820031834705
6406.57465319675
6236.866641126512
6049.636712276976
5902.6454688329495
5765.898956473116
5670.746403763849
5552.578350990226
5451.883890792669
5326.412293667648
5232.63039108628
5144.383806329132
5090.019077698414
5018.833133235199
4953.5054001359495
4866.137437255659
4783.008824931225
