17703.52792123172
18091.31647280274
18457.526071078075
18774.0408159982
19151.637353797643
19404.680454333382
19714.658252489666
19976.557861544155
20400.26447544122
20793.816786524447
21303.276895603074
21755.31027881011
22429.810721238155
23295.780443071577
24604.716170342843
25957.864150457714
27314.807777080623
28345.67725276317
29290.441784513416
30042.893559856497
30806.872854223984
31421.837878275983
32011.850041025154
32373.490805540812
32731.61708254903
33001.67030262079
33372.72989365638
33689.5257975771
34019.81733352639
34222.88442170632
34441.97757292019
34635.274385829434
34978.56952555625
35280.39371269527
35621.50987016748
35737.69882716347
35955.597052624806
36127.31491223836
36517.352735814144
36842.23196100198
37217.36835754621
37435.477452258
37646.97931045578
37850.11668838586
38214.49875315732
38596.874993966885
38965.54473349743
39195.60308573451
39438.03243399778
39686.08496227296
40077.669160352016
40444.15991762795
40806.3630001448
41047.94887140628
41299.02385893785
41556.916952233856
41922.49394275786
42285.18905352575
42663.41819907653
42911.75188635231
43160.85876087971
43380.02220184371
43696.25578776324
44022.119069453154
44329.074408353044
44543.598725807235
44710.185433659935
44863.13592998375
45097.552246730054
45333.93667648052
45555.13852019885
45644.6173721383
45703.731052013456
45786.18092893801
45954.38430104413
46155.27240696945
46323.12433032483
46399.03726048555
46452.808919349394
46554.869636565476
46737.833856202844
46930.146612610006
47077.33334942163
47120.842704763745
47112.61880399633
47145.654986566275
47253.76062229515
47405.51619286645
47472.36174525798
47450.57192271185
47365.38074553149
47315.40473317568
47372.26914104607
47471.86971700694
47555.725388934465
47553.19495792912
47563.73842045144
47618.35355631707
47782.40983316441
47945.90379201056
48087.25647955982
48134.35061215953
48167.66795373007
48214.69179657963
48380.99734543174
48567.335473076244
48741.44318419486
48795.28513280885
48880.68717923967
48948.51678813328
49144.906350049074
49311.352478401466
49526.29853435655
49608.888990781415
49714.88593400583
49799.58508293515
50034.9151664334
50278.047412198146
50523.288350467374
50660.14249400711
50792.568383287486
50947.205833614884
51183.449683865045
51462.9920202069
51722.85322650706
51894.781955371065
52021.86582364014
52187.046736489865
52440.089837025596
52741.84373441447
52990.31800119054
53182.41988834725
53295.7972553373
53450.71586466528
53699.4010006918
54032.50412664704
54294.82547420243
54468.019418569114
54595.59531508922
54815.742812555305
55149.61912576219
55500.08382000418
55831.4297022057
55999.91423331242
56080.32570748266
56211.48638126036
56497.84682336663
56908.971571987066
57224.29139115466
57411.89473430186
57490.90041346912
57641.531348038036
57856.96943224416
58144.73566935342
58359.33027655775
58511.99961388099
58630.789291632485
58813.6832215197
59048.45098701675
59309.29624981901
59482.63077368599
59568.59513811799
59588.20597840951
59691.11017262738
59847.083128207596
60078.3364061972
60201.27317920749
60282.66870987982
60229.67023826761
60290.47087214633
60349.86571102209
60520.248065382824
60556.44728670947
60605.509532313336
60545.200926685655
60592.6465080361
60642.76309989221
60784.25636694179
60813.00487475265
60795.85417571634
60653.72830091543
60608.53199156974
60629.61891661439
60765.77016265263
60783.55346944029
60752.41511012436
60618.86458484161
60599.11316504979
60589.83491803015
60672.35508470487
60684.44492173046
60708.41372653121
60654.923226667954
60666.45074569236
60697.378235757846
60833.95122029699
60866.63595411619
60818.557765014404
60662.514519684024
60573.31682674519
60519.40458838104
60564.31973872613
60506.82272310441
60267.20496484708
60049.3770291359
59912.45259584601
59967.770629213126
59955.32934343679
59866.483099248675
59744.46009299033
59525.78868027736
59450.578647618124
59397.01785800474
59509.2705889924
59531.90388854031
59530.498093537346
59456.83443538138
59495.70466721367
59599.24146918288
59762.173110027834
59817.20998439435
59857.55630097978
59794.15494634555
59876.04250526892
59978.665540486196
60210.48113647699
60294.26651865438
60366.45409205722
60324.491111218376
60398.084479624195
60511.46184661423
60710.87386778641
60805.975899737765
60878.1634731406
60853.63235033866
60943.743810029446
61059.01900027351
61277.54983348618
61368.50477017873
61433.45249931625
61421.854690541695
61548.79797931045
61649.87464002445
61853.50404620558
61935.60247437939
62024.448718567495
62023.88640056631
62147.244912077476
62272.57153659282
62505.72263783645
62564.76602796146
62671.465868687366
62636.742732113846
62773.66716540374
62871.088759109996
63083.71525331017
63143.039802435764
63219.02302234664
63204.12159531509
63292.8272600029
63397.066959473595
63551.56383030069
63672.25133130621
63716.39329439966
63670.84553630324
63690.31579709446
63752.31135672572
63920.30385958139
63959.455250414285
63994.108097237644
63909.26836880802
63947.43570313883
63975.903051949106
64122.80862976013
64095.32533745194
64082.18115417411
63915.80531557186
63775.01494602378
63648.6339752562
63577.00871985456
63393.06044371511
62893.23003040688
62249.657078044314
61936.44595138118
61755.59042424827
61386.42865646669
60610.14865582316
60313.7367794456
60327.44328072461
60671.230448702474
60447.0764354779
60267.13467509693
59788.88321508439
59416.13667004521
58429.05770870537
57075.628569589906
55215.76178065222
53173.21193107776
51075.48462763648
49486.16308702158
49103.294817960974
49810.479994208225
50661.54828901009
51747.38434930902
52511.3636436765
53279.84148205351
53672.62060588509
53949.070193220396
54958.00926685651
55877.750647553774
56554.28949273614
57201.93925060734
57625.57557475425
58325.23974773558
58590.72413404766
59086.54803159742
59666.93049857619
60236.5586337822
60497.474186334606
60769.84696816127
61009.18356741799
61426.14236530077
61631.88046398636
61768.03171002461
61770.98387953087
61967.30315169651
62060.0153321428
62302.163521405484
62359.8011165275
62387.0032498351
62223.7201602394
62286.41861737214
62301.952652155036
62509.94002284538
62500.732065575874
62486.955274546715
62340.33085573628
62318.89248194089
62239.11361552199
62389.46339109031
62426.857538169475
62453.145904725134
62196.72889618224
62174.86878388596
62150.68910983478
62321.28233344596
62210.43539746128
62176.3448686391
61928.011181363334
61866.85909873386
61776.044741541584
61869.74097848996
61756.36361149992
61703.15427063726
61434.50684556848
61368.083031677845
61266.30347346236
61436.54524832279
61356.55551265345
61320.21571182651
61033.0820824686
60987.11258587127
60876.68738838748
60973.546664092544
60854.827276091186
60804.921553485525
60580.20522225976
60569.73204948759
60490.234342069285
60559.610325466165
60444.12426597165
60318.446192705575
60084.521904210305
60029.203870843194
59935.85908264556
59987.873497755696
59844.69327670254
59778.19917306176
59527.40534453079
59460.98153064016
59336.6389626269
59387.31787248419
59230.85288865294
59170.40370352496
58899.577296201554
58869.77444213846
58724.90726708175
58847.35201184099
58768.48691217401
58782.75573145423
58558.74229772994
58564.64663674245
58504.478610615064
58635.70957414291
58562.25678523738
58549.67491996075
58351.03608604019
58320.03830622456
58235.057998294644
58302.11441993661
58197.94501021606
58153.9436266229
57972.03375323777
57941.03597342214
57862.31145325547
57968.30839647989
57905.258490596396
57871.09767202407
57645.88931254726
57617.91399198803
57536.167012564954
57646.24076129801
57528.29456054829
57498.210547484596
57255.71090947118
57241.863828691865
57146.550927490076
57272.229000756146
57161.10090577087
57127.783564200334
56865.5325063951
56863.70497289123
56726.218221600146
56843.74268384897
56693.53348778095
56678.0697427482
56389.31944913687
56343.49053203984
56171.983541676724
56230.04287529966
56054.03734092702
55993.44757629873
55699.63642067667
55612.125681741396
55408.84772431102
55444.06288913558
55264.05083900446
55151.09521051531
54801.825442025845
54694.70386279905
54494.09691587432
54491.63677461911
54245.411779847804
54098.64678153708
53744.3161510369
53579.83813568866
53340.571826182095
53292.001608829254
53051.04834531911
52845.02908763293
52427.43768199882
52212.42133629359
51889.931962610804
51789.06617114726
51400.01240407355
51107.46646395419
50503.185481924804
50091.63899480348
49462.123992470675
48973.469649436105
48106.3752916003
47210.46213620348
45854.43227633252
44579.23562913268
42979.08946699487
41409.308476921346
39335.54997828081
37191.290860241
34692.209083449976
32355.21547050212
29920.237945846806
27778.579548562513
25530.9242080538
23536.522837331275
21482.304889232106
19793.17190340589
18193.939508020016
16974.3420531879
15800.573515452807
14817.360490371158
13821.143861511977
13012.600865550141
12278.354135495601
11687.709364995093
11074.290715446368
10526.241533536047
9969.546712357418
9520.46549865663
9114.261032546618
8796.340492623518
8458.31708415786
8144.965377994435
7815.376739546632
7555.2343742458615
7310.626043727979
7128.2241420918
6921.291117653684
6734.320382257832
6523.662001061828
6356.723844458388
6203.281319883521
6098.9010409125285
5967.107759383497
5852.816625641521
5708.722637836447
5603.569171613817
5505.163521405474
5445.136074778384
5365.21662885918
5291.974709204112
5194.974853998745
5103.668468555433
