17708.799652492882
18093.21429605676
18460.89997908522
18780.648052512188
19160.493862316394
19409.319577843202
19715.712598741895
19979.29916179996
20408.839824959377
20803.72764129543
21305.947906108726
21757.77042006532
22435.152742249466
23306.88622359509
24619.055279373202
25974.171372492234
27337.651945878984
28364.093167302155
29301.899013787668
30045.213121611403
30809.54386472964
31429.85090979295
32017.9652492881
32381.22267805718
32737.029393310495
33016.57172965233
33383.48422542916
33699.36636259794
34024.10500828547
34237.22353073668
34462.1507312129
34658.75116237914
34994.384719339745
35297.82557073217
35640.6989719581
35762.08937046512
35976.473108419006
36148.89386553405
36531.62155509436
36854.813826278616
37221.234293804395
37438.92165001529
37648.033656708016
37853.35001689271
38219.84077416864
38601.443827726565
38972.081680261275
39198.76612449121
39446.256334765196
39689.24800102965
40084.276396866
40447.604115385235
40819.08544492174
41061.30392393456
41314.979632221635
41569.99084576154
41946.11129880786
42311.54770983156
42689.70656563219
42926.16128513281
43172.24570040382
43387.472915359496
43704.12823977991
44037.51252473574
44347.20916389144
44560.18710684235
44717.49556767541
44880.98952652155
45116.88192802098
45359.451855784544
45568.282703476674
45666.618063934875
45719.0542175459
45802.13670222179
45964.99805331661
46172.63397525621
46343.15690911724
46421.319111282726
46472.49004939106
46574.62105635729
46754.28165773766
46952.00672490629
47097.0144794633
47139.39919880303
47128.01225927892
47160.13467509693
47266.061328571195
47414.93501938639
47479.60158952331
47463.08349823833
47380.42275206332
47335.71847096868
47388.78723233104
47488.17693904146
47575.055070225404
47575.75796772689
47584.05215824445
47643.376707370044
47810.38515372364
47979.43200283154
48112.5607896134
48160.56868896503
48190.441832778284
48247.09537139824
48408.41034798976
48592.78036263012
48760.421416735044
48810.748877841594
48894.95599851988
48963.69937416542
49165.50124684267
49332.861141947
49541.1999613881
49627.3049053204
49733.79387679586
49826.64663674244
50056.63469922936
50297.166224238616
50539.173834001005
50672.23233103271
50805.290828064426
50967.44928165775
51208.543124668184
51490.264443264634
51746.962610808114
51917.06380616825
52043.72593593642
52199.55831201634
52458.29488231414
52762.93065945911
53019.0665090014
53205.33434689577
53322.50736039385
53474.47380021559
53725.75965699761
54046.63236642695
54311.97617323874
54479.05490934247
54613.027173126124
54827.05946232926
55170.14373280564
55522.8576990524
55857.29633026046
56024.44535611436
56092.766993259
56209.44797850605
56497.3547951156
56926.12227102338
57257.32757372459
57444.579468121054
57517.04820052449
57661.21247807971
57873.06578502824
58160.19941438615
58384.283137860584
58533.29740817607
58653.63346043084
58835.26217481538
59071.78718406616
59335.72519587496
59502.17132422736
59595.72698167545
59617.79796322217
59722.951429444794
59877.09685152115
60102.72694949885
60227.7724150136
60304.17737342536
60248.999919558526
60314.228807696636
60378.754798333255
60550.82410669755
60592.85737728656
60632.360216870184
60574.230593497115
60607.75880431811
60667.434802194446
60805.83532023747
60838.16860530593
60812.442556751455
60669.12175619802
60632.28992712003
60663.92031468701
60798.73605547244
60804.92155348553
60767.59769615651
60641.07614588865
60623.57399810159
60611.83560982673
60696.675338256355
60709.74923178403
60740.32527309877
60680.08695722123
60693.30143024921
60721.83906880962
60858.34176359863
60887.2308509098
60834.37295879788
60670.66813070129
60580.697250510806
60525.590086394135
60574.16030374697
60521.09154238461
60282.31726112907
60065.05164341909
59932.83662338916
59990.755377511785
59989.98219026015
59898.3243560661
59780.940473317576
59555.169795839574
59477.499621925126
59426.1881043165
59540.47923805847
59558.54370384671
59557.13790884373
59488.46482294835
59528.17853178243
59620.67984297827
59773.841208552534
59832.53314992681
59883.63379828499
59819.24838714867
59901.13594607205
59997.643773026364
60236.980372283106
60317.95416445453
60392.601879112575
60342.55557700662
60422.404733175674
60529.315443152016
60741.028170600264
60839.2932413083
60920.68877198063
60897.49315443152
60981.137957108615
61090.29793908973
61309.10993130299
61399.151101243624
61469.440851392435
61459.951735122355
61596.17327091075
61691.27530286211
61884.99385427226
61960.55533568223
62055.72765738372
62057.20374213685
62174.587624885375
62305.60771916277
62537.985633154756
62597.45076178066
62693.115111733205
62657.19704940715
62795.52727770002
62897.09596666507
63115.90795887833
63174.10787200154
63255.15195392313
63227.317212864196
63327.40981707611
63425.60459803402
63599.71230915264
63713.370835143265
63766.22872725519
63703.74113937289
63730.17008542884
63780.00551828436
63954.25380890327
63980.54217545892
64015.33560178258
63924.80240359091
63968.66320768377
63996.70881799315
64148.5346783146
64117.95863699986
64110.99995173512
63932.18282735653
63791.4627475586
63646.73615200219
63578.344225107394
63380.40828868832
62860.12355808678
62184.006451405316
61859.68954421868
61669.48548031598
61282.32953649629
60482.08073105201
60187.91812667922
60229.67023826761
60575.355229499495
60350.70918802387
60164.65221937996
59710.29927441801
59360.3968981772
58384.77516611163
57036.406889006874
55169.79228405489
53099.2671139212
50967.94130990878
49354.36980549255
48986.82470196438
49717.48665476133
50596.389690622134
51702.82064771466
52478.11659185611
53250.39007674117
53630.30617629551
53881.94348182828
54898.47384848047
55817.93407017714
56506.1410138842
57155.05598725807
57577.07564715157
58290.376031661755
58545.17637595121
59047.326351014366
59633.89431600624
60217.36953199157
60489.390865067486
60766.12161140338
61002.64662065415
61424.806860047946
61630.82611773413
61779.559229049024
61785.604147561826
61984.31327123253
62068.239232910215
62311.86350692601
62374.28080505816
62406.12206187557
62244.80708528403
62304.34250366009
62320.930884695204
62533.83853789597
62525.54434737842
62509.65886384478
62350.17142075713
62335.76202197662
62244.52592628345
62398.038740608456
62430.23144617662
62472.897324516955
62214.16075421916
62190.82455716975
62164.114452113194
62345.883745998035
62234.75565101276
62200.73541194073
61950.43361166079
61895.39673729427
61799.59180784144
61891.1090625352
61769.57808452789
61719.11004392104
61445.89378509258
61382.77358945896
61288.51503450939
61463.677091880236
61385.51488971475
61342.77872162428
61055.08277426517
61006.793715912936
60894.89243367602
60992.87634538347
60877.95260389015
60838.73092330711
60604.4551860611
60595.24722879162
60500.777804591606
60577.955950255004
60451.22353073669
60324.983139469405
60087.895812217444
60040.59081036729
59960.741654198246
60021.612577827116
59878.57293627428
59813.83607638721
59560.58210660103
59493.87713370981
59371.50267870072
59420.564924304585
59263.95936097303
59197.46525733223
58937.25260228132
58905.903373714944
58752.24997988964
58870.75849864055
58791.331080972384
58816.1433627749
58581.656756278455
58583.906028283214
58515.09236288754
58652.93056292936
58582.21907427965
58570.902424505686
58369.873739080074
58347.17014978201
58264.15795485626
58335.994079508346
58229.083369531996
58194.99284070981
58011.11485432051
57970.3467992342
57880.867947294755
57984.75619801471
57926.97802339238
57887.756342809334
57666.06247083998
57645.32699454607
57566.7430538797
57671.68565085187
57549.522065093224
57523.37427803787
57277.57102176747
57270.26088775199
57175.72117380183
57297.53331080972
57172.62842479528
57140.64658847757
56874.459304664
56878.95784867352
56739.36240487797
56870.80423765626
56719.25953633542
56707.31027881012
56415.115787441486
56371.60643209936
56201.08349823833
56264.13340412183
56081.45034348505
56020.790289106626
55727.68203098604
55643.12346155702
55438.369419373535
55467.89111443603
55291.955869813544
55174.22053831428
54834.72104509548
54726.12338111556
54529.03092169828
54515.605579419855
54274.86318516016
54120.08515533246
53774.04871534985
53602.96346348763
53366.01671573596
53313.36969287451
53066.230931351274
52866.67833067878
52440.86302427724
52231.469858583914
51900.47542513313
51808.81759093908
51419.27179561433
51131.78671750568
50522.65574271604
50112.093312096804
49479.5558505076
49001.44496999533
48128.446273147034
47236.539633508706
45871.51268561868
44600.533423427776
42993.85031452612
41421.187444696494
39343.77387904822
37196.422012001865
34693.61487845295
32357.88648100777
29920.58939459755
27772.11289154882
25517.28799652493
23529.91560081729
21483.991843235683
19801.25522467301
18199.98442653281
16973.21741718551
15800.643805202953
14812.651077111186
13824.236610518527
13008.805219042106
12278.213555995302
11685.389803240183
11078.367520955004
10526.874141287386
9967.71917885355
9515.404636645913
9109.129880785753
8791.068761362358
8455.013465900864
8142.856685489969
7816.149926798269
7551.368437987677
7309.220248725003
7124.428495583764
6919.885322650708
6730.595025499943
6519.655485303346
6353.349936451245
6196.955242370128
6091.872065897646
5960.008494618466
5849.723876634973
5708.7929275865945
5604.412648615603
5505.022941905176
5443.238251524366
5360.577505349357
5288.249352446225
5190.616889489519
5098.396737294272
