17918.825425937546
18323.06177904339
18701.853242595364
19030.03608604019
19410.022475344693
19667.564119889958
19979.088292549513
20253.64005663079
20685.00825329408
21085.167800891293
21595.68225622215
22062.75764596103
22747.87184066155
23627.68864327429
24948.995366571748
26322.738243480224
27705.899946908638
28750.6165033705
29708.244059397974
30470.2552407613
31245.059156651707
31868.880689222453
32461.56386247728
32832.83432276332
33188.35987901604
33471.90873111637
33841.1407886481
34169.60479109352
34501.09125279534
34714.20977524656
34939.27755522307
35132.012050131125
35473.47965635408
35780.85673375485
36127.385201988516
36251.86834950207
36472.57816496935
36646.54529658767
37033.7715301575
37358.29930659459
37729.14802837975
37954.707836607304
38163.468394549294
38376.09488874946
38737.87623276542
39127.9140563412
39497.638142123986
39734.0928616246
39984.886690155574
40242.35804495069
40640.33861029329
41007.46197532056
41371.070852840385
41622.28641987226
41872.4476406519
42140.46245796933
42507.09379474556
42883.28453754203
43262.00571134385
43512.30751162379
43754.877439387354
43977.41478835852
44296.389674533835
44636.17032675323
44936.16698038838
45156.59563685506
45315.45047219139
45487.30891130525
45714.97741203726
45957.40676030053
46167.432533745196
46268.29832520875
46326.07649983107
46416.46911852246
46575.956561610124
46784.4359605515
46952.28788390688
47048.23339286002
47104.60577247937
47212.781697958395
47388.646652830736
47586.160850748915
47730.46570780443
47772.85042714417
47759.42508486574
47791.26634168316
47898.24734140965
48055.344932992266
48125.072365139895
48106.72674035104
48016.26383190952
47968.67767105877
48014.7877471564
48114.45861286742
48189.38748652605
48194.799797287524
48203.79688530656
48273.38373795388
48439.54870730569
48618.29554193414
48761.89750148816
48818.83219910871
48841.60607815693
48890.31687501006
49043.407950834175
49236.35331499268
49403.92407934746
49461.84283347009
49544.2224206445
49615.777386295995
49815.18940746819
49979.80800231672
50186.24899850379
50287.18507971749
50400.77331595798
50494.8210016571
50713.77357337066
50951.91524687485
51187.03446112265
51322.90454816032
51451.745660183085
51620.230191289804
51866.24431681066
52156.89243367602
52407.2645237061
52568.50921054749
52691.72714255837
52860.98486091672
53118.667084962275
53429.839808871075
53680.8445066525
53875.125376063836
53979.716524285286
54138.290200621006
54387.11591614783
54709.324130830006
54954.98680760011
55122.97931045578
55252.382740479756
55481.73819521535
55818.49638817834
56174.37339318179
56516.68447640652
56694.09580578213
56771.76597969658
56886.760010940045
57162.92843927474
57586.635053171805
57913.06065286291
58106.8494940232
58180.302282928715
58330.58176874689
58541.31043969304
58831.18536930676
59044.93649950931
59201.75293209132
59319.48826359059
59514.40174075327
59744.46009299033
60006.57057129528
60165.98772463279
60261.300625834585
60282.38755087923
60386.41638109947
60534.798043663635
60769.00349115949
60887.58229966054
60961.45682706695
60884.770709654586
60948.52351303955
61013.33066267677
61195.3811155622
61229.0499058835
61274.457084479625
61208.45500908989
61256.67377769197
61305.17370529465
61450.32203935195
61474.923451904055
61455.59377061313
61301.659217787215
61263.28101420597
61281.2049004939
61429.30540405747
61436.264089322205
61404.00109400391
61264.405650208355
61244.302781665785
61233.89989864376
61332.09467960164
61345.37944237978
61376.588091445854
61301.23747928633
61310.30485705552
61331.04033334943
61473.72852615153
61496.2915359493
61449.68943160062
61284.36793925061
61207.04921408691
61152.223208970834
61192.7803948067
61125.65368341459
60878.866370642085
60662.725388934465
60530.86181765529
60581.32985826214
60588.85086152807
60500.98867384205
60388.384494103644
60149.25876409737
60078.54727544766
60014.232154061494
60129.36676480525
60128.382708303165
60135.20081406761
60049.44731888605
60086.70088646492
60179.061618160464
60345.15629776212
60396.186656370155
60438.079347458865
60363.00989429991
60464.50829351481
60566.287851730296
60818.13602651351
60890.81562816738
60973.26550509195
60922.9380439854
60997.02344064225
61096.20227810223
61301.58892803708
61402.735878501226
61486.240101678006
61464.87201763277
61555.33492607429
61660.83984104767
61872.552568495914
61960.62562543238
62032.04001158357
62019.52843605709
62155.82026159565
62257.17808131024
62466.290088002956
62534.04940714643
62624.65289508825
62619.45145357723
62746.957060347195
62870.52644110881
63109.16014286404
63164.33759673086
63274.34105571377
63231.95633637402
63376.682931930445
63465.5994658687
63683.07595282913
63727.42878517304
63811.003298099975
63779.372910533006
63882.62855350162
63975.76247244879
64151.41655807069
64260.15480155091
64310.76342165807
64247.080908023236
64269.08159981982
64314.84022716669
64491.33778979038
64519.87542835079
64567.81303795227
64469.26680824364
64508.277619576234
64528.591357369245
64681.89330244382
64656.6592821404
64652.9339253825
64477.91244751195
64334.38077770806
64177.35347587561
64095.39562720209
63878.05971974195
63343.7873288608
62651.78473864569
62320.860594945065
62120.46451727079
61720.58612867418
60900.234454687336
60601.08127805396
60645.15295139727
61016.98572968451
60799.36866322378
60622.02762359831
60157.41237511463
59804.83898836817
58815.86220377431
57457.231623147825
55571.56849590553
53484.52523448687
51321.77991215792
49695.6968322152
49323.372025676916
50084.469440288296
50960.35001689271
52074.5128465016
52834.555914860764
53605.91563299388
53972.47668001995
54219.7560210435
55248.165355470825
56183.30019145069
56870.80423765626
57538.20541531927
57967.46491947811
58691.16818701031
58928.88812201362
59431.9518638287
60031.87488134886
60640.302958637
60912.67574046367
61193.061553807296
61426.35323455123
61857.22940296346
62056.8522933861
62207.483227955025
62206.07743295204
62414.13509339254
62486.67411554613
62736.9056260759
62785.75700242934
62817.8091284972
62633.7905626076
62690.022362726646
62693.88829898483
62916.987965957174
62901.17277217369
62900.96190292324
62749.48749135254
62747.167929597636
62641.38185562366
62796.7924932027
62832.85113502904
62879.453239377704
62612.492768312506
62584.02541950223
62557.455893945975
62737.397654326945
62614.39059156652
62574.11456473125
62305.74829866307
62254.15562205383
62154.13330759207
62259.91938156603
62142.46520906737
62096.49571247004
61815.75845037566
61752.075936740825
61663.018823302285
61856.03447721093
61773.092572035326
61727.75568318935
61418.340203034255
61380.45402770404
61265.88173496147
61377.853306948535
61249.43393342665
61204.8702318323
60961.175668066346
60954.84959055296
60864.38668211143
60946.83655903599
60819.47153176633
60693.44200974951
60447.779332979386
60399.419984877
60313.80706919575
60380.51204208697
60233.11443602491
60176.74205640556
59925.456199623535
59857.345431729336
59706.36304840967
59742.702849236615
59583.988593400594
59528.67056003347
59269.090512733885
59235.49201216275
59083.66615184131
59192.61526457197
59099.90308412568
59125.48855317986
58895.21933169233
58919.89103399456
58846.93027334009
58986.66629663595
58896.203388194415
58880.03674566018
58678.23487298293
58665.301558955565
58590.79442379781
58668.886336213145
58545.738693952415
58496.88731759897
58287.07241340476
58255.30144633751
58162.167527390324
58278.56735363676
58211.08919349389
58182.12981643258
57951.43885644417
57937.94322441559
57837.569461203086
57949.40045368986
57813.319497401746
57806.43110188716
57544.32062358222
57540.31410782373
57429.88891033994
57563.43943562269
57429.748330839655
57402.68677703235
57131.93065945912
57144.79368373635
56991.98376691281
57115.62343742459
56950.30194507457
56944.538185562364
56641.94081117171
56607.42854384865
56417.08390044564
56494.1917563589
56308.90797496663
56258.650803610224
55957.037485721645
55870.29993403801
55662.6640120984
55691.34223015912
55507.04250526892
55401.467300545395
55046.99609054491
54944.72450407838
54731.53569187701
54727.880624869285
54467.52739031807
54324.55803851538
53970.22740801519
53817.69865019226
53559.31352864521
53513.48461154817
53257.48934150618
53075.08743987002
52641.11852245122
52435.38042376563
52090.89035828628
52001.62237559728
51602.58746400245
51323.53715591165
50712.297488617536
50302.71911450038
49656.264282381715
49177.30992486768
48302.69456376595
47411.4908216291
46031.42186720724
44752.71073249996
43130.071850314525
41550.38000547002
39450.544009524274
37305.511704232835
34796.65965217112
32467.608780990075
30024.477645317504
27873.11926251267
25608.524092218093
23603.508969223098
21546.127982367234
19854.67543478611
18246.516241131332
17020.100680534775
15837.264765030486
14853.137973196905
13857.272793088467
13047.253712373504
12308.508438309442
11715.052077802984
11102.406615505897
10559.137136605694
10001.036520424088
9550.05748346928
9139.56534260019
8817.567997168462
8480.458355454737
8165.279115787442
7840.118731599017
7579.484338047204
7334.173110027834
7151.771208391653
6939.988191193269
6757.867448557685
6543.905449104687
6380.200621008094
6224.016796177423
6120.550283958364
5988.0541049278445
5872.6383351834875
5730.020432131539
5625.499573660248
5525.688128448928
5464.395466319159
5384.265151149509
5313.342793249353
5216.061779043391
5124.544524349631
