2377.7616680341716
2370.310954518397
2369.53776726676
2361.3841562494977
2372.8413855237545
2368.6240005148256
2372.9116752739033
2370.451534018695
2378.7457245362552
2377.4102192834275
2383.8065865469694
2377.550798783725
2384.7906430490534
2380.22180928938
2455.572421448912
2453.8151776951913
2461.195601460817
2386.829045803369
2395.615264571971
2389.9920845600655
2400.535547082388
2389.078317808131
2397.3022185755426
2386.688466303071
2395.8964235725657
2389.429766558875
2402.855108837299
2392.0304873143814
2399.2000418295606
2390.273243560661
2399.7623598307514
2391.6087488134885
2399.7623598307514
2393.0848335666137
2403.9797448396803
2393.014543816465
2396.458741573757
2388.3754203066433
2399.3406213298585
2400.5355470823883
2403.4877165886387
2396.318162073459
2396.9507698247985
2392.6630950657204
2401.871052335216
2402.4333703364064
2409.743504351883
2396.9507698247985
2399.129752079412
2387.95368180575
2393.6471515678045
2399.2000418295606
2410.0246633524785
2400.1840983316447
2389.7812153096193
2375.8638447801536
2387.250784304262
2385.2123815499463
2397.3725083256913
2388.656579307238
2391.116720562447
2380.6435477902733
2385.0015122994996
2383.0333992953324
2391.4681693131906
2385.282671300095
2383.2442685457795
2374.8094985279213
2385.1420917997975
2383.3145582959282
2385.634120050839
2378.253696285213
2384.7906430490534
2382.2602120436964
2388.1645510561966
2383.876876297119
2390.8355615618516
2379.1674630371476
2382.119632543398
2373.8254420258377
2384.579773798607
2383.2442685457795
2391.046430812298
2382.119632543399
2385.423250800393
2382.1196325433984
2392.4522258152742
2386.3370175523273
2399.481200830156
2387.602233055006
2389.500056309024
2372.7008060234566
2384.860932799202
2382.260212043696
2392.73338481587
2384.228325047863
2388.797158807536
2376.9884807825347
2388.5159998069407
2385.985568801583
2396.669610824203
2389.008028057982
2395.123236320929
2389.9920845600655
2395.193526071078
2391.3978795630424
2399.4109110800073
2391.819618063935
2396.9507698247985
2388.8674485576844
2400.4652573322396
2393.787731068102
2403.41742683849
2395.263815821227
2399.762359830751
2392.592805315572
2402.292790836109
2399.7623598307514
2407.494232347121
2394.49062856959
2399.6920700806027
2390.484112811108
2404.6123525910198
2399.902939331049
2412.555094357836
2401.238444583876
2410.6572711038175
2400.324677831942
2411.571037855753
2402.0116318355135
2410.5869813536688
2403.41742683849
2410.4464018533713
2400.4652573322396
2406.6507553453353
2403.628296088936
2414.10146886111
2402.0116318355135
2401.660183084769
2396.810190324501
2411.008719854562
2410.1652428527764
2419.935518123462
2410.727560853967
2415.7181331145325
2405.526119342954
2417.7565358688485
2411.5007481056036
2416.4913203661695
2402.2927908361085
2408.6891580996507
2399.621780330454
2412.555094357836
2412.9065431085796
2428.93260614251
2417.6159563685505
2418.7405923709316
2402.644239586853
2413.1877021091755
2406.1587270942937
2414.9449458628956
2404.2609038402757
2405.1043808420613
2394.7717875701856
2402.7848190871505
2399.692070080602
2410.0246633524785
2399.481200830156
2401.02757533343
2390.9058513120003
2391.53845906334
2388.726869057387
2387.180494554113
2380.7138375404215
2382.2602120436964
2379.800070788487
2385.212381549946
2381.6978940425056
2385.4935405505416
2383.384848046077
2385.142091799797
2378.3942757855107
2386.9696253036664
2381.346445291761
2393.0848335666137
2382.4710812941426
2384.0174557974165
2371.3653007706293
2379.6594912881897
2378.3239860353624
2388.797158807536
2377.26963978313
2379.940650288785
2371.084141770034
2383.0333992953333
2381.7681837926543
2388.937738307834
2381.205865791464
2383.9471660472673
2377.129060282832
2379.870360538636
2377.550798783725
2388.0239715558987
2380.4326785398266
2379.7297810383384
2369.186318516016
2379.3080425374455
2377.550798783725
2382.963109545184
2378.816014286404
2378.323986035362
2371.6464597712243
2374.87978827807
2378.253696285213
2386.688466303071
2379.097173286999
2381.135576041315
2379.02688353685
2387.1804945541135
2384.087745547565
2387.5319433048567
2382.892819795035
2387.7428125553038
2381.41673504191
2389.14860755828
2384.7906430490534
2390.9058513120003
2381.135576041315
2384.4391942983093
2376.566742281642
2383.103689045482
2381.908763292952
2391.9601975642327
2383.7362967968206
2385.0015122994996
2374.0363112762843
2379.1674630371476
2374.598629277475
2383.455137796226
2380.9247067908686
2384.228325047863
2378.6051450359573
2381.41673504191
2375.020367778368
2382.400791543994
2377.4102192834275
2378.8863040365527
2367.358785012146
2376.4261627813444
2377.199350032981
2384.8609327992017
2377.4805090335763
2380.924706790868
2375.8638447801536
2383.3145582959282
2381.5573145422077
2388.5862895570895
2379.097173286999
2380.9949965410174
2373.052254774201
2380.1515195392317
2380.784127290571
2386.829045803369
2384.439194298309
2384.5797737986068
2381.487024792059
2389.500056309024
2390.9058513120003
2396.388451823608
2388.164551056196
2386.1261483018807
2379.7297810383384
2387.5319433048567
2390.0623743102146
2392.9442540663163
2382.189922293547
2382.4710812941426
2377.5507987837254
2386.126148301881
2379.167463037148
2387.95368180575
2382.0493427932493
2385.0015122994996
2380.0109400389338
2386.8290458033694
2384.4391942983093
2390.624692311405
2382.4710812941426
2383.2442685457795
2370.73269301929
2378.3239860353624
2382.892819795035
2393.1551233167625
2384.2283250478627
2377.1290602828326
2365.8124105088727
2369.0457390157185
2367.710233762891
2371.0841417700344
2363.422559003813
2363.703718004408
2357.026191740271
2360.6812587480094
2359.3457534951817
2368.272551764081
2362.4385025017295
2365.8124105088727
2358.85372524414
2363.9145872548547
2361.595025499944
2366.4450182602122
2366.655887510659
2373.966021526136
2369.326898016314
2371.92761877182
2367.4993645124446
2372.8413855237545
2369.326898016314
2372.208777772415
2369.959505767653
2379.02688353685
2375.8638447801536
2378.394275785511
2368.2725517640815
2367.639944012742
2363.352269253664
2372.8413855237545
2369.959505767653
2376.004424280451
2364.968933507087
2368.9754492655698
2362.157343501134
2371.576170021076
2368.3428415142303
2374.5283395273264
2363.3522692536644
2364.8283540067896
2358.150827742652
2367.4993645124446
2368.131972263784
2372.7008060234566
2363.844297504706
2358.2914072429494
2350.840693727175
2355.7609762375923
2359.3457534951817
2366.937046511254
2360.1892304969674
2354.5660504850625
2347.045047219139
2352.0356194797046
2354.6363402352113
2362.368212751581
2360.540679247712
2356.3232942387826
2348.099393471371
2349.2943192239013
2353.300834982384
2359.2051739948843
2360.540679247712
2362.4385025017295
2360.5406792477115
2362.5087922518783
2359.978361246521
2365.3203822578307
2356.955901990122
2363.071110253069
2353.933442733723
2360.470389497563
2351.965329729556
2361.2435767491993
2354.566050485062
2356.6747429895267
2349.224029473752
2355.9718454880385
2360.681258748009
2366.5855977605097
2360.6109689978603
2353.7928632334256
2344.58490596393
2348.3102627218173
2351.2624322280676
2358.85372524414
2359.9080714963725
2359.697202245926
2350.5595347265794
2352.738516981193
2353.652283733127
2360.400099747414
2354.214601734318
2359.7674919960746
2360.6109689978603
2365.5312515082774
2358.502276493396
2361.8761845005392
2357.5182199913124
2361.1732869990506
2355.90155573789
2361.3841562494977
2364.19574625545
2373.4739932750936
2366.445018260212
2363.8442975047055
2356.1827147384847
2365.8827002590215
2366.093569509468
2368.3428415142303
2362.6493717521757
2364.476905256045
2363.9848770050035
2366.515308010361
2363.7037180044085
2367.358785012147
2363.1414000032178
2364.1957462554496
2360.259520247116
2366.515308010361
2369.116028765867
2374.106601026433
2367.0073362614025
2364.6877745064917
2354.4254709847646
2363.844297504706
2362.157343501134
2372.489936773011
2369.5377672667605
2372.1384880222663
2366.7964670109563
2374.8094985279213
2378.675434786106
2384.0174557974165
2371.435590520778
2371.8573290216714
2365.39067200798
2375.4421062792603
2374.0363112762843
2384.7906430490534
2383.033399295333
2385.0015122994996
2372.630516273308
2382.7522402947375
2381.9790530431005
2396.458741573757
2382.8928197950354
2388.797158807536
2378.6754347861065
2383.595717296523
2380.292099039529
2388.6565793072386
2382.3305017938446
2383.80658654697
2374.0363112762843
2380.5732580401245
2376.3558730311956
2385.9855688015837
2381.135576041315
2380.1515195392312
2369.608057016909
2372.4899367730104
2369.326898016314
2379.2377527872973
2372.771095773606
2373.4037035249453
2362.0167640008367
2369.116028765867
2366.2341490097656
2369.608057016909
2353.441414482681
2347.9588139710736
2339.4537542030666
2350.418955226282
2352.176198980003
2356.112424988336
2348.450842222115
2350.067506475538
2342.82766221021
2344.163167463037
2337.4856411989
2344.866064964526
2335.1660794439886
2334.6037614427983
2324.6226169216666
2337.2044821983045
2330.3160866837206
2336.8530334475604
2322.865373167946
2327.6450761780657
2319.421175410654
2330.386376433869
2327.715365928214
2334.884920443393
2327.5044966777673
2331.651591936548
2326.3798606753867
2324.9740656724102
2322.303055166755
2327.082758176875
2324.271168170922
2326.309570925238
2320.82697041363
2324.692906671815
2322.6545039174994
2324.8334861721128
2323.9197194201784
2327.082758176875
2320.26465241244
2319.772624161398
2316.750164904999
2323.990009170327
2319.2805959103566
2318.226249658124
2318.718277909166
