2348.5562768473346
2341.9951679818832
2342.8144828820555
2333.99311923838
2343.9237430015905
2339.6734096722794
2345.8720870135276
2343.6403874463017
2349.7731681467862
2345.999487185672
2351.0757250792317
2345.788617935226
2353.795059788113
2347.87754144746
2409.9587667117125
2404.4036798952643
2411.002130190485
2345.9665388652897
2356.0838697773347
2350.493638085812
2361.2062353194287
2351.1504079387632
2360.435244622483
2351.135032055919
2356.2068768400945
2347.1438921802815
2359.1788153385737
2351.4008151736693
2359.492922659552
2347.269095797735
2354.1970292967776
2344.343284947791
2351.9477572920146
2346.5815741790916
2358.6582318765345
2349.718254279484
2351.580932658427
2340.4268279316875
2351.5304119005064
2353.867546092954
2359.646681488002
2350.473869093583
2348.3849455813474
2342.9418830541986
2351.927988299785
2352.376085456984
2357.9179929452794
2345.9094284432945
2349.6940921778696
2342.4256927015444
2350.0631133661495
2351.4820876972785
2359.6181262770037
2350.076292694305
2343.8754187983645
2331.97009236691
2341.9885783178065
2339.956765227567
2351.0449733135406
2341.663488223368
2343.3021180237124
2335.317641717746
2339.5943337033614
2338.8672741002597
2344.2686020882575
2338.9727087254837
2338.6586014045065
2331.4648847877156
2342.0764405054924
2339.961158336952
2343.4536802974694
2335.4670074368123
2339.7436994224286
2337.5625206131244
2344.5936921826965
2341.0770081205646
2346.3004151784976
2335.1067724673007
2336.6487538611896
2330.291924582107
2341.9248782317336
2341.5185156136854
2346.9505953673724
2335.9524460237776
2341.044059800182
2336.910143869555
2348.0225140571424
2340.215958681241
2353.6456940690477
2342.230199333944
2344.3630539400215
2327.4342069276204
2337.3560444720615
2333.8415569646218
2342.649741280143
2334.522488919189
2338.5333977870546
2328.071207788344
2337.0375440416997
2333.037617947295
2342.1906613494834
2332.9651316424543
2336.703667728493
2330.0283380190504
2335.9107114846265
2331.341877724955
2339.284619491769
2331.0233772945926
2336.9365025258608
2327.9108592958164
2336.6685228534184
2329.7603583466075
2338.6586014045065
2331.4429192407947
2335.348393483436
2326.2832122689338
2336.519157134353
2333.5076806514166
2343.1000349920346
2330.133772644273
2333.6834050267857
2323.979026396866
2334.048033105682
2329.4176958146313
2338.9331707410256
2331.5944815145526
2340.356538181539
2331.1112394822794
2338.9924777177134
2329.4638234631675
2336.4115259544374
2329.512147666395
2335.6690904684906
2328.600577469152
2334.7816823728617
2331.8932129526843
2339.8183822819615
2328.6225430160725
2327.838372990975
2323.77694336519
2335.499955757194
2334.3994818564274
2342.553092873689
2334.693820185177
2338.9375638504102
2328.3084356950953
2338.6673876232744
2332.185354726741
2337.1122269012326
2324.6357962498196
2330.5115800513204
2322.0284858302375
2333.353921822964
2334.700409849252
2346.7375295622346
2336.233605024373
2335.058448264073
2323.862608998184
2333.2001629945134
2328.6598844458404
2334.9442274200806
2325.4067869467654
2327.8581419832035
2320.5172562020384
2329.411106150553
2325.4858629156824
2336.725633275414
2327.6494692874508
2331.587891850475
2322.6940419019606
2326.2458708391673
2325.2881729933906
2326.076736127872
2321.6484818684976
2325.147593493091
2323.4650325989037
2329.8042894404493
2325.905404861884
2329.441857916246
2325.437538712456
2327.5747864279183
2323.454049825444
2333.755891331628
2328.7850880632927
2337.1297993387707
2325.6637838457477
2327.1728169192547
2318.3075221817376
2325.8307220023503
2324.4556787650636
2332.0887063202845
2323.1069941840833
2326.151418987403
2318.448101682033
2328.3897082187045
2326.375467566004
2333.415425354344
2326.241477729783
2328.943240001127
2323.451853270752
2326.230494956322
2324.952100125491
2335.2583347410596
2328.9278641182814
2329.411106150555
2318.8742332923116
2328.192018296412
2325.7274839318197
2329.0003504231227
2324.143767998779
2323.1750873795413
2316.9610341554485
2318.948916151844
2321.055412101616
2331.5351745378643
2324.025154045403
2324.659958351433
2317.7869387196956
2326.272229495471
2324.0537092564
2328.433639312548
2321.4244332898975
2324.0756748033223
2317.233406937274
2325.641818298825
2320.943387812316
2325.4221628296095
2316.378947162028
2322.100972135079
2316.743575240924
2323.1838735983088
2321.903282212786
2330.9179426693695
2325.408983501457
2324.4381063275264
2314.6524551739985
2319.9791003024625
2316.96323071014
2323.88896765449
2319.5617549109543
2324.367816577379
2323.01034577763
2327.192585911485
2320.6732115851823
2326.8872648092747
2321.828599353252
2324.3348682569954
2314.057188852426
2322.9466456915575
2322.667683245654
2329.9338861672863
2322.8236386287967
2327.4605655839255
2320.666621921105
2326.083325791947
2322.4590105499
2331.3880053734897
2321.7341475014896
2324.071281693938
2312.9808770532727
2320.7017667961804
2319.629848106411
2323.992205725021
2320.7808427650975
2319.926382989852
2316.671088936085
2321.7802751500262
2320.7742531010213
2325.663783845748
2317.7188455242404
2318.731457237322
2313.956147336587
2322.4370450029787
2322.0131099473933
2324.506199522984
2314.162623477649
2315.8693464734497
2310.984208838107
2318.1339943610565
2312.3482693019323
2320.7588772181766
2315.8473809265283
2318.7731917764727
2312.4405245990033
2318.8830195110795
2318.3382739474264
2328.055831905498
2322.7972799724907
2322.568838284507
2309.980383343795
2315.1818248548057
2319.919793325774
2331.0189841852075
2325.215686688547
2320.3305490532043
2310.2747216725425
2316.0055328643625
2315.192807628266
2322.2415516353767
2315.8276119342986
2319.473892723269
2312.857869990512
2315.880329246911
2313.2181049600244
2319.7484620597875
2313.088508233187
2316.4162885917954
2309.143496006086
2314.169213141726
2310.5800427747517
2315.425642425636
2316.0362846300536
2323.2849151141486
2318.9049850580004
2322.052647931852
2317.6858972038585
2322.9795940119407
2314.784248455528
2315.473966628863
2312.8446906623585
2322.62155559712
2322.2393550806855
2323.996598834406
2316.8028822176134
2314.913845182364
2310.283507891311
2319.1180508631383
2315.3795147770984
2321.975768517626
2310.940277744264
2315.8363981530674
2309.8925211561086
2320.023031396305
2317.6353764459373
2325.3364971966153
2315.318011245718
2318.0615080562143
2312.9676977251193
2322.77531442557
2323.511160247441
2328.2008045151806
2321.1937950472216
2318.18890822836
2311.3686059092342
2315.5640253712413
2317.80011804785
2325.9603187291877
2320.714946124332
2318.024166626448
2308.535050356359
2314.0681716258864
2314.9753487137446
2323.7703537011134
2320.374480147049
2316.796292553536
2309.314827272073
2311.258778174627
2313.6068951405355
2319.948348536773
2320.036210724458
2322.909304261792
2317.648555774092
2320.4140181315083
2317.3783795469562
2324.8203068439598
2315.175235190729
2322.166868775843
2313.3323258040155
2321.8351890173294
2314.336151298329
2324.945510461413
2316.225188333576
2317.404738203261
2307.2522624161434
2316.2493504351914
2317.0093583586754
2325.5891009862135
2317.7122558601627
2316.3965195995643
2305.9079709445477
2310.6964601734358
2311.6717304567505
2317.852835360462
2318.8193194250084
2318.76001244832
2310.9183121973433
2313.338915468092
2314.2790408763326
2320.1943626622938
2313.1038841160334
2316.0692329504363
2317.1060067651306
2323.544108567823
2319.0609404411443
2325.20690046978
2320.1108935839907
2322.6720763550384
2315.7639118482266
2322.926876699328
2326.1360431045596
2333.9184363788468
2322.575427948583
2320.2251144279835
2312.249424340787
2323.3266496532992
2322.4106863466727
2325.334300641925
2319.891238114778
2321.340964211596
2320.688587468027
2322.2569275182227
2319.9241864351593
2322.217389533764
2317.3761829922646
2319.313544230741
2315.774894621687
2321.9472133066297
2320.677604694567
2325.1080555086332
2319.2037164961325
2317.6178040083996
2306.8195411417896
2315.4146596521737
2313.6398434609164
2324.7324446562743
2319.2256820430543
2321.2728710161387
2313.890250695822
2320.9346015935466
2322.630341815887
2327.225534231866
2314.3515271811743
2314.3163823061
2308.1418670664643
2317.2839276951936
2316.5810301937054
2323.495784364595
2319.5331996999557
2324.2052715301584
2314.575575759772
2324.844468945574
2319.588113567259
2334.1446815121376
2323.9021469826416
2330.6763216532327
2318.5513397525633
2322.8609800585623
2320.4733251081957
2331.1705464589663
2324.818110289267
2324.853255164342
2313.797995398751
2318.959898925305
2315.7770911763796
2324.40955111653
2320.6644253664135
2320.363497373589
2313.6552193437624
2318.0878667125216
2315.6716565511556
2324.9784587817962
2320.2185247639068
2322.781904089646
2312.2406381220176
2317.45306240649
2315.1862179641907
2321.2948365630614
2311.759592644437
2310.0506730939433
2303.671878267938
2313.8331402738254
2315.998943200286
2321.494723040047
2316.497561115405
2318.966488589382
2314.880896861982
2316.63594406101
2311.214847080783
2318.217463439358
2311.698089113055
2312.040751645031
2302.2880488118835
2314.489910126778
2309.850786616956
2317.5035831644086
2303.138115477746
2309.9408453593355
2301.1128920515825
2314.6173102989233
2312.390003841083
2322.3667552528295
2311.7793616366653
2314.878700307289
2307.2039382129165
2311.4630577609955
2307.81018730795
2315.201593847036
2310.156107719167
2313.6859711094517
2308.1374739570806
2312.277979551784
2310.955653627109
2314.7754622367584
2314.568986095696
2315.555239152472
2307.8057941985653
2305.94091926493
2303.6433230569405
2308.1220980742346
2303.2874811968118
2301.3149750832604
2301.3413337395673
