2633.0057163714514
2621.071834728994
2632.340160299727
2629.172728433645
2639.1626591735485
2620.1888197427493
2628.933303972201
2631.27043816465
2639.8172324718103
2635.0375294616915
2637.7041468579628
2635.997423862161
2639.1165315250146
2638.6794171412766
3175.6403909656215
3173.6876538443
3175.2406180116504
2646.288282594887
2658.4857508003956
2649.233862437055
2666.226409535527
2650.89445778432
2677.870345958619
2658.0134915415824
2667.9287394219496
2659.821256053225
2675.403615039337
2665.1764563926845
2664.436217461429
2646.945052447838
2664.8403835247846
2667.2939351159152
2690.197410890965
2677.859363185159
2688.921212614828
2665.2137978224514
2669.6793935115934
2657.767477416063
2671.5091235701534
2683.502312189292
2687.6098694636116
2686.9113650715076
2676.086743548594
2669.301586104544
2671.7727101332134
2681.5671475055087
2694.403813126433
2685.802104951975
2692.9101559357746
2675.6540222742437
2692.4510760051153
2765.523860948886
2782.4087768674435
2762.7562020367754
2676.2690575880424
2665.1391149629194
2682.1360551707767
2691.396729752882
2702.1334890881094
2693.448311835348
2703.2844837468006
2693.968895297392
2693.779991593868
2684.1195440577876
2695.442783495821
2694.7838170881755
2680.8356947930233
2667.924346312566
2686.9289375090525
2695.174803823382
2706.9175852076155
2691.054067220903
2692.402751801884
2687.71091097945
2698.6475567916673
2695.4032455113615
2705.0351378364417
2686.6653509459907
2697.7799176882722
2693.5207981401913
2712.8702484233427
2714.2958124185484
2717.7444032852254
2705.951101143069
2704.2641471394973
2692.187489442054
2707.9719314598483
2702.0610027832713
2726.7195257573567
2711.5281535064423
2712.253016554852
2688.677395043997
2703.5678393020867
2705.909366603919
2720.670214135171
2704.7495857264626
2705.913759713303
2693.8041536954756
2710.9790148334023
2705.6699421424746
2712.1651543671637
2695.7393183792606
2703.2339629888784
2692.719055677555
2699.636006403137
2696.1061430128507
2715.165648076642
2697.11216506186
2709.588595713278
2693.619643101342
2719.4203745153395
2706.8297230199296
2725.177544363466
2705.792949205239
2710.9790148334073
2697.1978306948517
2718.5527354119386
2716.479187782548
2728.9687977621184
2712.457296141221
2717.8608206839126
2697.81945567273
2717.913537996526
2711.8730125931106
2738.8203455564158
2717.4083304173296
2728.7952699414413
2711.6775192255086
2732.841323684381
2714.1574294729453
2726.20113885001
2719.3610675386512
2727.1149056019426
2719.782806039542
2729.6629090448378
2731.4772632205545
2731.93195004183
2712.8285138841934
2715.119520428107
2712.7516344699684
2730.2274236007206
2723.846432220022
2737.2607917249893
2724.0704807986217
2730.1022199832682
2719.9914787352964
2731.4948356580917
2728.4416246360015
2736.1756937070663
2718.0299553952077
2725.7135037083535
2710.443055488519
2730.488813609088
2724.4724503072853
2748.0063372789896
2730.1000234285752
2737.544147280276
2714.2694537622456
2734.7633090400136
2732.5447888009403
2745.974524188752
2731.6463979318505
2726.1835664124706
2717.794924043146
2734.176828937208
2732.057153659282
2748.184258209054
2728.6634766599086
2732.931382426758
2723.664118180574
2737.1465708809974
2745.603306445779
2738.515024454207
2725.4894551297507
2727.975955041266
2728.063817228952
2735.8747657142408
2740.162440473318
2750.071098689612
2744.2963564039474
2733.618904045403
2723.9299012983242
2744.1601700130327
2741.7681219532806
2752.0941255610833
2734.851171227698
2733.906652710073
2716.3979152589386
2732.1691779485823
2727.374099055616
2757.5942985102242
2730.8446554692114
2740.289840645462
2723.1127829528464
2743.5758864649238
2751.367065957982
2749.014555882688
2746.1129071343566
2733.392658912111
2730.695289750149
2728.026475799186
2738.490862352593
2750.93654123832
2754.7695291761243
2744.4171669120165
2737.8318959449484
2745.381454421871
2741.4781767339177
2747.865757778692
2737.4980196317397
2733.9132423741503
2721.3160012146636
2717.6609342069237
2729.445450130315
2737.8626477106377
2733.8583285068466
2732.268022909729
2724.0573014704682
2743.630800332225
2734.6337123131743
2725.1336132696224
2713.1777660802454
2719.8223440240026
2736.1625143789133
2737.045529365158
2730.0934337645
2733.546417740561
2725.1533822618517
2733.627690264171
2723.1786795936077
2739.4090222139116
2741.223376389629
2755.560288865298
2733.4629486622603
2740.270071653236
2725.441130926524
2741.508928499608
2732.593113004168
2749.6867016184865
2739.283818596459
2743.1563445187203
2734.1065391870598
2741.6604907733677
2731.494835658092
2747.518702137328
2738.475486469741
2741.1443004207053
2714.300205527933
2738.192130914458
2736.7050633878716
2759.0374349429694
2746.9915290112153
2747.4659848247197
2732.8545030125338
2738.0164065390877
2744.6016775061576
2758.2993925664086
2747.733964497163
2741.273897147546
2726.1044904435525
2735.0840060250666
2738.8049696735707
2747.1496809490527
2739.8834780274174
2742.0976051571056
2728.902901121354
2740.085561059094
2738.3283173053733
2747.595581551559
2742.32604684509
2746.4336041194124
2744.636822381233
2748.8080797416264
2750.7564237535644
2747.6922299580133
2732.9269893173746
2736.1185832850692
2736.4063319497413
2743.7230556292966
2730.12418553019
2734.9697851810756
2730.1505441864956
2736.448066488893
2727.066581398715
2736.779746247407
2742.8532199712045
2762.1960805902854
2751.9557426154765
2734.84458156362
2714.128874261945
2723.9299012983233
2733.717749006549
2749.8141017906323
2736.876394653862
2733.550810849945
2720.224313532664
2732.8435202390724
2726.0605593497103
2727.9386136115
2718.4011731381793
2713.3666697837702
2711.123987443084
2712.169547476548
2724.281350049067
2723.2819176641387
2713.9685257694196
2716.406701477707
2717.1974611668816
2732.878665114147
2728.4218556437722
2733.164217224127
2721.7948501375527
2728.514110940843
2725.1489891524675
2726.1791733030864
2730.2362098194894
2736.7402082629487
2735.696844784177
2735.6023929324147
2732.689761410622
2738.2448482270725
2733.816593967696
2740.511692669372
2744.865264069216
2741.616559679524
2738.7895937907265
2741.950435992732
2741.8625738050455
2740.052612738713
2730.172509733417
2728.1670552994824
2725.184134027541
2730.0538957800404
2732.9511514189885
2744.414970357324
2734.537063906721
2734.818222907316
2731.8221223072237
2743.3452482222474
2749.4582599305045
2753.9348383931065
2746.73013900285
2734.9082816496934
2725.3554652935295
2736.37338362936
2739.9032470196466
2744.7356673423783
2739.242084057308
2734.9961438373807
2724.8941888081777
2722.550464951652
2734.9192644231553
2740.9004828498832
2750.5916821516535
2739.39584288576
2732.782016707692
2728.039655127338
2731.3674354859468
2735.0818094703754
2738.5567589933576
2746.077762259283
2744.7422570064555
2742.991602916811
2736.3052904339033
2743.1102168701873
2731.23783875911
2734.3657326407338
2727.123691820712
2737.2190571858387
2738.809362782956
2751.4703040285135
2738.0361755313174
2737.636402577346
2722.851392944478
2736.041703870845
2735.6375378074895
2745.390240640641
2741.363955889927
2727.365312836849
2720.083734032368
2725.9002108571844
2738.989480267712
2746.585166393171
2741.08060033464
2737.247612396836
2725.724486481811
2731.4267424626355
2743.536348480464
2749.625198087107
2737.9702788905524
2736.836856669403
2731.956112143443
2748.6103898193323
2737.1333915528426
2760.0786018670465
2734.772095258777
2738.2931724302957
2722.579020162653
2738.3195310866063
2738.7324833687308
2751.000241324391
2739.661626003508
2739.7670606287315
2721.311608105281
2738.5260072276674
2742.0800327195684
2753.016678531789
2749.1024180703753
2742.6094024003764
2739.3079806980736
2739.7341123083515
2743.481434613161
2744.643412045309
2742.365584829548
2742.9125269478936
2727.9320239474237
2728.3537624483165
2733.6716213580135
2748.876172937084
2737.899989140404
2729.607995177535
2714.8669166385084
2725.645410512894
2726.324145912769
2742.216219110482
2734.2844601171237
2736.9247188570894
2714.3463331764706
2737.893399476327
2735.736382768635
2751.9645288342454
2729.737591904371
2727.527857884067
2721.76190181717
2721.2698735661284
2728.0440482367226
2728.9490287698886
2730.998414297666
2728.162662190098
2724.358229463293
2733.66722824863
2726.8205672731942
2741.7549426251294
2725.7464520287335
2734.9895541733054
2723.123765726305
2734.5150983597996
2727.916648064578
2742.2557570949393
2730.7480070627607
2731.0181832898948
2709.349171251827
2718.1266038016615
2721.1490630580624
2730.9456969850544
2729.559670974307
2716.068432055116
2709.4458196582805
2711.484222412597
2713.3732594478456
2729.687071146451
2716.4747946731645
2717.1161886432733
2693.3626462023535
2703.2537319811076
2692.521365755262
2703.9522363732135
2685.8416429364356
2674.276782482265
2663.0699604429124
2666.3406303795223
2676.286630025579
2665.9408574255535
2661.259999376583
2649.260221093366
2653.055867601401
2639.8370014640377
2647.9554676062266
2643.6150755345375
2641.0033720055694
2628.0766476422627
2610.3218960656063
2629.800943075599
2623.769203890952
2631.595528259086
2607.1193193244503
2609.8913713459447
2603.2445968474954
2609.293908469679
2602.7481754870696
2619.009269873063
2609.5794605796596
2610.420741026753
2603.277545167879
2601.985971008895
2601.239142413564
2594.7768785092553
2596.668112099196
2600.657055420142
2608.9292803907833
2592.9515415600836
2596.6681120992034
2587.1526371728046
2596.5473015911293
2590.932907797991
2579.886434251165
2588.283862839256
2590.109199788434
2596.8021019354164
2590.823080063383
2592.7252964267855
2607.5762027004175
