2633.8228347169324
2621.337617846745
2632.8431713242285
2629.269376840099
2639.951222308029
2620.731368751711
2629.5219806296973
2631.7668595250757
2640.1357329021716
2634.8398395393974
2636.8540801921
2635.1868951807573
2637.6777882016563
2637.7458813971125
3174.168699321881
3173.525108797081
3174.897955479675
2645.888509640915
2657.7762636348302
2648.739637631321
2665.967216081853
2650.176184399986
2677.349762496579
2657.1129041178
2667.731049499655
2659.2633311614177
2675.708936141545
2665.371949760285
2664.9348353765477
2647.485404902108
2665.387325643131
2668.0715154769373
2690.1578729065072
2677.8132355366247
2689.099133544892
2665.58062245604
2670.492118747689
2657.8553396037487
2672.1241588839553
2683.3178015951507
2687.049748017113
2686.537950773842
2675.772636227616
2669.9913042778785
2671.7441549222144
2681.817554740413
2694.704741119257
2686.9860479310432
2694.1468162274546
2676.1218884236714
2692.5301519740324
2765.651261121031
2783.111674368932
2763.1581715454395
2676.3085955725014
2665.0029285720043
2682.6939800625814
2691.6141886674036
2702.2389237133334
2692.7058763494015
2702.7726865035297
2693.4439187259686
2693.494439483889
2684.3567719645403
2695.2055555890693
2694.5004615328894
2680.43372528436
2668.3065468290006
2687.196917181494
2695.504287027204
2707.1196682392933
2691.3044744558083
2692.1699170045163
2687.539579713463
2698.6299843541306
2696.0797843565438
2705.2130587665056
2687.080499782807
2697.61517608636
2693.123221740912
2712.7296689230448
2714.0410120742595
2718.6647597012366
2706.407984519037
2704.8616100157624
2692.169917004517
2707.835745068936
2702.4827412841646
2727.1390677035574
2712.039950749713
2712.149778484321
2688.347911840174
2703.2207836607263
2705.417338352877
2720.4966863144914
2704.6419545465483
2706.59469166787
2693.5493533511867
2711.3326601388394
2705.158144899204
2712.817531110733
2696.1368947785395
2703.7874947713
2693.2374425849025
2699.578895981141
2696.0490325908554
2714.23430888717
2696.005101497016
2708.4595666015125
2692.5257588646514
2718.067296824975
2705.8939907210734
2724.0682842439296
2705.8390768537733
2710.636352301431
2697.153899601008
2718.1331934657373
2715.7587178435224
2728.87873901974
2711.6555536785863
2717.8300689182233
2697.265923890308
2717.5379271441675
2710.6956592781166
2738.2250792348423
2716.725201908071
2728.4987350580013
2711.0602873570147
2732.4635162773316
2713.5511803779123
2726.0012523730243
2718.8251081937665
2727.0709745081
2719.183146608584
2729.3597844973206
2730.750203617452
2731.3191112827194
2712.1014542810913
2714.146446699484
2711.7719710772685
2729.550884755538
2723.3258487579824
2736.661132294031
2723.6114008679615
2729.827650646749
2719.4533228357195
2731.332290610873
2728.006706806956
2736.1493350507603
2717.197461166883
2724.5032020729777
2708.709973836412
2728.6942284256006
2723.1259622809966
2746.8817012766085
2729.061053059188
2736.711653051951
2713.6390425655986
2734.607353656871
2732.916006543914
2746.2512900799634
2731.1829248918075
2725.023785535015
2716.6241603922285
2733.6913903502423
2732.1274434094303
2747.8789371068447
2728.3757279952365
2732.3910299724885
2722.8448032804013
2735.9011243705468
2744.6324292718477
2737.9680823358613
2725.32471352784
2727.501499227761
2727.5454303216043
2734.794060805702
2739.169597752465
2749.1705112658296
2743.962480090739
2733.0543894895195
2723.6026146491927
2743.75820050437
2741.122334873789
2750.991455105624
2733.4673417716435
2732.6370440980104
2715.3413724520137
2730.9413038756697
2726.8601052576532
2757.636033049375
2730.396558312013
2739.2618530495347
2721.065593979761
2742.277722641862
2749.7899396890175
2748.331427373429
2745.234285257496
2733.5354349671
2730.01216124089
2727.5058923371453
2736.8807877632457
2750.163353986683
2753.8140278850383
2743.955890426665
2737.060905248003
2745.1178678588126
2741.0190968032584
2747.0969636364403
2736.524945903118
2732.810571918691
2720.4571483300324
2716.1387218052632
2728.257114041861
2736.942291294627
2733.3860692480343
2731.644201377159
2723.286310773523
2743.08385821388
2734.1131288511338
2724.6349953545046
2712.415561602069
2719.1765569445106
2735.108168126681
2736.2591627853685
2728.7930733867465
2732.643633762087
2724.4395019869025
2733.3706933651883
2722.6273443658774
2738.686355720194
2740.619323849287
2755.696475256211
2733.368496810497
2739.9933057620237
2724.606440143507
2740.7291515838947
2731.5321770878595
2748.502758639417
2738.2755999927613
2742.9081338385076
2734.2185634763596
2742.4314814703125
2731.0028074070506
2746.8311805186854
2736.6259874189514
2739.6198914643537
2712.470475469371
2736.129566058529
2735.356378806891
2757.7568435574453
2746.519269752402
2746.0206518372847
2731.7166876819997
2736.3272559808242
2744.050342278428
2757.115449587341
2746.9454013626814
2740.1690301373947
2725.0765028476258
2733.35092437296
2736.4436733795087
2745.3221474451834
2738.352479406987
2740.9114656233432
2727.488319899608
2739.0224285880927
2737.6276163585767
2747.061818761367
2742.0404947351103
2746.246896970579
2744.595087842082
2748.247958295128
2750.0952607912272
2746.824590854614
2732.3470988786466
2735.1389198923694
2735.5342997369567
2742.976227033965
2729.4652191225446
2734.438218945575
2729.29828096594
2735.4771893149623
2725.873852200877
2735.5914101589537
2741.636328671753
2761.4843968700293
2751.358279739212
2734.9236575325376
2714.447374692307
2723.7959114621026
2733.2410966383522
2748.555475952029
2735.703434448254
2732.6634027543155
2718.9942429050593
2732.37126098026
2725.004016542786
2727.2357161100113
2717.6894894179222
2713.2744144867006
2711.249191060537
2712.5209962272925
2724.5053986276666
2723.813483899639
2714.442981582924
2716.7252019080684
2717.2985026827205
2732.4349610663326
2728.2263622761707
2733.2367035289676
2721.9486089660027
2728.0638172289514
2724.6811230030385
2726.0385938027885
2730.508582601316
2736.445869934201
2735.6331446981053
2734.928050641925
2731.9517190340594
2736.4700320358147
2732.347098878647
2739.5320292766723
2744.070111270657
2740.913662178036
2737.511198959894
2741.0740106705634
2740.8807138576544
2739.2618530495383
2729.4212880287014
2727.433406032304
2723.969439282782
2728.7798940585926
2731.7035083538467
2743.6923038636064
2733.489307318565
2733.0851412552092
2729.838633420211
2741.1816418504786
2747.742750715934
2752.948585336331
2746.053600157668
2734.249315242048
2723.945277181168
2734.943426524769
2738.4073932742917
2743.2815481361745
2737.607847366348
2733.799021530158
2723.5850422116555
2721.467563488421
2733.7792525379286
2740.6588618337464
2750.295147268213
2738.870866314335
2731.1192248057337
2726.5679634835974
2729.8320437561333
2734.104342632368
2737.790161405797
2745.2957887888783
2743.652765879149
2742.0251188522648
2735.0093231655337
2742.2118260010975
2729.8891541781295
2733.6518523657846
2725.9770902714085
2736.4261009419715
2737.6869233352663
2751.020010316622
2737.1026397871533
2737.342064248598
2722.499944193734
2735.597999823031
2734.7523262665527
2744.5731222951604
2740.9422173890343
2727.1105124925593
2718.8448771859944
2724.4351088775193
2737.539754170892
2745.442957953252
2739.360698010685
2734.8885126574655
2723.716835493184
2729.889154178129
2742.2843123059374
2748.129344341752
2736.340435308976
2735.729793104559
2730.9720556413595
2747.472574488798
2735.648520580949
2758.701362075069
2734.39648440642
2737.315705592288
2721.7992432469396
2736.540321785964
2737.225646849915
2749.7020775013293
2738.200917133227
2738.6116728606594
2719.7784129301585
2737.939527124863
2741.460604296381
2751.90522185756
2747.2858673399664
2741.2080005067837
2738.539186555821
2739.72312953489
2743.2947274643284
2743.9822490829715
2740.825799990351
2740.8323896544275
2725.794776231961
2726.7349016402013
2732.3361161051857
2748.2150099747455
2736.8785912085546
2729.333425841016
2713.827946269122
2725.269799660536
2725.0677166288583
2740.9883450375696
2732.3119540035727
2734.8160263526247
2712.433134039607
2736.164710933605
2734.0033011165274
2750.418154330971
2727.6223097358297
2725.726683036503
2719.9233855398393
2720.1562203372077
2727.0819572815603
2727.982544705342
2730.732631179915
2727.402654266614
2723.778339024565
2732.1186571906633
2725.533386223594
2740.5951617476735
2725.1138442773936
2734.416253398654
2721.834388122012
2732.6370440980104
2725.9463385057184
2740.8565517560387
2729.8759748499765
2730.056092334733
2708.16742482745
2716.9668229242056
2720.3802689158088
2730.273551249256
2729.4564329037753
2715.99155264089
2709.035063930848
2710.232186238071
2712.312323531537
2728.391103878083
2715.666462546454
2715.670855655838
2692.9540870296128
2702.199385728875
2691.598812784558
2702.311410018177
2685.0640625754136
2673.745216246764
2662.867877411234
2665.997967847547
2675.8890536262993
2665.5916052295015
2660.770167680232
2648.6781340999455
2652.609966998895
2639.47017683045
2647.814888105929
2644.107103785579
2641.132968732406
2628.496189588463
2610.9698796997905
2630.3171334282542
2624.6324498849667
2631.764662970382
2607.653082114643
2609.963857650786
2602.8294480106783
2608.731590468489
2602.0299021027363
2618.8489213805365
2609.228011828915
2610.78536910565
2603.2116485271144
2602.803089354375
2601.5488566251574
2595.5808175265825
2597.309506069305
2601.1249215695702
2609.33344645414
2592.756048192483
2596.6768983179722
2586.7989918673684
2596.7120431930402
2591.073487298289
2580.2093277909116
2588.1037453545005
2590.076251468052
2596.8899641231033
2590.965856118373
2592.868072481776
2608.2417587721384
