2349.821492350013
2343.2318282735637
2343.5349528210804
2334.4236439580413
2343.6535667744556
2339.4537542030644
2345.520638262783
2342.757372460057
2348.9318876996917
2344.931961605286
2350.884624821014
2345.171386066731
2353.6566768425087
2347.3899063058025
2408.1048745515377
2401.888624772752
2408.7001408731103
2345.8545145759895
2356.71208441929
2350.651790023647
2360.58461034155
2350.6781486799514
2359.938823262057
2350.873642047554
2355.653345057673
2347.1087473052075
2359.5983572847745
2351.9279882997857
2360.075009652972
2347.651296314169
2354.4584193051433
2344.0731087206564
2351.5831292131174
2346.3377566082627
2358.596728345154
2349.3294640989725
2351.2294839076826
2339.8842789227265
2351.976312503013
2354.025698030789
2360.1716580594257
2350.566124390652
2348.7429839961674
2343.313100797171
2351.7610501431814
2352.143250659616
2358.0563758908847
2346.236715092425
2350.282768835366
2342.722227584985
2350.4497069919685
2351.4864808066627
2359.613733167619
2349.9884305066184
2343.438304414626
2331.297946631112
2341.4701914104585
2340.284051876697
2351.5699498849644
2341.9380575598866
2343.1132143201876
2335.0760207016087
2339.8030063991146
2339.308781593381
2344.9561237068997
2339.921620352494
2339.313174702768
2331.7658127805403
2342.2763269824777
2339.682195891049
2343.5876701336906
2334.80145136509
2339.6580337894343
2337.200089088919
2344.729878573609
2341.4636017463813
2346.7419226716183
2335.3000692802084
2336.93650252586
2330.788345942532
2342.131354372795
2341.7227952000553
2346.504694764866
2336.051290984924
2340.516886674066
2337.0111853853946
2348.2399729716653
2340.9298389561895
2354.214601734315
2342.4828031235415
2344.314729736794
2327.5374449981505
2337.685527675884
2334.5774027864923
2343.4141423130113
2334.8739376699327
2338.4543218181366
2328.3875116640133
2337.9051831450993
2334.2039884888277
2342.377368498317
2332.716920962241
2335.906318375242
2329.8174687686037
2335.6866629060273
2331.416560584488
2339.46034386714
2332.2951824613483
2338.834325779879
2329.4857890100884
2337.421941112826
2330.3490350041034
2339.4120196639137
2332.2688238050428
2335.469203991504
2326.059163690334
2336.172101492993
2333.3165803931993
2343.4954148366223
2330.7510045127674
2334.326995551586
2324.510592632368
2334.337978325047
2329.88556196406
2338.979298389561
2331.763616225848
2340.042430860562
2331.236443099732
2338.421373497753
2329.56047186962
2336.1062048522267
2330.3490350041034
2336.209442922758
2329.1914506813405
2334.926654982543
2332.2820031331944
2340.6069454164426
2329.4528406897048
2328.934453782358
2324.449089100987
2336.6289848689585
2334.750930607171
2343.0978384373425
2334.6059579974917
2339.1308606633197
2328.6950293209143
2339.15282621024
2333.2638630805873
2337.8502692777956
2325.477076696914
2331.1266153651227
2322.623752151811
2333.5010909873376
2334.3182093328173
2346.5134809836345
2336.6180020954994
2335.5944076089577
2323.9570608499466
2332.8465176890772
2328.389708218705
2335.2539416316736
2325.4836663609904
2328.642312008302
2320.978532687391
2330.228224496034
2325.7955771272755
2336.815692017792
2327.7768694595957
2330.7202527470763
2322.5864107220455
2326.114077557638
2325.7362701505886
2326.584140261759
2322.5139244172046
2326.070146463795
2324.352440694533
2330.3051039102593
2326.7774370746665
2330.157934745885
2326.076736127871
2327.7065797094465
2323.2563599031514
2333.180394002285
2327.8186039987463
2336.099615188151
2324.965279453642
2327.5001035683836
2319.188340613289
2326.909230356197
2324.7104791093534
2332.0799201015166
2322.568838284506
2325.5495630017535
2317.286124249886
2327.8713213113574
2326.4611331989977
2333.7119602377843
2326.028411924644
2329.099195384269
2324.005385053174
2326.865299262354
2324.9389207973395
2334.9464239747745
2329.050871181043
2329.4418579162443
2318.962095479997
2328.1590699760295
2325.775808135047
2329.1585023609573
2324.064692029862
2323.0498837620885
2316.923692725682
2319.089495652142
2321.4859368212788
2331.37702260003
2324.2448095146183
2324.6204203669763
2318.274573861355
2326.1931535265567
2324.0888541314766
2328.3941013280896
2321.426629844589
2324.5962582653615
2318.1361909157486
2327.0190580908024
2322.0262892755454
2325.89222553373
2316.6073888500123
2321.8703338924047
2317.1323654214357
2323.6078086538946
2322.524907190665
2331.5615331941704
2325.94274629165
2325.4243593843034
2315.517897722707
2320.530435530194
2317.077451554133
2324.1613404363166
2320.4821113269645
2325.215686688548
2323.324453098607
2327.2277307865584
2320.8862773903206
2327.1662272551766
2321.8483683454806
2324.3194923741507
2314.2131442355685
2323.3903497393717
2323.599022435126
2331.1244188104315
2323.6429535289685
2328.1305147650305
2320.381069811125
2326.329339917467
2322.4062932372876
2331.660378155316
2321.5035092588137
2323.675901849351
2312.6997180526773
2321.125701851766
2320.062569380765
2324.8774172659587
2321.5628162355047
2320.8291669683263
2317.3476277812674
2322.3799345809825
2321.354143539748
2326.151418987404
2318.4107602522677
2319.440944402886
2314.861127869753
2323.014738887014
2322.3008586120654
2325.167362485321
2314.118692383806
2316.255940099268
2310.314259657001
2318.6919192528626
2312.972090834503
2321.749523384336
2316.2361711070384
2318.781977995241
2312.63162485722
2318.8676436282344
2318.6062536198683
2328.402887546858
2323.245377129689
2323.0872251918545
2310.377959743074
2315.7419463013052
2320.4162146862013
2331.7196851320055
2325.883439314962
2321.0795742032283
2310.9292949708038
2316.506347334173
2315.3465664567175
2322.368951807522
2316.1636848021976
2319.429961629425
2312.3746279582388
2315.449804527249
2313.325736139939
2320.2668489671346
2313.178566975565
2316.1197537083544
2308.223139590074
2313.545391609154
2310.0506730939437
2315.5200942773977
2316.0560536222824
2323.372777301834
2318.7336537920123
2321.578192118347
2317.576069469251
2323.1047976293935
2315.0983557765053
2315.6233323479287
2312.5130109038446
2323.3903497393712
2322.8192455194126
2324.9521001254902
2316.466809349715
2314.4745342439346
2309.896914265493
2318.573305299485
2315.498128730475
2321.9164615409377
2311.7200546599765
2316.5832267483984
2310.997388166261
2320.286617959364
2317.6771109850893
2324.9828518911804
2315.331190573873
2318.1493702439016
2313.3806500072433
2323.2102322546157
2324.793948187656
2329.380354384866
2322.294268947989
2318.3097187364287
2311.7178581052854
2316.6359440610104
2319.1444095194465
2327.1881928021003
2321.198188156606
2318.0637046109073
2308.12649118362
2313.797995398752
2314.788641564912
2323.658329411815
2319.8736656772394
2316.7589511237697
2309.4905516474446
2311.5992441519097
2313.7057401016823
2319.766034497324
2320.398642248663
2323.069652754318
2318.355846384964
2321.020267226542
2318.36243604904
2325.1541831571685
2315.355352675486
2321.731950946798
2312.941339068813
2321.1037363048436
2314.1384613760356
2324.664351460819
2316.7545580143856
2317.8132973760016
2308.0891497538537
2316.5085438888655
2317.5079762737946
2325.9295669634976
2318.105439150058
2316.449236912176
2306.1495919606846
2311.0632848070254
2311.7398236522076
2318.2240531034354
2319.5266100358804
2320.102107365224
2311.941906683885
2314.1911786886467
2314.8633244244447
2320.515059647348
2313.595912367074
2316.4558265762535
2317.4376865236445
2323.269539231304
2318.7973538780857
2325.097072735172
2320.328352498513
2323.5199464662087
2316.9017271787607
2324.1942887566997
2326.7049507698266
2334.6301200991034
2323.482605036441
2320.640263264799
2312.3087313174747
2322.6786660191165
2322.566641729816
2325.6000837596757
2319.9571347555416
2321.3870918601315
2320.2712420765192
2322.603983159583
2320.1174832480688
2323.6846880681196
2318.9928472456863
2321.3014262271363
2317.4003450938794
2323.467229153599
2321.586978337118
2325.9273704088055
2320.0691590448405
2318.768798667087
2307.223707205146
2315.6606737776947
2313.797995398751
2325.4221628296095
2320.117483248068
2321.962589189474
2314.6041309707707
2321.288246898983
2323.425494614445
2327.893286858279
2315.0148866982036
2315.069800565507
2308.8821059977195
2318.002201079528
2317.053289452518
2324.0031884984805
2320.22291787329
2324.4117476712213
2315.1071419952737
2325.444128376532
2320.7720565463283
2335.0079275061526
2324.3370648116875
2331.625233280241
2319.4826789420354
2324.262381952155
2321.2135640394517
2331.9832716950636
2325.5649388845995
2325.4001972826886
2314.4899101267793
2319.401406418428
2316.6864648189307
2324.5852754919024
2321.1432742893016
2320.5282389755
2314.3800823921715
2318.4986224399545
2316.275709091498
2325.901011752499
2320.5633838505732
2322.942252582172
2312.1154345045647
2318.114225368828
2315.6013668010078
2321.556226571427
2311.3554265810803
2309.7826934215013
2302.914066899147
2313.046773694037
2315.8517740359125
2321.822009689178
2317.545317703561
2319.4760892779614
2315.2411318314953
2317.132365421437
2311.91554802758
2319.0257955660695
2311.9287273557316
2311.812309957047
2302.430824866873
2314.4130307125524
2309.5213034131334
2317.250979374811
2303.3050536343485
2310.1736801567035
2300.8053743946816
2313.9627370006624
2312.0341619809547
2322.164672221152
2312.012196434034
2314.8237864399866
2307.287407291218
2311.3180851513134
2307.915621933173
2315.1203213234257
2310.1736801567035
2313.9912922116614
2308.1155084101592
2312.122024168642
2310.6788877358986
2314.7908381196044
2314.246092555951
2315.3246009097966
2307.474114440052
2306.068319437075
2303.267712204584
2307.836545964256
2303.2808915327355
2301.5565960993977
2301.0579781842807
