2349.3668055287385
2342.963848601122
2343.7941462747553
2335.0760207016106
2344.143398470806
2339.1242709992425
2344.576119745159
2342.6014170769154
2348.872580723004
2345.606303895777
2350.8165316255577
2345.9182146620624
2353.9202634055655
2348.319048940582
2408.5332027165073
2402.6749913525423
2409.1438449209254
2346.438798124102
2356.8328949273578
2350.695721117489
2360.670275974544
2350.6869348987198
2359.8136196446053
2350.454100101353
2355.1766926894766
2346.807819312383
2359.071184158658
2351.7412811509516
2359.543443417471
2347.9236690959956
2355.0514890720237
2345.0000548007442
2351.7478708150297
2346.2960220691125
2358.440772962012
2349.5974437714144
2351.132835501228
2339.818382281961
2351.3634737439024
2353.39309027945
2359.6422883786176
2350.0938651318397
2348.8110771916236
2343.4383044146243
2352.046602253162
2352.441982097749
2358.1947588364906
2346.59914661663
2350.139992780376
2342.1159784899514
2349.9620718503115
2351.4359600487446
2359.4511881204003
2349.7555957092504
2343.374604328554
2331.748240343004
2342.2477717714805
2340.1830103608586
2351.4711049238176
2341.6503088952145
2343.161538523414
2335.447238444582
2339.919423797799
2339.502078406291
2344.5497610888524
2339.627282023745
2339.7700580787346
2332.6444346574003
2342.994600366811
2340.2093690171655
2344.3630539400206
2335.7679354296374
2340.3894865019215
2337.84367961372
2345.3427173327195
2341.918288567657
2347.029671336291
2336.090828969383
2337.4922308629743
2330.906959895907
2341.931467895809
2341.4460293088437
2346.3267738348018
2335.6515180309525
2340.595962642983
2337.566913722508
2348.518935417569
2340.5300660022185
2353.9290496243357
2342.884772632205
2344.6771612609996
2327.5132828965375
2337.171533877921
2334.3731232001223
2343.2977249143282
2334.9002963262387
2338.673977287351
2327.9482007255824
2337.5339654021254
2333.3934598074234
2342.199447568252
2332.998079962836
2336.7014711737997
2330.474238621556
2335.8953356017814
2332.022809679522
2340.2093690171646
2332.7981934858512
2338.311545763147
2329.433071697477
2337.4988205270506
2330.757594176843
2338.867274100261
2332.0052372419855
2335.3901280225873
2326.937785567194
2336.5367295718897
2333.8964708319263
2343.2274351641795
2331.1815292324286
2334.5378648020333
2325.323317868464
2335.54608340573
2331.159563685507
2340.040234305869
2331.561533194171
2340.24451389224
2331.1288119198175
2338.959529397332
2329.356192283252
2336.402739735668
2330.3907695432545
2337.479051534822
2329.830648096756
2335.713021562333
2332.0052372419846
2340.7255593698196
2329.1475195874964
2328.677456883376
2324.1679301003924
2336.0820427506146
2334.8102375838594
2342.8979519603567
2334.823416912014
2339.289012601154
2328.826822602443
2339.2868160464614
2332.503855157103
2337.7514243166484
2325.4485214859155
2331.970092366908
2322.986183676015
2333.940401925767
2333.9601709179965
2346.104921810894
2336.4356880560504
2335.5834248354968
2324.084461022091
2332.763048610775
2328.7960708367527
2335.73059399987
2325.975694612033
2328.2008045151797
2320.5743666240355
2329.6900685964574
2325.562742329908
2336.1523325007634
2326.9663407781923
2330.329266011874
2322.329413823064
2326.485295300612
2325.9405497369585
2326.8696923717384
2322.650110808118
2326.64784034783
2325.0421588678682
2330.5621008092417
2326.6324644649862
2329.795503221682
2326.1316499951754
2327.917448959893
2323.2541633484584
2333.1210870255964
2328.0097042569637
2336.7827436974103
2325.3716420716905
2327.361720622779
2318.6392019402515
2326.445757316153
2324.842272390883
2332.345703219267
2323.484801591134
2325.8570806586563
2318.3492567208873
2328.205197624565
2327.1903893567915
2333.716353347168
2326.5643712695287
2328.848788149364
2324.0119747172507
2326.276622604857
2324.9147586957247
2334.933244646621
2329.3034749706394
2329.8877585187506
2319.012616237916
2328.1634630854132
2325.3386937513083
2329.327637072253
2324.12399900655
2323.4189049503707
2316.4580231309465
2318.329487728658
2320.389856029895
2331.054129060283
2324.460071874448
2325.0333726490994
2318.847874636006
2326.6324644649867
2324.3766027961483
2328.167856194798
2321.0378396640785
2324.0053850531735
2317.694683422627
2326.2085294094
2321.742933720258
2325.5649388845986
2316.9368720538337
2322.0899893616183
2317.538728039484
2323.8670021075686
2323.124566621622
2331.5197986550197
2325.7077149395896
2324.306313045998
2314.8699140885215
2320.3107800609782
2317.0840412182088
2324.446892546296
2320.2053454357533
2325.542973337679
2323.4606394895213
2327.849355764438
2320.666621921106
2326.8213681685106
2321.6177301028065
2324.5918651559773
2314.522858447161
2323.3002909969928
2323.594629325741
2330.900370231832
2323.941684967101
2328.714798313143
2321.3036227818297
2326.8850682545817
2322.5095313078195
2332.0733304374403
2321.808830361023
2324.0493161470167
2312.519600567921
2320.7588772181766
2319.68036886433
2324.352440694535
2321.171829500301
2320.5721700693443
2317.7693662821603
2322.4260622295183
2321.2970331177526
2325.720894267743
2317.8967664543047
2318.5579294166423
2313.4597259761613
2322.2481412994543
2322.4260622295183
2325.657194181672
2314.654651728691
2316.581030193707
2311.234616073013
2318.9862575816114
2312.9655011704267
2321.371715977286
2315.9747810986732
2318.792960768702
2312.545959224227
2318.8632505188507
2318.2548048691247
2328.1371044291077
2323.3815635206024
2323.201446035846
2310.580042774751
2316.152702028737
2321.051018992233
2331.939340601221
2325.701125275514
2321.116915632996
2311.5179716283
2316.9192996162983
2315.2630973784167
2321.747326829644
2315.924260340753
2319.6759757549457
2313.363077569706
2316.559064646786
2314.292220204486
2320.998301679621
2313.734295312679
2316.9083168428365
2308.8821059977195
2314.1472475948035
2310.6151876498257
2315.8737395828334
2316.3921264901815
2323.049883762089
2318.553536307257
2321.8659407830205
2318.1076357047523
2323.6934742868907
2315.557435707165
2316.38992993549
2313.5234260622333
2323.990009170329
2323.1223700669293
2325.037765758485
2316.939068608527
2314.5338412206224
2309.483961983368
2317.813297376002
2315.006100479434
2321.615533548114
2311.506988854839
2316.6381406157025
2310.832646564349
2321.20258126599
2318.3734188225003
2326.4237917692312
2315.6694599964635
2318.33168428335
2313.154404873952
2322.845604175719
2324.0053850531745
2328.7872846179853
2321.8527614548675
2318.7336537920132
2311.381785237387
2316.293281529035
2318.210873775283
2326.737899090209
2320.901653273165
2318.1976944471276
2308.765688599035
2314.3515271811734
2315.364138894255
2324.321688928843
2320.3722835923563
2317.2993035780382
2309.670669132201
2311.4257163312295
2313.4751018590064
2319.5485755828017
2319.8978277788538
2322.9246801446375
2317.879194016768
2321.360733203826
2317.8089042666174
2325.1190382820932
2314.927024510516
2322.050451377159
2312.9611080610416
2321.9625891894734
2314.891879635443
2325.38042829046
2317.0774515541307
2317.8616215792285
2308.073773871008
2316.2098124507324
2316.809471881689
2325.5232043454494
2317.6902903132413
2316.7655407878465
2306.566937352193
2311.3005127137762
2311.911154918194
2317.762776618083
2318.8215159797
2319.2652200275147
2311.452074987536
2313.9737197741247
2314.661241392768
2320.5567941864992
2313.3982224447814
2316.4799886778683
2316.846813311457
2323.544108567823
2318.718277909168
2325.663783845746
2320.293207623439
2323.36838419245
2316.4448438027935
2323.669312185275
2326.500671183456
2334.078784871372
2322.911500816481
2320.2053454357524
2312.789776795055
2323.425494614447
2323.368384192451
2326.0174291511835
2320.719339233717
2321.9669822988585
2320.9324050388564
2322.718204003575
2320.359104264205
2322.63253837058
2318.074687384368
2319.970314083693
2316.976410038294
2323.078438973088
2321.6221232121925
2326.0965051201006
2320.0757487089163
2318.9664885893803
2307.537814526124
2315.796860168609
2313.0797220144186
2324.2360232958495
2318.9291471596143
2321.0949500860747
2314.06158196181
2321.228939922295
2323.4628360442125
2328.167856194798
2314.8896830807503
2314.9314176199014
2308.510888254746
2318.2284462128187
2317.4179175314152
2324.2008784207756
2319.875862231932
2324.2887406084615
2314.4701411345495
2325.424359384302
2320.3063869515922
2334.8805273340076
2323.4430670519823
2330.660945770387
2318.819319425006
2323.976829842175
2320.947780921701
2332.150209851666
2325.7296804865105
2326.1294534404815
2314.366903064018
2319.526610035879
2315.891312020371
2324.79834129704
2321.2992296724447
2321.1388811799175
2314.694189713149
2318.957702370613
2316.688661373621
2325.863670322731
2321.2113674847574
2323.269539231302
2312.433934934927
2317.149937858974
2315.484949402324
2321.389288414824
2311.531150956453
2309.8332141794203
2303.2633190951988
2313.400418999473
2315.7573221841503
2321.617730102807
2317.4794210627956
2319.9505450914653
2315.564025371241
2317.290517359271
2311.4191266671533
2318.698508916939
2311.7617891991285
2312.249424340785
2303.1249361495934
2314.931417619901
2310.1648939379343
2317.435489968952
2303.5334953223323
2309.9935626719466
2300.69115355069
2314.441585923551
2312.3197140909338
2322.75554543334
2312.0121964340337
2314.8874865260586
2307.4521488931296
2311.3114954872376
2308.0518083240863
2314.804017447757
2310.4592322666836
2314.369099618711
2308.5745883408185
2312.5942834274524
2311.105019346175
2315.495932175784
2314.8677175338294
2315.836398153068
2308.2538913557646
2306.6218512194973
2303.709219697705
2307.507062760433
2302.8723323599957
2300.897629691753
2299.8586593223667
