2349.8544406703954
2343.2977249143282
2343.7743772825247
2334.909082545007
2343.853453251442
2339.106698561705
2344.9736961444373
2342.928703726045
2349.4568642711156
2345.858907685374
2351.1152630636902
2345.612893559854
2353.2986384276874
2346.9835436877543
2408.987889537783
2403.3185818773422
2410.499119165982
2346.056597607668
2356.545146262687
2349.988430506618
2360.332006551953
2350.3969896793565
2360.11454763743
2350.515603632733
2355.295306642852
2346.511284428942
2358.976732306896
2350.970290454008
2359.141473908808
2346.8890918359934
2354.5089400630627
2344.0269810721206
2351.1240492824586
2345.6238763333135
2357.9619240391226
2349.199867372136
2351.341508196983
2340.0336446417928
2351.7127259399545
2353.0504277474743
2359.422632909402
2349.509581583727
2348.2245970888193
2342.085226724259
2351.6600086273434
2351.930184854477
2357.7664306715214
2345.533817590937
2349.006570559227
2341.729384864133
2349.347036536509
2350.9395386883184
2359.398470807789
2349.2613709035163
2342.700262038063
2330.1052174332744
2341.3757395586963
2339.95896178226
2351.596308541271
2341.38891888685
2343.3087076877896
2334.999141287384
2340.2401207828534
2338.84750510803
2344.98687547259
2338.8562913268006
2338.489466693211
2330.401752316715
2341.105563331562
2339.071553686631
2343.0077796949627
2334.7289650602493
2339.6602303441264
2337.5866827147365
2345.1625998479626
2341.507532840225
2346.7792641013857
2335.629552484032
2337.1934994248422
2330.845456364528
2342.1664992478695
2341.595395027911
2346.4805326632527
2335.2978727255168
2339.985320438566
2336.4708329311256
2347.9983519555294
2340.4641693614535
2353.972980718178
2342.2851132012474
2344.3432849477927
2327.1925859114835
2337.246216737454
2333.79982242547
2343.01436935904
2334.4543957237315
2338.3950148414488
2328.0580284601906
2337.268182284375
2333.259469971202
2341.549267379376
2332.4115998600328
2335.96562535193
2330.1908830662683
2336.057880649
2331.8053507649984
2339.497685296908
2331.7460437883115
2337.670151793039
2328.6884396568385
2337.3472582532927
2330.472042066864
2339.2450815073107
2332.198534054894
2335.5900144995726
2326.676395558828
2336.2138360321437
2333.498894432647
2342.8188759914397
2330.4632558480957
2333.8108051989307
2324.247006069309
2334.153467730906
2329.933886167287
2339.071553686631
2330.895977122449
2339.5328301719833
2330.3446418947196
2338.302759544378
2328.6203464613814
2335.820652742248
2330.054696675355
2336.8574265569423
2329.4198923693234
2335.2956761708247
2331.9349474918363
2339.8183822819615
2328.4160668750105
2327.673631389064
2323.322256543914
2335.282496842671
2333.7734637691638
2342.4696237953867
2334.1732367231375
2339.1001088976286
2328.6994224302985
2339.2362952885424
2332.640041548017
2338.0150108797066
2325.5100250172964
2331.3374846155693
2321.9823581817027
2332.8838591188432
2333.9250260429226
2345.768848942996
2335.5944076089577
2334.2830644577443
2323.227804692153
2332.886055673536
2328.954222774588
2335.5856213901884
2325.6418182988255
2327.7461176939046
2320.5216493114235
2329.3627819473268
2325.1651659306285
2335.5658523979587
2326.729112871439
2330.074465667584
2321.626516321576
2325.2178832432414
2324.7390343203533
2326.0943085654094
2321.459578164972
2325.127824500861
2324.1701266550835
2330.0129621362034
2326.3293399174686
2328.9805814308934
2325.3189247590794
2327.5967519748388
2322.911500816483
2333.5977393937933
2328.365546117092
2336.903554205478
2325.692339056745
2327.702186600062
2319.3860305355824
2326.5380126132222
2324.7851619688868
2332.422582633492
2323.087225191855
2325.852687549272
2317.694683422627
2328.288666702866
2326.955358004731
2333.988726128995
2326.0525740262583
2328.2030010698722
2322.900518043022
2326.026215369952
2324.864237937805
2335.150703561144
2328.8334122665196
2329.0662470638877
2318.369025713117
2327.7263487016758
2325.3013523215427
2328.6774568833757
2323.713243279117
2322.8170489647196
2316.299871193112
2318.371222267809
2320.203148881063
2330.5664939186263
2323.4167083956772
2324.1898956473137
2317.9560734309925
2326.1953500812474
2323.91971942018
2327.5550174356877
2320.455752670659
2323.6517397477364
2317.330055343729
2325.5737251033684
2320.7918255385575
2325.116841727401
2316.4909714513274
2321.5672093448866
2316.4426472481005
2322.680862573807
2322.133920455463
2331.245229318501
2325.198114251011
2324.1305886706255
2314.472337689242
2319.7967862630144
2316.1263433724316
2323.3595979736815
2319.594703231336
2324.760999867273
2322.777510980262
2327.0454167471103
2320.3239593891303
2326.388646894156
2321.4947230400453
2324.1920922020063
2314.0440095242734
2322.544676182893
2322.6391280346556
2330.1249864255024
2322.8939283789455
2327.572589873225
2320.315173170362
2326.252460503243
2322.4106863466736
2331.7087023585436
2322.0614341506202
2324.4205338899883
2313.464119085545
2320.8621152887076
2319.634241215797
2323.801105466806
2320.5655804052685
2320.2382937561374
2316.9105133975295
2322.1690653305363
2320.3019938422085
2325.529794009526
2317.3432346718823
2318.5842880729474
2313.7606539689855
2322.7291867770346
2322.263517182299
2324.721461882815
2313.850712711364
2316.48218523256
2311.342247252928
2318.806140096855
2312.2494243407864
2320.5677769599592
2315.3553526754863
2318.243822095664
2312.170348371869
2318.2789669707386
2317.8989630089964
2327.5396415528426
2322.4809760968205
2322.2042102056103
2309.7892830855785
2315.612349574468
2320.4162146862004
2331.2935535217275
2325.2354556807772
2320.4184112408916
2310.4218908369166
2315.9725845439802
2314.9248279558246
2321.7692923765653
2315.607956465084
2319.071923214605
2312.818332006053
2315.564025371241
2313.10168756134
2319.175161285136
2312.684342169831
2315.7551256294573
2308.3131983324524
2313.2510532804067
2309.9694005703345
2315.0456384638933
2316.0384811847453
2322.656700472193
2318.531570760335
2321.1608467268393
2317.617804008402
2322.5358899641265
2314.9226314011335
2315.680442769925
2313.246660171022
2323.008149222938
2322.160279111768
2324.016367826635
2316.3372126228783
2313.751867750217
2308.803030028802
2317.1894758434314
2314.729334588223
2321.4068608523603
2311.225829854244
2316.016515637824
2310.215414695854
2320.099910810531
2317.4025416485706
2325.2662074464693
2315.140090315656
2318.340470502119
2312.761221584057
2322.419472565441
2323.008149222938
2327.902073077048
2321.0312500000023
2317.4267037501836
2310.661315298361
2315.1818248548066
2317.663931656937
2326.0679499091034
2320.3151731703615
2317.819887040078
2308.4405985045973
2314.1208889384984
2315.3289940191808
2324.040529928248
2320.776449655712
2316.2954780837254
2308.304412113684
2309.6816519056624
2312.697521497985
2319.085102542758
2319.6188653329496
2322.417276010749
2317.5189590472546
2320.7083564602563
2317.3981485391855
2324.5918651559764
2314.2219304543346
2321.3475538756697
2312.2889623252445
2320.743501335331
2313.3015740383266
2324.0053850531735
2315.959405215827
2316.950051381986
2307.5444041901997
2316.201026231964
2317.2114413903532
2325.147593493091
2317.4332934142585
2316.073626059818
2306.316530117288
2311.2214367448596
2311.9397101291925
2317.8572284698457
2318.7731917764727
2319.036778339531
2310.8216637908886
2312.882032092125
2313.8287471644426
2319.9856899665397
2313.380650007244
2316.0077294190546
2316.25813665396
2322.2239791978404
2318.2218565487433
2325.2420453448535
2320.266848967133
2323.254163348458
2316.5876198577835
2323.7286191619633
2326.6280713556002
2334.030460668145
2323.3464186455262
2320.2800282952853
2311.893582480658
2322.0899893616192
2321.8681373377117
2325.2266694620093
2320.0340141697666
2321.235529586373
2320.301993842209
2322.3865242450597
2319.965920974311
2322.5754279485845
2317.6397695553223
2319.531003145264
2315.9813707627504
2321.907675322172
2320.5436148583462
2325.0553381960212
2319.0016334644547
2317.7781525009273
2306.4812717191994
2315.372925113023
2313.4421535386223
2324.8510586096495
2319.3377063323533
2321.4705609384314
2314.0000784304298
2320.728125452485
2322.9466456915575
2327.31998608363
2314.4349962594756
2314.1033165009617
2308.223139590075
2317.2158344997383
2316.1197537083553
2322.8785524961017
2319.069726659913
2323.7901226933436
2314.158230368264
2324.760999867272
2319.5375928093385
2334.1205194105237
2323.8230710137245
2331.111239482279
2319.467303059191
2323.9987953890977
2320.794022093251
2331.0936670447422
2324.4842339760617
2324.8554517190346
2314.0000784304298
2318.981864472227
2316.0604467316675
2325.165165930629
2321.813223470407
2321.4112539617436
2314.14285448542
2318.4920327758778
2315.9923535362104
2325.338693751309
2320.2756351859025
2322.234961971301
2311.9484963479613
2317.417917531415
2315.7353566372276
2321.398074633591
2311.6585511285975
2309.611362155513
2303.3072501890415
2313.103884116033
2315.425642425635
2320.642459819493
2316.1966331225804
2319.2322717071324
2315.14448342504
2317.0576825619037
2311.1599332134797
2318.2526083144326
2311.441092214074
2312.0539309731844
2303.190832790358
2315.350959566101
2310.290097555386
2317.6858972038576
2303.5620505333313
2310.0506730939437
2300.658205230308
2313.716722875142
2311.368605909233
2321.841778681405
2311.1775056510155
2314.922631401132
2306.9667103061643
2311.5970475972167
2307.7772389875677
2314.790838119604
2309.905700484262
2313.3081637024034
2308.0605945428556
2311.5706889409116
2310.582239329444
2314.331758188945
2314.213144235569
2315.2125766204977
2307.2083313223015
2305.7476224520215
2302.599959578169
2307.4631316665905
2302.6724458830095
2301.3654958411803
2301.038209192052
