2348.9714256841507
2342.8122863273625
2343.7304461886815
2335.0233033889986
2344.275191752334
2339.6909821098166
2345.911624997985
2343.337262898785
2349.6699300762543
2345.948966427752
2351.25803911868
2345.788617935226
2353.625925076818
2348.0071381742973
2408.181753965763
2402.5563773991666
2409.203151897613
2346.37509803803
2356.5231807157647
2350.69572111749
2361.02392127998
2351.1284423918423
2359.9212508245205
2350.8428902818637
2355.5347311042965
2347.0230816722137
2358.71534229853
2351.4359600487433
2359.317198284179
2347.739158501854
2354.6780747743574
2344.989072027282
2351.9587400654755
2346.607932835397
2358.6889836422247
2350.1487789991447
2352.301402597452
2341.2922704803946
2352.2508818395313
2353.8609564288777
2359.336967276409
2350.1685479913735
2348.8330427385463
2343.7655910637545
2352.7824480750314
2353.421645490448
2358.5769593529253
2346.7968365389247
2350.12242034284
2343.260383484562
2350.7154901097188
2352.0114573780875
2359.8509610743718
2349.872013107934
2343.372407773861
2331.2364430997322
2341.8260332705872
2340.016072204256
2351.4337634940516
2341.3977051056177
2343.209862726642
2335.0716275922255
2340.569603986676
2339.7986132897313
2345.775438607072
2340.0753791809434
2339.5306336172894
2331.495636553405
2341.942450669271
2339.614102695592
2343.339459453478
2334.6696580835614
2339.427395546759
2337.301130604758
2345.485493387709
2342.278523537169
2347.895113884997
2336.758581595796
2338.206111137923
2331.7987611009225
2342.7683552335197
2342.2565579902493
2346.9132539376064
2335.9766081253915
2340.9759666047253
2338.1182489502385
2349.454667716425
2341.474584519843
2354.8757646966524
2343.4426975240112
2345.557979692552
2328.167856194799
2337.8151244027213
2334.2567058014392
2342.946276163584
2334.6103511068754
2338.3774424039116
2328.167856194799
2337.7711933088785
2334.368730090739
2343.227435164179
2333.7646775503963
2336.9057507601706
2330.131576089581
2335.9656253519306
2331.992057913832
2340.4224348223033
2332.435761961646
2338.1182489502376
2328.789481172677
2337.529572292741
2330.731235520537
2339.4339852108355
2332.7015450793965
2336.093025524076
2327.695596935987
2337.059509588622
2334.489540598807
2343.6316012275347
2331.355057053108
2334.687230521099
2324.648975577973
2334.368730090737
2329.4923786741647
2339.2253125150814
2331.4956365534067
2340.6201247445965
2331.3748260453376
2339.157219319625
2329.9426723860556
2336.602626212653
2330.566493918626
2336.9408956352445
2329.808682549834
2335.207813983138
2331.983271695062
2340.3872899472267
2328.730174195987
2328.0646181242664
2323.9482746311774
2336.681702181571
2335.5592627338824
2343.7655910637554
2335.451631553968
2339.5240439532135
2329.4572337990903
2339.893065141495
2333.3561183776574
2337.4768549801297
2325.3518730794603
2331.5615331941676
2322.979594011939
2333.8876846131557
2334.6279235444104
2347.001116125292
2336.969450846243
2335.7920975312513
2324.0361368188637
2333.3209735025816
2328.921274454206
2335.5065454212713
2325.483666360991
2328.227163171486
2321.169632945608
2330.4303075277116
2326.210725964092
2336.9430921899375
2327.754903912674
2331.44950890487
2323.093814855931
2326.3952365582336
2325.7516460334346
2326.808188840358
2322.7862971990303
2326.737899090207
2325.2947626574655
2331.032163513362
2326.7972060668976
2329.841630870217
2326.072343018488
2328.0756008977287
2323.581449997589
2333.7119602377848
2328.9871710949697
2337.643793136733
2326.223905292245
2327.855945428513
2319.4673030591925
2327.069578848724
2325.323317868465
2332.352292883344
2323.550698231899
2326.2019397453237
2318.318504955197
2328.20080451518
2327.0498098564935
2333.7624809957038
2326.8631027076613
2329.279312869025
2324.4227304446827
2326.559978160144
2325.112448618018
2334.9508170841577
2329.1980403454163
2329.8372377608325
2319.6276515517197
2328.486356625161
2326.050377471566
2329.4704131272433
2324.64458246859
2323.350811754913
2317.0686653353637
2319.625454997026
2321.8395821267136
2332.2622341409665
2324.6819238983558
2325.742859814664
2319.208109605518
2327.563803654457
2324.947707016106
2328.6730637739915
2321.40686085236
2324.115212787781
2317.7320248523934
2326.1975466359395
2321.93842708786
2326.472115972458
2317.7605800633914
2323.0806355277787
2317.5870522427103
2323.713243279118
2322.3777380262914
2331.524191764404
2325.747252924049
2325.022389875639
2315.2499180502637
2320.7786462104054
2317.051092897827
2324.596258265362
2320.2382937561356
2325.5912975409055
2323.3354358720685
2327.592358865456
2320.8050048667114
2326.9663407781914
2321.841778681404
2324.6533686873568
2314.742513916377
2323.689081177504
2323.30688066107
2330.6697319891564
2323.251966793766
2328.4709807423146
2321.4288263992817
2327.7285452563683
2323.423298059754
2332.68616919655
2322.8148524100275
2324.927938023876
2313.7760298518297
2321.5013127041225
2320.7149461243334
2324.7522136485063
2321.4002711882854
2320.83356007771
2317.8879802355355
2323.087225191855
2321.747326829643
2326.355698573775
2318.2899497441995
2319.509037598343
2314.8523416509843
2323.451853270751
2322.773117870877
2325.2090970244717
2314.60193441608
2317.1060067651306
2312.060520637261
2319.8802553413157
2313.4201879917023
2321.8307959079452
2316.4799886778674
2319.3574753245844
2312.8293147795134
2318.887412620464
2318.0900632672137
2328.453408304778
2323.4408704972907
2323.535322349053
2310.977619174031
2316.4448438027925
2321.387091860131
2332.6488277667845
2326.3073743705468
2321.198188156605
2310.606401431057
2316.3723574979517
2315.6123495744673
2322.80606619126
2316.8182581004585
2320.066962490149
2313.409205218242
2316.4975611154055
2314.127478602575
2320.4008388033567
2313.5783399295374
2316.870975413071
2309.1412994513935
2313.940771453742
2310.0858179690176
2315.9066879032166
2316.697447592391
2323.50017747398
2318.652381268403
2321.5803886730396
2318.3294877286585
2323.768157146423
2316.0560536222833
2316.4404506934093
2313.3103602570945
2323.346418645529
2322.7643316521085
2325.0487485319454
2317.1960655075086
2314.7359242523003
2309.8485900622654
2318.208677220589
2315.2169697298805
2321.6902164076478
2311.236812627705
2316.0846088332814
2310.8524155565788
2320.7083564602567
2318.9928472456872
2326.2063328547088
2316.2998711931104
2318.8127297609303
2313.7342953126795
2323.864805552876
2324.508396077677
2329.2222024470307
2321.6287128762674
2318.191104783052
2311.8650272696595
2316.251546989884
2318.696312362247
2326.4721159724586
2321.5672093448866
2318.6721502606324
2309.0051130604793
2314.4371928141677
2315.7507325200736
2324.297526827231
2320.7435013353315
2316.7567545690786
2309.644310475896
2311.2697609480874
2313.8199609456738
2319.9966727399997
2320.576563178727
2323.4694257082897
2318.3997774788077
2321.745130274952
2318.6457916043273
2325.8482944398875
2315.4937356210917
2322.401900127904
2314.1142992744212
2322.448027776439
2315.245524940878
2324.927938023876
2316.701840701773
2317.4201140861064
2307.880477058099
2316.5964060765514
2317.7913318290816
2326.05477058095
2318.1757289002066
2316.976410038292
2306.6635857586475
2311.4147335577686
2312.313124426858
2318.263591087894
2319.7221034034815
2319.768231052017
2312.1527759343317
2313.9407714537415
2314.7469070257607
2320.789628983867
2313.824354055058
2316.6007991859365
2317.2949104686545
2323.941684967102
2319.517823817111
2326.204136300015
2321.0114810077716
2323.6715087399666
2317.1125964292073
2323.9592574046387
2326.931195903118
2334.0831779807572
2323.284915114147
2320.919225710701
2313.2334808428695
2323.76596059173
2323.0828320824717
2326.1821707530958
2321.141077734611
2322.364558698139
2321.0663948750785
2322.806066191262
2320.602921835035
2323.6253810914327
2318.5030155493373
2321.024660335926
2317.0950239916697
2323.5309292396705
2321.8110269157164
2326.5292263944543
2320.5567941864974
2318.929147159614
2307.744290667186
2316.2537435445756
2314.0418129695804
2325.2200797979326
2319.825341474012
2322.0877928069262
2314.8281795493704
2321.7077888451836
2323.6759018493503
2327.978952491273
2315.1928076282675
2315.219166284573
2309.650900139972
2318.5711087447944
2317.80011804785
2324.042726482941
2320.023031396306
2324.2755612803085
2314.7425139163765
2325.13661071963
2320.251473084288
2334.5598303489537
2324.2162543036193
2331.1354015838915
2320.299797287516
2324.8312896174216
2322.289875838604
2332.014023460752
2325.8812427602693
2326.171187979632
2315.2257559486484
2320.1021073652223
2316.600799185936
2325.231062571394
2321.800044142254
2321.6001576652693
2315.0851764483523
2319.3486891058164
2316.68646481893
2326.4084158863857
2321.360733203823
2323.8779848810277
2312.63162485722
2318.026363181141
2316.183453794427
2322.0877928069276
2312.376824512931
2309.978186789103
2302.977766985219
2312.794169904439
2315.625528902621
2321.9669822988594
2317.4530624064905
2319.715513739405
2315.4300355350197
2317.6243936724786
2311.8584376055837
2319.3157407854333
2312.348269301932
2313.1016875613395
2302.9184600085314
2314.562396431619
2309.6047724914356
2317.490403836255
2303.5884091896364
2309.7343692182735
2301.132661043813
2314.5953447520023
2313.0379874752675
2322.8631766132553
2311.8474548321215
2315.06321090143
2307.4082177992864
2311.8760100431205
2308.122098074235
2315.2630973784158
2310.4240873916083
2314.046206078964
2308.363719090372
2312.308731317474
2310.8941500957294
2314.907255518289
2314.836965768139
2316.403109263643
2308.34175354345
2306.544971805272
2303.3094467437345
2308.2231395900744
2303.6411265022484
2301.883882748528
2301.005260871668
