2356.885612239973
2348.591421722413
2348.942870473157
2343.319690461252
2354.1443119841692
2350.5595347265794
2353.792863233425
2351.192142477919
2357.6587994916104
2355.760976237592
2360.8921279984556
2354.214601734318
2360.1892304969674
2352.8790964814903
2428.7920266422125
2424.504351883135
2432.798542400695
2354.917499235806
2366.4450182602122
2359.556622745628
2370.5921135189924
2359.8377817462233
2368.694290264974
2358.5725662435448
2363.9145872548547
2355.9718454880385
2368.4834210145277
2361.7356050002413
2370.73269301929
2360.470389497563
2363.844297504706
2353.8631529835743
2358.924014994289
2356.3232942387826
2367.288495261998
2359.134884244735
2362.0167640008367
2353.722573483276
2365.601541258426
2367.0073362614025
2370.1000852679504
2360.681258748009
2356.745032739675
2351.8950399794066
2360.1189407468187
2361.102997248902
2367.5696542625933
2355.198658236401
2360.61096899786
2352.8088067313415
2362.2276332512834
2366.4450182602122
2374.5283395273264
2363.422559003813
2353.089965731937
2342.687082709912
2353.019675981788
2352.246488730151
2362.7196615023254
2351.1921424779193
2353.230545232235
2344.303746963335
2350.770403977026
2349.0131602233055
2354.214601734318
2349.9972167253895
2348.942870473157
2341.4218672072334
2352.387068230449
2351.262432228068
2355.128368486253
2348.6617114725614
2354.1443119841692
2349.7160577247937
2354.636340235211
2350.700114226877
2359.486332995479
2348.9428704731567
2348.8022909728593
2341.9138954582754
2351.8247502292584
2353.0899657319374
2357.3776404910145
2347.888524220925
2351.543591228663
2349.5051884743475
2361.6653152500926
2354.1443119841692
2366.374728510063
2353.7928632334247
2356.253004488634
2339.24288495262
2349.153739723603
2345.428382965716
2355.760976237592
2348.591421722413
2352.457357980598
2342.616792959763
2351.192142477919
2348.0291037212223
2355.4798172369965
2346.131280467204
2348.521131972264
2342.054474958573
2348.6617114725614
2345.9907009669064
2353.5819939829785
2343.7414289621443
2349.7160577247937
2341.6327364576796
2354.2848914844667
2345.9204112167577
2353.792863233425
2344.7254854642283
2348.16968322152
2338.6805669514297
2348.16968322152
2345.1472239651207
2356.8153224898247
2344.2334572131863
2349.505188474347
2340.5783902054477
2349.716057724794
2345.7095419663115
2354.2848914844667
2346.342149717651
2354.566050485062
2346.4827292179484
2354.636340235211
2343.6711392119955
2348.872580723008
2346.131280467204
2352.9493862316394
2347.185626719436
2350.348665476133
2348.16968322152
2354.917499235806
2343.600849461847
2343.179110960954
2339.032015702174
2351.0515629776214
2349.7160577247937
2357.9399584922053
2351.403011728365
2356.112424988336
2346.623308718246
2354.6363402352113
2347.8182344707757
2351.192142477919
2342.054474958573
2349.434898724199
2342.757372460061
2351.1921424779193
2349.8566372250916
2358.9943047444376
2350.840693727175
2350.910983477324
2340.2269414547036
2347.1856267194366
2343.7414289621443
2352.5276477307466
2342.5465032096145
2346.834177968692
2339.4537542030666
2349.505188474347
2344.0225879627396
2354.636340235211
2345.5689624660135
2347.185626719436
2336.993612947858
2340.929838956192
2341.1407082066385
2342.82766221021
2336.220425696221
2338.821146451727
2339.945782454108
2345.6392522161627
2342.1247647087216
2341.8436057081267
2338.961725952025
2340.578390205448
2335.72839744518
2346.342149717651
2341.7030262078288
2352.5979374808953
2339.664623453513
2341.9841852084237
2330.5972456843156
2340.297231204853
2338.188538700388
2347.0450472191383
2338.1885387003877
2340.718969705745
2333.6899946908634
2343.7414289621443
2344.303746963335
2350.2783757259845
2346.2718599675018
2344.0928777128884
2339.24288495262
2338.329118200685
2338.6102772012805
2350.418955226282
2343.319690461252
2345.850121466609
2335.798687195328
2345.1472239651207
2340.5783902054477
2341.4218672072334
2337.8370899496435
2337.9073796997927
2332.354489438036
2333.3385459401193
2336.3610051965184
2348.7320012227106
2342.82766221021
2341.913895458275
2333.9711536914588
2341.913895458275
2341.4218672072334
2345.850121466609
2338.961725952025
2342.265344209019
2335.939266695626
2344.163167463037
2338.1885387003877
2339.945782454108
2332.6356484386315
2339.453754203066
2335.7986871953276
2340.6486799555964
2338.5399874511318
2345.428382965716
2340.297231204852
2338.3291182006856
2332.7762279389285
2337.555930949048
2334.955210193542
2338.3994079508343
2332.70593818878
2340.297231204852
2338.891436201876
2343.4602699615493
2335.447238444584
2341.63273645768
2336.0798461959234
2338.3994079508348
2329.7537686825303
2341.4218672072334
2341.140708206638
2349.3646089740496
2341.0704184564893
2345.5689624660135
2338.469697700983
2344.303746963335
2341.1407082066385
2350.348665476133
2339.24288495262
2340.8595492060426
2328.4885531798514
2337.3450616986015
2336.2907154463696
2339.8754927039595
2336.2907154463696
2334.392892192352
2331.4407226861017
2338.118248950239
2339.453754203066
2345.77983171646
2336.431294946667
2334.533471692649
2330.878404684911
2338.821146451727
2340.718969705745
2340.2269414547036
2329.5428994320832
2332.7059381887802
2327.785655678363
2335.728397445179
2328.066814678958
2337.2044821983045
2332.7762279389294
2336.220425696221
2329.6834789323816
2336.4312949466675
2335.5878179448814
2346.3421497176505
2339.594333703364
2339.2428849526204
2326.0987016747913
2332.4950689383336
2336.8530334475604
2348.3102627218177
2342.405923709317
2336.993612947858
2325.6769631738985
2332.354489438036
2330.808114934762
2338.9617259520246
2329.4023199317858
2335.025499943691
2327.4342069276186
2332.0030406872916
2328.55884293
2336.5015846968163
2326.9421786765774
2331.9327509371433
2322.0921859163086
2330.456666184018
2326.590729925833
2332.776227938929
2332.0030406872916
2337.5559309490486
2334.322602442203
2339.313174702769
2334.8146306932445
2339.313174702769
2332.354489438036
2332.1436201875895
2329.9646379329765
2338.6102772012805
2336.3610051965184
2338.750856701578
2330.1755071834227
2329.9646379329765
2325.4660939234523
2333.549415190566
2332.354489438036
2338.750856701578
2329.4023199317858
2332.9870971893756
2327.082758176875
2335.447238444584
2335.025499943691
2342.4059237093165
2334.7443409430957
2335.2363691941373
2331.3704329359525
2340.6486799555964
2341.0001287063405
2342.8979519603586
2334.322602442203
2331.5110124362504
2324.9740656724102
2330.3863764338694
2333.6899946908634
2342.19505445887
2337.626220699197
2335.7986871953276
2328.4182634297017
2332.354489438036
2333.619704940715
2340.2972312048523
2335.376948694435
2332.0030406872916
2323.77913991988
2327.1530479270236
2327.082758176875
2335.376948694435
2337.0639026980066
2339.734913203662
2334.674051192947
2337.9776694499415
2334.9552101935424
2341.0704184564893
2328.840001930595
2339.7349132036616
2330.8081149347618
2340.718969705745
2331.370432935953
2340.2269414547036
2331.370432935953
2331.651591936548
2324.4820374213687
2335.447238444584
2336.993612947858
2346.6935984683946
2338.6102772012805
2336.4312949466675
2324.060298920476
2326.520440175684
2330.526955934167
2335.728397445179
2339.383464452918
2333.689994690864
2327.5044966777677
2328.2073941792564
2331.1595636855063
2338.3994079508348
2330.105217433274
2334.463181942501
2332.70593818878
2339.1023054523225
2334.182022941905
2341.9138954582754
2339.8052029538107
2340.297231204853
2333.6197049407147
2336.782743697411
2342.8276622102094
2349.856637225091
2340.226941454703
2335.939266695626
2326.309570925238
2336.0798461959234
2336.642164197114
2341.421867207234
2338.469697700983
2339.1725952024717
2338.7508567015784
2341.4218672072334
2338.3291182006856
2338.6102772012805
2333.9711536914588
2336.8530334475604
2333.689994690864
2338.188538700388
2338.118248950239
2344.303746963335
2337.5559309490486
2335.166079443989
2325.3255144231543
2331.3001431858042
2330.0349276831253
2339.8052029538107
2338.04795920009
2339.1023054523225
2331.5110124362504
2337.5559309490486
2340.43781070515
2344.6551957140787
2332.424779188185
2331.651591936548
2325.255224673005
2332.7762279389285
2330.2457969335715
2338.258828450537
2334.182022941906
2340.508100455299
2329.824058432679
2341.210997956787
2336.993612947858
2351.332721978217
2340.6486799555964
2348.2399729716685
2338.7508567015784
2342.7573724600607
2338.6102772012805
2349.224029473752
2345.850121466609
2345.9907009669064
2333.197966439822
2334.8849204433936
2330.526955934167
2336.5015846968163
2334.6037614427983
2333.0573869395243
2330.1755071834227
2335.025499943691
2335.1660794439886
2341.773315957977
2335.65810769503
2338.750856701578
2329.050871181042
2333.3385459401197
2329.1914506813396
2334.3928921923516
2326.2392811750888
2322.58421416735
2316.398716154254
2323.8494296700296
2328.207394179256
2332.0733304374407
2329.1914506813396
2329.1211609311904
2327.6450761780657
2326.80159917628
2323.497980919285
2327.434206927619
2321.6001576652675
2321.0378396640767
2313.657415898451
2326.80159917628
2320.756680663481
2328.840001930595
2313.7979953987488
2321.951606416011
2309.791479640266
2323.638560419583
2320.1240729121423
2332.8465176890777
2320.2646524124393
2324.341457921071
2315.6255289026176
2323.497980919285
2319.4914651608024
2326.6610196759816
2318.0153804076776
2321.1081294142255
2315.695818652767
2319.7726241613977
2318.7182779091654
2323.287111668839
2322.724793667648
2326.520440175684
2316.609585404701
2317.453062406487
2312.111041395177
2316.5392956545525
2313.165387647409
2310.2132181411584
2306.276992132825
