2363.00082050292
2353.652283733127
2353.5117042328297
2345.076934214972
2354.4254709847646
2348.9428704731567
2353.5819939829785
2352.176198980002
2359.275463745033
2356.112424988336
2361.595025499944
2356.3232942387826
2364.4769052560455
2358.9240149942884
2433.9231784030767
2428.4405778914684
2434.2746271538203
2357.237060990717
2369.608057016909
2365.882700259022
2373.6145727753915
2362.579082002027
2368.7645800151226
2362.4385025017295
2365.742120758724
2358.291407242949
2369.0457390157185
2364.1957462554496
2371.716749521373
2360.1189407468187
2364.617484756343
2355.2689479865503
2365.4609617581286
2359.978361246521
2372.0681982721176
2359.486332995479
2361.876184500539
2350.2080859758357
2363.5631385041106
2367.0073362614025
2375.231237028814
2365.250092507682
2361.384156249497
2354.917499235806
2363.2819795035157
2365.039223257236
2369.53776726676
2358.5725662435448
2360.400099747414
2355.5501069871457
2360.5406792477115
2364.898643756938
2371.013852019885
2365.882700259022
2358.502276493396
2347.045047219139
2355.3392377366995
2354.355181234616
2364.7580642566404
2353.300834982383
2354.1443119841692
2345.3580932155674
2350.1377962256865
2351.4030117283655
2358.2914072429494
2354.6363402352113
2350.700114226877
2343.6711392119955
2356.3232942387826
2355.8312659877406
2359.134884244735
2347.7479447206265
2352.738516981193
2351.543591228663
2359.3457534951817
2354.917499235806
2359.205173994884
2348.16968322152
2350.5595347265794
2345.0066444648232
2356.745032739676
2354.6363402352113
2357.4479302411637
2347.4667857200316
2353.8631529835743
2351.192142477919
2363.0008205029203
2355.9718454880385
2369.889216017504
2358.5725662435448
2359.978361246521
2342.405923709317
2352.668227231044
2348.661711472562
2359.275463745033
2347.326206219734
2351.0515629776214
2339.8052029538107
2350.418955226282
2347.747944720627
2355.90155573789
2348.16968322152
2350.4892449764307
2343.882008462442
2351.965329729556
2347.6073652203295
2357.799378991908
2347.2559164695854
2353.5117042328297
2343.530559711698
2350.840693727175
2345.9204112167577
2354.917499235806
2346.763888218544
2347.607365220329
2341.4218672072334
2353.230545232235
2350.840693727175
2357.729089241759
2344.514616213781
2349.153739723603
2339.524043953215
2349.36460897405
2344.58490596393
2354.566050485062
2346.9747574689895
2355.8312659877406
2347.0450472191387
2354.1443119841692
2346.342149717651
2352.2464887301508
2348.661711472561
2353.2305452322344
2348.16968322152
2351.7544604791096
2349.645767974645
2355.2689479865503
2345.428382965716
2343.179110960954
2337.2747719484537
2350.0675064755383
2349.786347474943
2360.1892304969674
2349.9269269752403
2353.230545232235
2343.3899802114006
2355.128368486253
2350.5595347265794
2355.5501069871457
2343.038531460656
2350.7704039770265
2341.6327364576796
2355.128368486253
2353.722573483276
2364.2660360055984
2352.0356194797046
2350.9109834773235
2341.00012870634
2349.083449973454
2344.936354714674
2351.7544604791096
2341.492156957382
2343.179110960954
2337.4153514487507
2347.9588139710736
2343.8117187122934
2353.933442733723
2346.1312804672043
2350.418955226282
2340.4378107051502
2343.530559711698
2342.3356339591683
2344.163167463037
2338.7508567015784
2343.179110960954
2340.6486799555964
2346.623308718246
2342.8979519603586
2346.060990717055
2341.562446707531
2341.913895458275
2337.8370899496435
2349.294319223901
2345.850121466609
2354.636340235211
2342.405923709317
2345.358093215567
2337.274771948453
2343.319690461251
2340.5783902054477
2347.3964959698833
2340.226941454704
2344.58490596393
2335.939266695626
2345.9204112167577
2342.757372460061
2350.700114226877
2345.709541966311
2347.5370754701803
2343.038531460656
2342.687082709912
2340.6486799555964
2349.856637225091
2345.5689624660135
2347.115336969288
2336.993612947858
2346.4827292179484
2342.9682417105073
2345.428382965716
2339.664623453513
2338.04795920009
2333.2682561899705
2334.6037614427983
2339.1725952024713
2347.9588139710736
2342.5465032096145
2341.6327364576796
2337.5559309490486
2343.8820084624417
2343.952298212591
2344.725485464228
2338.821146451727
2339.8052029538107
2334.9552101935424
2343.8820084624417
2340.5081004552985
2344.725485464228
2332.916807439227
2336.923323197709
2332.2139099377387
2340.929838956192
2341.281287706936
2349.36460897405
2344.866064964526
2346.131280467204
2337.0639026980066
2341.4218672072334
2333.8305741911613
2341.63273645768
2335.306658944286
2342.1247647087216
2339.594333703364
2345.568962466014
2337.415351448751
2343.8117187122934
2339.24288495262
2342.1950544588703
2331.089273935357
2338.3291182006856
2339.1725952024713
2348.2399729716685
2341.492156957382
2345.850121466609
2337.4856411989
2344.655195714079
2340.6486799555964
2349.645767974645
2338.539987451132
2340.156651704555
2327.5044966777677
2336.220425696221
2337.1341924481558
2345.498672715865
2341.281287706936
2341.4218672072334
2335.65810769503
2341.7030262078283
2341.4218672072334
2346.060990717055
2336.220425696221
2334.322602442203
2331.0189841852084
2339.3834644529175
2338.750856701578
2339.1023054523225
2328.629132680149
2331.4407226861013
2329.5428994320832
2339.3131747027687
2333.619704940715
2338.750856701579
2332.495068938334
2332.7762279389294
2327.3639171774703
2335.025499943691
2335.5175281947327
2346.131280467204
2339.1725952024713
2338.04795920009
2326.0987016747913
2331.51101243625
2339.945782454108
2350.629824476728
2345.850121466609
2339.664623453513
2329.261740431488
2333.90086394131
2329.4023199317858
2335.0957896938403
2330.878404684911
2335.5175281947327
2331.721881686697
2332.073330437441
2330.0349276831253
2334.322602442203
2329.332030181637
2334.4631819425003
2327.7856556783627
2333.3385459401197
2326.590729925833
2330.3160866837206
2328.0668146789585
2336.923323197709
2333.0573869395243
2338.469697700983
2334.322602442203
2340.859549206043
2331.229853435655
2333.479125440417
2330.526955934167
2341.7030262078283
2340.9298389561914
2342.9682417105073
2333.619704940715
2332.846517689078
2328.4885531798514
2338.7508567015784
2331.5110124362504
2334.8849204433936
2326.309570925238
2334.5334716926495
2329.894348182828
2339.1023054523225
2334.8146306932445
2343.8117187122934
2328.629132680149
2331.4407226861017
2327.5747864279165
2342.265344209019
2345.5689624660135
2348.9428704731567
2339.8052029538107
2335.2363691941378
2329.050871181042
2334.322602442203
2336.2907154463696
2345.7095419663115
2340.6486799555964
2338.8211464517276
2328.629132680149
2334.1117331917567
2333.3385459401193
2341.0704184564893
2338.118248950239
2333.197966439822
2326.239281175089
2326.309570925238
2330.034927683125
2332.284199687887
2333.0573869395243
2336.29071544637
2333.689994690864
2337.9073796997927
2334.182022941905
2340.5081004552985
2331.3001431858033
2337.2044821983045
2330.526955934167
2336.8530334475604
2329.4726096819345
2339.3834644529175
2331.651591936548
2334.8146306932445
2325.5363836736005
2333.90086394131
2335.0957896938403
2345.2175137152694
2336.431294946667
2334.8146306932445
2323.6385604195825
2330.105217433274
2331.8624611869946
2337.8370899496435
2338.6805669514292
2337.063902698007
2328.980581430893
2328.7697121804467
2332.14362018759
2338.8914362018763
2334.8146306932445
2337.5559309490486
2336.923323197709
2342.8979519603586
2338.5399874511318
2345.2878034654186
2340.0863619544057
2342.265344209019
2335.728397445179
2342.335633959168
2343.6711392119955
2350.2783757259845
2341.281287706936
2338.6102772012805
2331.3001431858033
2339.5240439532154
2340.1566517045544
2342.82766221021
2337.8370899496435
2336.3610051965184
2336.642164197114
2339.594333703364
2341.4218672072334
2340.3675209550015
2335.2363691941378
2333.90086394131
2333.6899946908634
2341.281287706936
2340.016072204257
2342.757372460061
2334.5334716926495
2336.1501359460726
2326.3798606753867
2335.025499943691
2330.5972456843156
2339.7349132036616
2334.1820229419054
2335.376948694435
2328.207394179256
2335.65810769503
2338.7508567015784
2341.984185208424
2328.277683929405
2327.785655678363
2322.935662918095
2331.9327509371433
2333.268256189971
2340.4378107051502
2337.1341924481558
2338.3994079508343
2330.5972456843156
2342.6870827099124
2341.0001287063405
2355.3392377366995
2342.9682417105073
2348.2399729716685
2336.5015846968163
2340.929838956192
2338.961725952025
2349.2240294737526
2342.265344209019
2339.4537542030666
2329.2617404314883
2335.2363691941378
2334.5334716926495
2342.0544749585724
2341.00012870634
2341.0001287063405
2333.4088356902685
2334.8849204433936
2333.1979664398223
2345.076934214972
2340.4378107051502
2343.811718712293
2331.089273935357
2336.220425696221
2331.581302186399
2336.0798461959234
2326.8718889264287
2324.6226169216666
2318.155959907975
2326.309570925238
2329.4726096819345
2335.728397445179
2332.635648438631
2331.862461186994
2329.4726096819345
2328.55884293
2325.044355422559
2329.824058432679
2326.590729925833
2323.7791399198804
2314.9929211512776
2324.9037759222615
2322.0921859163086
2328.2073941792564
2311.7595926444333
2318.3668291584218
2310.0023488907123
2326.942178676577
2325.8878324243447
2334.674051192947
2322.3733449169044
2323.4276911691363
2316.7501649049987
2319.702334411249
2318.6479881590167
2324.2008784207733
2319.9834934118444
2322.0218961661603
2318.7885676593146
2322.0921859163086
2323.497980919285
2326.590729925833
2326.9421786765774
2325.6066734237497
2316.7501649049987
2315.625528902618
2312.111041395177
2316.187846903808
2313.938574899046
2311.33785414354
2306.698730633718
