2379.02688353685
2370.73269301929
2370.73269301929
2363.844297504706
2373.825442025838
2367.0073362614025
2373.68486252554
2372.208777772415
2381.9790530431005
2377.9725372846183
2382.330501793845
2376.9181910323855
2383.9471660472677
2379.237752787297
2453.3231494441497
2450.0195311871553
2458.3137217047156
2384.7906430490534
2396.2478723233107
2391.6087488134885
2404.6123525910193
2393.29570281706
2403.276847338192
2391.889907814084
2395.966713322715
2387.602233055006
2399.973229081198
2395.474685071674
2403.768875589234
2390.554402561256
2399.200041829561
2390.4841128111075
2397.8645365767334
2391.749328313786
2400.184098331644
2392.3819360651255
2394.139179818846
2384.36890454816
2397.5130878259893
2399.481200830156
2406.439886094889
2397.6536673262867
2395.9667133227153
2390.0623743102146
2397.794246826584
2399.481200830156
2408.4782888492045
2397.1616390752447
2401.5196035844715
2391.3978795630414
2399.059462329263
2402.7848190871505
2411.430458355455
2399.973229081198
2390.765271811703
2376.918191032386
2389.1486075582798
2387.7428125553033
2399.5514905803047
2389.289187058577
2390.0623743102146
2382.7522402947375
2385.1420917997975
2383.2442685457795
2388.5862895570895
2384.6500635487555
2383.595717296523
2374.6689190276234
2385.4232508003925
2380.924706790868
2385.0718020496483
2373.333413774796
2381.135576041315
2379.589201538041
2389.078317808131
2383.80658654697
2386.266727802178
2376.0747140306
2377.4102192834275
2373.755152275689
2384.4391942983093
2383.4551377962257
2386.477597052625
2375.8638447801536
2382.5413710442913
2379.1674630371476
2390.062374310214
2379.589201538041
2394.49062856959
2385.704409800988
2390.765271811703
2375.3015267789633
2383.173978795631
2380.4326785398266
2391.749328313786
2384.7203532989047
2390.34353331081
2378.3239860353624
2390.624692311405
2387.7428125553033
2398.005116077031
2389.429766558875
2394.560918319739
2389.3594768087264
2396.107292823013
2391.397879563042
2400.2543880817925
2394.139179818846
2400.8869958331325
2392.73338481587
2402.0819215856623
2395.7558440722687
2406.9319143459306
2396.2478723233107
2400.8167060829833
2390.9058513120003
2405.244960342359
2401.3087343340253
2410.6572711038175
2398.07540582718
2403.768875589234
2395.263815821227
2404.682642341169
2400.8869958331325
2411.6413276059016
2402.573949836704
2411.992776356645
2400.8167060829837
2411.4304583554554
2402.433370336407
2410.727560853967
2404.050034589829
2411.008719854562
2406.4398860948886
2414.5934971121515
2411.1492993548595
2415.929002364979
2403.768875589234
2402.7848190871505
2402.3630805862576
2415.2261048634914
2415.8587126148304
2422.6768183792656
2412.34422510739
2418.0376948694434
2407.423942596972
2420.568125874801
2411.6413276059016
2418.318853870039
2405.736988593401
2414.1717586112586
2402.152211335811
2413.3985713596217
2412.976832858729
2428.510867641617
2417.264507617807
2417.0536383673602
2403.4877165886387
2414.10146886111
2410.4464018533713
2418.4594333703367
2406.7913348456327
2407.494232347121
2398.1456955773288
2406.2993065945916
2400.9572855832816
2410.9384301044133
2401.8007625850673
2400.5355470823883
2391.53845906334
2392.3116463149768
2393.2254130669116
2390.976141062149
2383.8065865469703
2387.4616535547084
2386.055858551732
2392.1007770645306
2385.3529610502437
2386.688466303072
2381.2761555416123
2382.3305017938446
2378.1834065350645
2388.2348408063453
2383.4551377962257
2391.608748813489
2381.2761555416128
2381.3464452917615
2371.435590520778
2378.816014286404
2377.9725372846183
2386.2667278021786
2376.777611532088
2379.3080425374455
2371.435590520778
2380.7841272905707
2379.940650288785
2384.6500635487555
2376.847901282237
2378.816014286404
2375.793555030005
2380.362388789678
2379.8703605386363
2388.5159998069407
2380.4326785398266
2381.487024792059
2371.084141770034
2379.2377527872973
2375.3015267789633
2380.643547790273
2376.6370320317906
2378.1131167849157
2371.3653007706293
2375.9341345303023
2377.9022475344696
2390.202953810512
2385.142091799797
2385.352961050244
2380.1515195392312
2386.2667278021786
2385.2123815499467
2386.0558585517324
2379.7297810383384
2382.61166079444
2380.5029682899753
2388.726869057387
2382.8928197950354
2385.4232508003925
2376.847901282237
2384.6500635487555
2378.46456553566
2386.3370175523273
2383.4551377962257
2392.592805315572
2384.2283250478627
2383.5254275463744
2372.4899367730104
2379.518911787892
2375.020367778368
2382.822530044886
2377.058770532683
2380.994996541017
2376.496452531493
2381.41673504191
2373.895731775987
2382.963109545184
2375.5123960294095
2379.518911787892
2364.8986437569383
2376.426162781344
2376.6370320317906
2386.6181765529227
2376.918191032386
2380.6435477902733
2374.176890776582
2383.3145582959282
2381.2058657914636
2390.8355615618516
2377.831957784321
2379.940650288785
2368.7645800151236
2380.1515195392312
2380.292099039529
2387.180494554113
2384.860932799202
2385.2123815499463
2385.774699551137
2390.6246923114054
2390.694982061554
2393.5065720675066
2384.4391942983093
2384.6500635487555
2381.065286291166
2393.29570281706
2395.1232363209297
2397.3022185755426
2385.4232508003925
2387.95368180575
2381.135576041315
2388.375420306643
2378.7457245362552
2386.5478868027735
2379.3080425374455
2381.135576041315
2373.5442830252427
2379.940650288785
2381.065286291166
2391.6087488134885
2385.634120050839
2384.5797737986068
2371.505880270927
2375.793555030005
2379.097173286999
2390.4138230609587
2382.61166079444
2375.5123960294095
2363.352269253664
2367.0073362614025
2365.7421207587236
2368.6240005148256
2362.7196615023254
2362.2276332512834
2356.745032739676
2361.524735749795
2363.1414000032178
2370.1000852679504
2363.071110253069
2364.6877745064917
2357.1667712405683
2361.3841562494977
2358.6428559936935
2365.5312515082774
2366.4450182602122
2373.052254774201
2368.764580015123
2371.0841417700344
2370.73269301929
2376.2152935308977
2368.413131264379
2367.7102337628908
2365.601541258426
2377.26963978313
2377.8319577843204
2378.1834065350645
2373.333413774796
2368.624000514825
2362.227633251283
2369.0457390157185
2366.937046511254
2373.755152275689
2361.5247357497947
2363.844297504706
2357.377640491015
2363.9848770050035
2363.2116897533665
2369.889216017504
2360.470389497563
2358.8537252441397
2353.5117042328297
2362.297923001432
2365.320382257831
2371.084141770034
2363.0008205029203
2357.0964814904196
2349.2240294737517
2354.4957607349133
2359.0645944945863
2364.6877745064917
2358.2211174928007
2353.933442733723
2346.9044677188413
2352.3167784803004
2351.7544604791096
2359.486332995479
2357.1667712405683
2356.955901990122
2348.099393471371
2348.099393471371
2350.910983477324
2359.4160432453305
2359.2051739948843
2360.1189407468187
2355.479817236997
2362.0870537509854
2357.377640491015
2364.266036005599
2353.8631529835734
2361.1029972489023
2349.8566372250916
2358.4319867432473
2353.0899657319374
2365.1798027575337
2356.0421352381873
2354.70662998536
2343.952298212591
2352.808806731342
2354.1443119841692
2362.579082002027
2356.323294238782
2355.2689479865503
2345.9907009669064
2348.099393471371
2349.8566372250916
2355.198658236402
2357.799378991908
2357.3073507408662
2351.0515629776214
2350.5595347265803
2352.8790964814903
2358.291407242949
2353.7225734832764
2355.479817236997
2353.8631529835743
2359.9080714963725
2354.495760734914
2361.946474250688
2358.2211174928
2361.595025499944
2357.518219991313
2363.1414000032178
2366.445018260212
2372.9116752739033
2365.1798027575333
2360.400099747414
2352.5276477307466
2359.978361246521
2362.719661502325
2365.4609617581286
2360.6109689978603
2363.071110253069
2362.368212751581
2366.726177260807
2362.4385025017295
2369.0457390157185
2362.157343501134
2365.6718310085757
2359.9080714963725
2366.5153080103614
2365.601541258426
2370.9435622697365
2363.844297504706
2364.336325755748
2352.8790964814907
2363.422559003813
2361.8058947503905
2376.777611532088
2372.981965024052
2375.8638447801536
2366.163859259617
2373.966021526135
2375.301526778963
2381.4870247920594
2368.2725517640815
2372.4196470228617
2365.9529900091707
2376.2152935308977
2374.4580497771776
2382.9631095451846
2380.784127290571
2386.407307302476
2376.4261627813444
2387.4616535547084
2379.65949128819
2394.6312080698876
2382.400791543994
2388.656579307238
2375.723265279856
2379.6594912881897
2377.8319577843204
2389.0080280579823
2384.017455797416
2383.244268545779
2372.5602265231596
2378.46456553566
2376.3558730311956
2383.3145582959282
2377.8319577843204
2375.5123960294095
2368.553710764677
2374.458049777177
2371.224721270332
2381.2058657914636
2372.0681982721176
2375.020367778368
2359.9080714963725
2363.071110253069
2358.2914072429494
2364.6877745064917
2355.4095274868478
2351.2624322280676
2338.8914362018754
2346.4124394677992
2347.5370754701803
2353.7225734832764
2348.099393471371
2347.185626719436
2341.492156957382
2341.3515774570847
2334.6037614427983
2339.1725952024713
2330.4566661840176
2330.737825184613
2321.8110269157137
2332.5653586884823
2327.7153659282144
2333.2682561899705
2317.804511157231
2323.7791399198804
2315.8363981530642
2328.418263429702
2325.817542674196
2335.09578969384
2325.1849349228564
2327.2233376771724
2318.577698408868
2321.951606416011
2317.87480090738
2324.341457921071
2319.3508856605044
2324.9740656724102
2320.7566806634813
2324.763196421964
2321.389288414821
2323.919719420178
2323.919719420178
2324.6929066718153
2318.8588574094633
2317.312482906189
2315.344369902022
2320.3349421625885
2314.7117621506836
2313.587126148302
2314.2900236497903
